"id","frame","x [nm]","y [nm]","sigma [nm]","intensity [photon]","offset [photon]","bkgstd [photon]","chi2","uncertainty_xy [nm]"
1,1,9983.821,39259.675,52.327,241.293,201.084,7.601,19066747.417,11.217
2,1,10252.708,39414.396,167.667,7621.88,0,11.375,42706886.448,5.379
3,1,10475.712,37730.774,243.463,15035.729,0,8.506,23877990.39,4.959
4,1,10386.736,39090.779,276.523,19793.646,0,7.984,21035334.839,4.782
5,1,10583.554,37241.639,169.636,7629.334,0,7.933,20766767.005,4.719
6,1,10636.24,33714.493,136.994,2667.914,130.624,9.589,30344056.405,8.091
7,1,10738.924,35784.991,97.392,1123.356,149.116,2.643,2304861.321,6.208
8,1,10769.366,35418.789,79.973,507.759,229.473,10.004,33028006.58,13.877
9,1,10790.165,36801.921,312.689,28602.131,0,5.057,8438352.254,3.988
10,1,10720.293,38558.145,5.217,118.98,226.869,8.245,22434396.996,3.996
11,1,10803.095,33041.978,199.491,8876.84,0,13.162,57172227.016,6.762
12,1,10992.275,37778.888,160.768,7596.162,0,6.766,15109397.42,4.228
13,1,11179.509,36755.025,198.781,11805.884,0,9.24,28176356.785,4.58
14,1,11277.759,35161.516,81.701,730.341,205.089,7.809,20123558.181,9.082
15,1,11299.38,36027.226,184.305,10989.533,0,6.925,15827043.1,3.999
16,1,11654.994,9573.953,79.286,304.579,20.564,4.933,8030548.308,13.307
17,1,12190.288,9868.064,119.523,884.177,0,4.295,6088667.871,10.247
18,1,21724.189,30577.355,155.643,4479.639,0,16.902,94273712.594,9.455
19,1,22143.626,29749.322,203.069,6591.319,0,5.668,10602820.265,5.911
20,1,22648.059,29476.209,212.874,7527.984,0,7.849,20331398.812,6.463
21,1,22672.309,30153.266,172.26,6200.144,0,5.827,11204539.992,5.035
22,1,23353.244,29133.002,224.12,7257.692,0,6.532,14081354.808,6.618
23,1,23312.324,29805.875,200.028,4946.634,0,8.304,22754200.014,8.265
24,1,23718.575,28958.448,180.768,3990.886,0,6.071,12163941.734,7.245
25,1,24087.179,28957.338,72.528,289.719,77.573,5.179,8851366.181,12.479
26,1,26676.993,13276.1,232.498,10710.599,0,8.503,23859237.673,5.892
27,1,26692.867,12700.71,190.305,8321.28,0,10.439,35963732.83,5.822
28,1,26962.325,13999.222,10.376,92.947,180.13,11.659,44860595.815,6.75
29,1,27104.524,13089.825,191.39,6875.373,0,11.226,41586598.066,7.065
30,1,27211.365,14351.106,196.548,8244.533,0,9.843,31971875.755,5.974
31,1,27450.985,13633.346,264.988,11854.323,0,8.084,21565652.368,6.458
32,1,27480.079,14872.835,60.817,364.417,215.936,8.034,21298382.796,10.346
33,1,27761.095,15211.796,185.394,7044.226,0,7.95,20859501.848,5.614
34,1,28193.42,14759.219,184.751,8624.786,0,10.235,34568242.005,5.38
35,1,28199.503,15710.76,220.265,11341.887,0,9.783,31587024.089,5.566
36,1,28375.568,15039.71,54.497,230.416,218.905,10.562,36816871.165,15.576
37,1,28880.453,16115.476,192.66,6587.804,0,8.732,25160715.894,6.468
38,1,32449.029,26206.78,221.398,6744.335,0,5.697,10711315.438,6.523
39,1,32675.417,26200.08,120.041,1360.282,54.275,6.826,15375464.721,9.273
40,1,33050.506,26460.481,87.161,445.778,65.634,3.696,4508918.318,10.209
41,1,33082.156,27383.231,49.017,127.743,128.67,3.709,4539636.696,11.595
42,1,33278.951,27679.68,6.594,70.006,100.63,8.431,23458285.269,6.155
43,1,33442.322,26806.3,198.363,4682.68,0,8.648,24682256.403,8.703
44,1,33865.769,27323.607,158.762,2730.558,0,5.32,9338655.014,7.51
45,1,34639.637,29437.895,4.375,112.808,106.155,3.245,3474141.929,3.322
46,1,35003.676,29876.738,183.823,5021.207,0,4.274,6027504.521,5.783
47,1,35264.845,30178.141,128.576,2386.407,27.7,4.537,6793286.121,5.996
48,1,35453.53,28045.913,98.18,479.199,63.218,3.421,3863262.004,11.046
49,1,35618.031,27366.225,148.447,1348.971,44.17,1.472,715540.253,8.368
50,1,35605.641,29659.319,167.988,4945.509,0,6.825,15371799.996,5.917
51,1,35636.479,30551.11,144.205,2053.348,0,5.914,11542037.483,8.354
52,1,35819.228,26142.069,235.444,7299.387,0,3.671,4447273.85,6.028
53,1,35917.73,24680.472,35.82,95.034,72.161,3.984,5239236.69,10.163
54,1,35850.832,29052.203,155.954,2615.7,0,3.222,3426626.534,6.665
55,1,35991.578,27709.232,80.892,426.663,81.717,3.604,4286474.499,9.49
56,1,35960.33,28452.915,100.297,921.195,37.009,2.684,2376938.194,7.182
57,1,35952.837,30456.127,143.6,2073.612,0,7.127,16761809.302,8.988
58,1,37189.712,26165.842,197.578,2717.356,0,3.687,4486400.178,8.924
59,2,9945.477,39242.258,98.275,1377.789,133.127,4.536,6789033.592,6.088
60,2,10096.549,38867.014,207.026,13204.409,0,6.51,13984404.905,4.059
61,2,10184.425,38548.814,205.323,12688.798,0,13.725,62170796.702,5.464
62,2,10502.556,33113.927,189.18,5518.395,0,7.833,20246551.645,6.822
63,2,10503.121,37746.944,273.48,18308.913,0,7.936,20786882.871,4.954
64,2,10637.706,37161.648,42.297,134.207,226.808,6.272,12984113.355,11.934
65,2,10754.246,36772.379,230.244,16285.33,0,11.336,42407180.656,4.877
66,2,10729.424,38580.852,181.539,8968.676,0,11.091,40592243.675,5.291
67,2,10800.583,33055.19,228.108,10173.096,0,6.439,13681348.948,5.381
68,2,11221.675,34757.486,169.567,10067.316,0,9.267,28342665.791,4.128
69,2,11201.42,36681.279,177.73,8924.733,0,6.009,11916648.888,4.212
70,2,11284.642,36048.728,190.176,11871.983,0,6.202,12695157.93,3.872
71,2,11600.896,9527.524,4.569,34.466,38.582,4.159,5709357.373,7.155
72,2,21680.92,30583.863,178.822,6067.945,0,4.012,5311725.399,4.959
73,2,21958.341,29824.393,167.14,4449.182,0,11.218,41533504.339,8.071
74,2,22626.08,29434.015,195.378,6173.943,0,6.828,15385429.314,6.236
75,2,22677.526,30182.676,210.737,8026.75,0,8.301,22738347.532,6.233
76,2,23198.467,29919.268,3.544,72.544,103.545,10.048,33319551.636,6.178
77,2,23479.432,29101.979,173.567,5204.3,0,7.398,18062992.687,6.153
78,2,23760.144,29515.017,9.963,63.125,146.951,9.263,28315074.967,7.877
79,2,24060.882,28967.98,136.656,1123.471,62.139,7.032,16319278.456,13.363
80,2,26955.43,13840.322,5.46,78.626,188.235,7.461,18372898.896,5.168
81,2,27100.539,13159.075,47.908,96.524,155.365,11.34,42436148.266,29.838
82,2,27196.134,14360.774,205.343,8598.768,0,11.323,42310828.451,6.646
83,2,27424.445,14756.534,114.969,2238.218,110.049,11.575,44215688.294,7.922
84,2,27446.958,13569.823,180.281,5807.948,0,10.53,36593648.893,7.088
85,2,27754.684,15217.255,179.798,6680.594,0,11.859,46409501.428,6.766
86,2,27759.605,14222.361,214.449,7998.19,0,11.116,40781942.653,7.45
87,2,28172.29,14789.513,206.076,10258.598,0,11.034,40179252.832,5.758
88,2,28195.771,15706.93,176.816,8003.71,0,9.148,27619196.738,5.084
89,2,28380.134,15043.373,104.759,952.446,192.429,11.512,43737652.568,13.967
90,2,28658.755,15321.317,127.366,2155.412,75.986,4.168,5732432.676,6.192
91,2,28907.081,16097.725,226.677,8313.945,0,9.352,28861633.943,7.155
92,2,32696.561,26172.339,188.39,4817.994,0,5.88,11411826.735,6.663
93,2,32854.557,27157.907,96.144,552.25,97.932,8.189,22132880.933,15.12
94,2,33043.148,26506.136,208.185,4984.566,0,4.489,6650129.751,6.837
95,2,33360.216,27756.815,9.745,88.12,86.3,9.368,28960767.73,6.032
96,2,33759.38,28160.417,6.596,79.25,105.293,5.76,10948938.432,4.784
97,2,34704.42,29468.502,165.122,4125.413,0,8.892,26094998.326,7.368
98,2,34718.495,28563.56,234.236,6706.204,0,8.776,25417258.112,8.577
99,2,34876.061,29761.365,181.932,4638.212,0,8.012,21184638.239,7.397
100,2,35546.782,29587.496,190.18,6124.454,0,7.187,17045624.813,6.162
101,2,35520.267,30400.492,9.317,47.627,95.443,4.355,6257897.684,6.611
102,2,35686.726,27304.635,112.779,346.188,76.038,3.429,3881269.637,16.758
103,2,35876.366,29030.848,47.856,86.189,75.791,6.084,12216713.821,19.994
104,2,35860.693,30493.849,155.868,2622.799,0,6.289,13053427.369,8.033
105,2,35984.727,24630.447,132.323,1600.977,34.35,4.474,6604834.072,7.971
106,2,35999.915,27761.481,9.039,68.656,114.282,3.636,4362614.753,4.976
107,2,36533.127,28643.742,159.386,2433.424,0,4.164,5721539.477,7.549
108,2,37205.59,26192.085,109.199,942.45,26.106,6.001,11882521.505,9.973
109,3,9939.039,39242.636,239.252,13805.236,0,11.976,47334706.274,6.008
110,3,10083.256,38899.37,43.627,125.828,249.168,5.281,9204124.112,11.886
111,3,10190.643,38530.494,168.654,9394.03,0,11.927,46948250.931,4.755
112,3,10411.704,37808.044,191.743,9096.851,0,11.929,46959759.177,5.894
113,3,10559.719,37434.113,6.233,105.412,203.273,13.135,56933570.017,5.724
114,3,10624.65,33708.712,51.152,200.302,201.578,3.931,5098382.69,9.183
115,3,10631.645,37095.974,238.305,14447.671,0,12.071,48084113.825,5.791
116,3,10732.217,34763.519,148.553,4358.369,97.023,9.045,27000098.309,6.109
117,3,10626.429,38835.078,200.82,10427.948,0,5.076,8502047.344,4.297
118,3,10719.793,38576.586,225.321,13129.789,0,7.343,17793704.066,4.668
119,3,10781.84,33059.854,248.363,13182.312,0,14.684,71153793.838,7.492
120,3,11035.725,37761.5,8.629,80.631,239.224,15.854,82946133.175,8.926
121,3,11099.209,33992.359,196.796,8498.926,0,7.103,16649609.284,5.15
122,3,11254.589,34771.772,43.758,133.184,268.084,8.636,24612397.147,15.526
123,3,11280.004,35282.146,7.378,112.156,245.619,18.422,111993180.995,7.162
124,3,11249.445,36111.129,211.459,14338.329,0,11.302,42153311.301,4.725
125,3,11621.043,9557.947,164.251,1377.346,0,4.67,7198015.019,12.076
126,3,21659.415,30562.73,122.129,1470.936,62.227,9.448,29455852.275,10.806
127,3,21964.189,29838.631,255.498,9716.133,0,5.076,8501733.731,5.991
128,3,22605.72,29440.999,119.424,1231.251,79.169,4.202,5826550.56,8.141
129,3,23053.481,29930.957,184.774,5055.365,0,4.522,6748806.43,5.864
130,3,23276.781,29847.521,9.231,52.507,116.127,9.378,29025615.831,9
131,3,23329.621,29195.511,153.316,4154.54,0,11.166,41145028.625,7.418
132,3,23640.5,29026.237,212.749,6420.621,0,5.753,10921124.162,6.416
133,3,23760.64,29479.543,3.048,46.219,119.745,8.149,21915115.095,7.755
134,3,24083.403,28925.134,136.947,2369.913,13.147,3.976,5217904.391,6.31
135,3,24191.443,29164.742,74.045,284.529,66.714,1.769,1033182.235,9.504
136,3,26642.162,13321.35,175.303,7017.797,0,6.748,15025484.06,4.948
137,3,26805.575,12622.182,121.595,2233.38,77.991,10.432,35911167.822,8.132
138,3,27039.657,13044.352,6.957,69.035,159.645,6.37,13392418.539,5.503
139,3,27199.612,14156.678,5.275,54.149,190.645,3.401,3816189.955,5.158
140,3,27491.345,13627.879,53.575,147.611,126.939,10.434,35928033.199,22.426
141,3,27675.594,14187.741,211.182,8736.181,0,11.191,41328393.54,6.81
142,3,27762.627,15190.773,232.583,10449.609,0,9.686,30962019.61,6.371
143,3,27936.614,14478.632,196.254,7468.054,0,14.98,74053823.259,8.269
144,3,28203.695,15696.32,114.061,1394.061,144.991,6.768,15117124.852,8.421
145,3,28401.838,15072.864,111.18,1783.786,156.208,5.763,10960793.581,6.428
146,3,28867.512,16119.589,58.658,136.162,139.269,6.342,13273545.261,18.937
147,3,33040.671,27361.141,3.534,96.259,152.393,14.64,70727320.085,6.256
148,3,33335.251,27718.855,129.243,2311.085,0,7.798,20067098.828,7.427
149,3,33783.873,28126.956,161.862,3393.754,0,4.391,6361883.42,6.333
150,3,34682.14,28541.946,211.722,6163.058,0,4.665,7183316.365,6.173
151,3,34788.925,29595.197,7.527,32.807,134.151,6.739,14985453.947,10.107
152,3,34874.059,28669.287,54.141,83.862,114.016,7.134,16795592.46,27.935
153,3,34958.756,29805.08,208.644,4295.835,40.363,4.037,5378086.754,7.326
154,3,35277.825,30239.382,3.91,76.361,104.918,9.283,28438685.009,5.705
155,3,35443.152,28026.292,88.385,627.428,59.521,8.05,21384638.523,11.748
156,3,35513.738,29555.343,69.194,204.599,125.341,6.778,15160437.769,18.15
157,3,35626.697,27286.253,44.602,81.498,82.471,3.998,5275072.884,14.729
158,3,35761.628,26747.268,96.016,622.169,53.103,1.034,352830.721,7.889
159,3,35801.914,26220.879,64.977,72.249,118.655,3.914,5055169.768,27.155
160,3,35759.9,29839.423,3.681,78.506,106.234,7.282,17497405.865,4.945
161,3,35897.832,24608.635,76.289,334.876,63.386,6.682,14735259.849,13.883
162,3,35881.261,30517.336,198.449,3310.623,0,4.877,7850346.473,8.619
163,3,36013.168,27662.544,192.659,4956.136,0,2.551,2148451.637,5.721
164,3,36177.914,24639.968,102.327,720.917,46.65,7.045,16379151.488,12.143
165,3,37215.721,26176.233,76.805,422.984,48.277,7.861,20394143.528,12.852
166,4,9958.689,39302.472,167.845,5338.97,54.706,5.604,10363010.209,5.302
167,4,10086.035,38838.033,195.071,10560.589,0,9.338,28774557.801,4.839
168,4,10208.735,38517.777,49.675,196.707,269.881,5.95,11682001.584,10.671
169,4,10316.514,39353.141,28.631,98.128,212.437,13.79,62756146.334,16.485
170,4,10400.304,37759.276,2.143,138.661,215.536,13.076,56429811.044,4.233
171,4,10570.842,33331.925,194.577,7686.058,0,5.21,8958188.462,4.988
172,4,10547.049,37497.389,234.398,12670.057,0,9.545,30067223.193,5.556
173,4,10645.626,33723.848,245.639,15172.338,0,6.181,12607043.286,4.537
174,4,10678.557,36985.299,252.288,16927.844,0,14.54,69772023.558,6.22
175,4,10735.217,34767.95,114.377,1899.338,155.219,8.352,23020461.304,7.441
176,4,10639.75,38811.476,202.268,9883.636,0,8.344,22975541.656,5.1
177,4,10807.201,33035.012,173.798,6296.18,0,7.892,20552482.505,5.539
178,4,11013.02,37707.762,116.782,1090.176,155.558,6.317,13168659.94,10.117
179,4,11124.793,33969.406,106.157,1713.487,88.791,7.047,16387823.032,6.685
180,4,11179.663,36880.304,1.579,40.864,239.54,12.968,55497129.061,11.836
181,4,11249.489,34771.173,391.796,43938.235,0,7.411,18127378.273,4.373
182,4,11270.623,35161.467,67.717,444.497,215.213,9.507,29826198.208,11.505
183,4,11252.793,36035.896,215.607,14592.715,0,16.203,86644819.434,5.826
184,4,11612.743,9570.365,101.249,510.378,14.459,4.06,5440224.761,11.739
185,4,21924.71,29841.689,173.949,4917.611,0,10.743,38092630.678,7.73
186,4,21872.807,30552.434,193.939,5881.775,0,5.435,9747396.176,5.927
187,4,22238.542,29674.187,5.632,61.338,124.595,7.912,20660309.123,6.423
188,4,22621.179,29431.219,176.468,5119.02,0,7.988,21059630.536,6.578
189,4,23339.593,29175.304,170.946,5646.257,0,5.007,8274708.073,5.104
190,4,23621.895,29541.296,222.216,6734.676,0,5.335,9393159.813,6.429
191,4,26656.235,13293.528,100.814,635.109,131.164,2.215,1618943.112,8.691
192,4,26810.888,12627.805,161.828,6404.606,0,6.945,15918356.128,4.78
193,4,26997.773,13877.731,276.947,16537.169,0,6.516,14012693.554,5.063
194,4,26984.637,13050.46,86.804,671.166,125.953,7.242,17308472.592,10.173
195,4,27186.627,14345.583,217.219,10440.724,0,3.518,4084228.724,4.469
196,4,27374.471,13528.498,190.158,6787.11,0,9.363,28932185.416,6.417
197,4,27440.19,14816.361,201.979,10139.589,0,9.806,31730989.108,5.335
198,4,27760.366,15199.558,0.668,56.508,182.664,3.132,3236985.08,4.703
199,4,27781.242,14296.28,211.084,7802.293,0,6.154,12497960.158,5.707
200,4,28190.526,14792.356,219.85,10508.824,0,15.054,74789478.127,7.52
201,4,28211.182,15735.071,76.423,454.387,180.66,13.038,56098427.414,17.459
202,4,28369.773,15062.228,130.169,1837.016,168.102,3.659,4417961.282,6.811
203,4,28877.278,16146.926,194.961,5843.144,0,6.962,15996199.435,6.506
204,4,32561.53,26234.466,6.694,62.148,119.488,7.629,19205188.367,6.412
205,4,33049.411,26481.003,260.891,7100.945,0,4.219,5873043.247,7.142
206,4,33072.358,27389.52,85.506,456.018,131.646,9.913,32429575.446,16.92
207,4,34177.054,27669.628,148.142,2226.811,0,4.574,6905217.394,7.48
208,4,34691.322,28503.414,286.113,11623.92,0,5.394,9601844.346,6.273
209,4,34708.836,29447.772,197.49,6702.638,0,6.373,13403599.939,5.845
210,4,35040.842,29920.366,3.359,73.714,132.726,10.061,33402726.597,6.086
211,4,35520.248,28003.44,5.576,79.915,113.168,8.049,21379119.537,5.302
212,4,35517.123,29555.003,97.585,703.794,108.941,5.303,9279213.152,9.942
213,4,35822.405,25221.038,143.535,1740.86,0,5.668,10604334.752,9.17
214,4,35814.88,26269.731,59.617,158.053,113.454,2.569,2178637.527,11.31
215,4,35775.385,29868.854,190.59,5005.401,0,7.909,20645223.996,7.438
216,4,35920.353,24621.762,162.2,2853.567,0,5.869,11367756.317,7.778
217,4,35848.194,30507.068,145.531,1993.783,0,4.449,6532196.617,7.791
218,4,35977.005,27640.684,59.392,206.726,92.738,4.954,8098848.561,11.916
219,4,36002.12,28082.571,4.948,59.605,102.862,7.528,18702344.123,6.296
220,4,36126.194,24751.867,50.203,117.176,84.01,5.631,10465670.024,15.759
221,4,36215.321,27262.38,116.578,671.372,69.056,4.824,7678264.549,12.684
222,4,37119.869,26160.894,5.94,68.185,74.875,6.973,16047175.614,5.621
223,5,9980.459,39279.491,221.563,11211.304,0,6.371,13393542.123,4.858
224,5,10213.745,38486.117,31.625,86.192,278.594,7.039,16350115.277,12.642
225,5,10253.479,39397.922,157.021,3593.957,103.958,6.326,13207337.642,6.532
226,5,10432.829,37819.693,209.511,11828.638,0,6.873,15588464.029,4.467
227,5,10559.524,33201.242,1.539,73.615,162.125,11.639,44703834.13,6.537
228,5,10730.406,34301.048,220.523,12427.435,0,5.226,9014205.013,4.345
229,5,10728.287,37020.818,232.378,16548.471,0,10.751,38142979.921,4.771
230,5,10612.362,38796.024,247.071,15064.187,0,7.141,16830731.616,4.769
231,5,10788.687,35438.795,42.626,137.486,253.774,8.733,25166154.053,14.664
232,5,10838.269,33113.247,211.187,9794.873,0,8.152,21928972.104,5.396
233,5,10934.994,33794.308,365.303,29834.736,0,7.596,19040685.119,5.179
234,5,11051.1,37201.43,134.24,2262.938,139.419,7.349,17821377.33,7.748
235,5,11004.497,37782.546,218.994,11203.85,0,8.476,23707744.034,5.246
236,5,11251.254,34745.183,166.434,7072.381,72.183,8.86,25904591.485,5.035
237,5,11211.624,35628.618,87.067,610.428,217.815,13.351,58822250.939,17.029
238,5,11294.041,35145.153,221.94,13952.622,0,7.154,16889454.097,4.372
239,5,11278.558,36034.833,201.513,12016.675,0,12.795,54030128.163,5.33
240,5,21915.01,29876.443,199.649,5722.775,0,6.02,11960223.494,6.464
241,5,21889.243,30548.637,104.564,976.517,93.649,5.017,8305153.756,8.481
242,5,22878.709,30078.626,5.27,80.207,150.377,9.933,32561690.491,5.865
243,5,23360.516,29197.851,4.413,95.213,136.7,7.049,16399815.066,4.322
244,5,23596.387,29595.133,7.63,49.1,109.275,8.002,21131942.031,8.138
245,5,23860.772,29437.745,197.905,5012.241,0,7.646,19294843.132,7.726
246,5,23999.753,28880.484,1.936,72.687,80.834,9.97,32806167.953,6.013
247,5,26636.567,13362.849,4.376,58.206,200.847,7.078,16532937.799,6.143
248,5,26769.28,12697.165,216.346,11198.392,0,10.969,39704366.537,5.779
249,5,26965.349,13945.889,56.295,372.557,153.713,6.886,15649689.391,8.4
250,5,27011.119,13065.013,57.278,237.619,154.5,11.802,45970029.571,17.92
251,5,27193.715,14346.555,211.335,10405.617,0,10.472,36188884.949,5.763
252,5,27355.329,13518.454,190.795,7091.597,0,14.668,71000114.789,8.12
253,5,27441.042,14750.076,221.719,12257.251,0,9.408,29207681.829,5.224
254,5,27784.562,15255.968,75.462,316.79,139.599,9.261,28301382.006,17.986
255,5,27762.601,14231.463,178.217,6048.209,0,8.258,22507936.912,6.006
256,5,28220.15,15752.462,157.048,6410.405,0,11.676,44992691.907,5.633
257,5,28348.334,15023.742,220.273,13380.66,0,11.182,41261951.083,5.247
258,5,28641.83,15409.21,26.926,62.382,168.324,9.898,32331005.515,17.594
259,5,28876.186,16117.33,213.653,8121.117,0,6.821,15354365.977,5.838
260,5,32580.653,26167.147,184.831,5667.444,0,10.497,36365183.624,7.496
261,5,32641.605,26956.51,4.134,72.527,93.846,7.459,18358412.391,5.332
262,5,32864.777,27167.203,147.301,3770.521,4.582,3.533,4118239.6,5.136
263,5,33019.138,26439.716,52.904,78.501,93.291,10.729,37987177.656,40.656
264,5,33115.138,27394.383,222.131,8609.346,0,5.263,9142184.314,5.48
265,5,33330.04,27688.637,168.996,3896.132,0,6.876,15601986.169,7.053
266,5,33813.288,28173.415,154.839,2781.464,0,4.993,8227850.647,7.033
267,5,34128.394,27670.974,59.199,132.591,73.079,2.822,2628504.156,12.905
268,5,34646.653,29445.674,6.768,28.45,152.832,11.936,47020239.259,17.134
269,5,34740.491,28572.976,190.54,6052.784,0,7.627,19198709.11,6.378
270,5,35018.697,29898.561,131.427,1429.097,86.374,9.444,29436439.906,12.475
271,5,35516.426,29521.912,23.738,139.936,131.163,9.546,30075344.348,7.531
272,5,35815.56,25236.056,160.155,2326.478,0,4.323,6168343.532,7.9
273,5,35836.524,26239.688,4.288,70.682,127.795,9.559,30157797.244,6.207
274,5,35758.886,30547.566,9.587,50.204,86.016,7.184,17034103.904,8.017
275,5,35893.105,24589.281,156.751,2710.514,0,6.191,12650189.526,7.858
276,5,35821.155,29968.977,211.563,4858.611,0,5.034,8361507.831,7.335
277,5,36044.931,28039.693,201.383,5054.135,0,5.692,10692350.006,6.973
278,5,36114.579,24794.996,69.846,208.88,84.198,4.596,6971324.123,14.254
279,5,36247.271,27282.568,184.535,4198.684,0,6.311,13143296.511,7.304
280,5,37202.023,26168.19,167.515,2701.984,0,6.038,12031724.334,8.555
281,6,10073.645,38861.927,184.222,9854.817,0,10.086,33575067.837,4.839
282,6,10180.425,39405.711,201.275,10636.868,0,12.244,49479257.92,5.707
283,6,10418.649,37825.41,134.968,2458.175,118.54,6.092,12247416.008,6.813
284,6,10412.094,39144.225,194.546,9324.558,0,9.384,29058337.682,5.271
285,6,10564.371,33317.367,118.155,652.314,140.854,6.102,12288746.601,15.096
286,6,10633.142,33758.82,232.112,13638.062,0,11.057,40346916.751,5.558
287,6,10653.453,37077.657,225.883,13427.201,0,7.533,18726861.262,4.651
288,6,10730.903,34828.165,188.994,10662.1,0,9.293,28499742.622,4.595
289,6,10737.141,36770.52,97.57,911.183,180.108,3.723,4573943.176,7.439
290,6,10805.626,35480.18,192.917,11411.393,0,4.351,6247636.835,3.82
291,6,10799.62,36395.298,5.331,49.5,212.825,7.949,20854812.143,7.558
292,6,10839.989,33127.94,79.512,424.902,164.71,6.32,13181691.251,11.822
293,6,10986.151,37861.547,167.469,6977.225,0,13.674,61704885.727,6.359
294,6,11071.271,37216.138,183.368,8581.5,0,5.947,11672346.277,4.469
295,6,11119.362,34035.651,188.017,8391.792,0,8.132,21822951.56,5.118
296,6,11228.66,34705.974,280.976,22940.896,0,7.187,17046663.574,4.301
297,6,11204.513,35481.461,87.192,824.491,223.968,10.927,39404524.127,11.226
298,6,11219.747,36682.642,55.747,205.268,206.858,7.756,19853629.945,14.238
299,6,11286.123,35200.619,8.062,80.963,252.166,12.233,49384288.027,7.195
300,6,11265.967,36056.333,221.601,14625.516,0,4.363,6281234.971,3.879
301,6,21660.06,30517.309,158.173,4045.838,0,6.49,13901799.003,6.144
302,6,21955.003,29893.05,205.047,6106.007,0,10.866,38965714.82,8.496
303,6,22615.724,30224.548,69.516,134.16,137.295,4.113,5583856.751,18.766
304,6,22668.354,29463.109,86.528,418.64,101.417,8.471,23683038.015,16.528
305,6,23034.238,29885.843,294.266,12698.618,0,8.359,23060722.234,7.265
306,6,23519.694,29039.031,5.253,62.904,145.927,7.462,18376086.486,6.06
307,6,23864.879,29461.924,186.447,4806.353,0,7.786,20006692.302,7.367
308,6,26623.991,13312.462,161.812,6442.333,0,4.719,7349151.861,4.382
309,6,27189.915,14338.21,187.799,8320.418,0,6.304,13113328.924,4.755
310,6,27301.761,13350.74,171.722,5510.179,0,8.273,22585561.483,6.095
311,6,27426.32,14757.936,205.082,11565.172,0,7.974,20983822.569,4.603
312,6,27662.69,15105.467,187.996,6931.618,0,3.781,4719117.876,4.825
313,6,27751.237,14233.354,185.118,6590.403,0,9.589,30347911.978,6.379
314,6,27995.197,15516.856,205.801,8135.067,0,8.484,23755006.894,6.026
315,6,28219.742,15736.209,173.581,6964.541,0,5.121,8655336.725,4.604
316,6,28577.775,15358.759,87.959,748.107,154.898,5.122,8657029.026,8.163
317,6,28849.387,16110.008,151.505,3576.851,0,8.704,25004332.799,7.142
318,6,32443.279,26177.474,180.721,4995.175,0,10.322,35163026.126,7.918
319,6,32669.852,26158.608,181.879,5220.86,0,8.583,24313327.14,7.002
320,6,32842.689,27152.951,153.22,4764.209,0,7.116,16708861.739,5.448
321,6,32967.854,26433.183,276.713,9520.329,0,5.533,10103756.556,6.899
322,6,33071.052,27367.262,192.257,6088.809,0,7.555,18834072.3,6.406
323,6,33336.302,27707.201,194.451,5029.412,0,7.455,18341603.394,7.423
324,6,33446.393,26878.749,239.451,5804.027,0,5.639,10492557.303,7.995
325,6,34173.571,27690.981,40.517,107.221,73.4,4.251,5963238.293,11.025
326,6,34804.926,28583.5,34.722,135.526,138.38,8.541,24076740.474,11.081
327,6,34949.502,29851.151,188.661,6262.821,0,17.917,105937815.849,10.29
328,6,35360.418,29280.97,2.311,69.527,137.318,6.645,14570750.569,5.096
329,6,35434.552,30345.39,72.205,231.925,94.416,3.121,3214462.777,11.753
330,6,35448.155,28086.297,7.525,30.542,98.126,4.991,8220288.268,9.045
331,6,35599.42,29601.527,6.661,37.13,148.806,9.35,28849397.025,11.071
332,6,35824.861,26141.857,78.508,447.969,72.53,3.06,3090790.152,8.514
333,6,35759.759,30559.274,0.425,24.956,88.892,3.872,4948741.252,8.317
334,6,35874.3,25236.072,123.732,1577.81,0,4.187,5785420.198,7.256
335,6,36000.096,24881.717,7.362,51.635,88.374,3.647,4388909.041,5.651
336,6,36020.157,28006.251,151.811,3693.066,0,7.979,21010782.019,6.715
337,6,36184.379,27284.915,32.608,50.126,114.651,2.658,2331483.763,12.317
338,6,37208.089,26154.724,54.468,112.282,60.403,4.721,7355916.71,16.46
339,7,10211.366,38537.846,197.259,10898.277,0,8.454,23587059.786,4.637
340,7,10217.359,39410.65,206.607,10124.989,0,19.356,123638460.964,8.369
341,7,10476.995,39122.939,9.316,72.945,202.109,15.222,76463959.967,9.701
342,7,10636.65,33747.159,252.804,14687.869,0,8.491,23792799.011,5.303
343,7,10626.668,37085.854,186.3,8870.452,0,8.018,21217413.481,4.846
344,7,10744.119,34851.286,136.014,3514.693,132.895,11.861,46427635.385,7.283
345,7,10746.287,35800.664,128.533,3044.565,81.084,6.852,15494818.092,5.76
346,7,10714.469,36784.374,121.656,1644.962,158.201,6.545,14135914.578,8.057
347,7,10794.069,35469.977,209.686,12642.74,0,13.734,62252543.592,5.663
348,7,10804.545,33052.846,178.599,6956.522,0,6.895,15691832.745,5.13
349,7,10972.98,33759.236,10.036,54.069,193.359,13.191,57426020.707,11.651
350,7,11094.697,34042.363,288.649,16016.655,0,10.632,37304144.569,6.699
351,7,11264.16,34741.013,43.984,190.188,273.476,9.284,28443720.683,12.141
352,7,11199.982,35519.151,2.344,85.99,263.803,9.762,31450647.705,5.23
353,7,11190.915,36699.668,226.201,13231.349,0,10.713,37874442.991,5.39
354,7,11259.127,35098.218,230.045,14992.774,0,13.62,61222364.942,5.696
355,7,11279.312,36003.827,198.937,12975.022,0,7.363,17889935.306,4.022
356,7,21696.781,30495.651,46.509,73.332,123.225,4.656,7152900.85,18.393
357,7,21954.308,29843.005,66.921,259.377,96.39,6.436,13670411.882,13.685
358,7,22099.999,30391.166,243.307,7661.403,0,6.085,12218948.325,6.947
359,7,22639.917,29439.549,5.301,55.359,128.628,8.12,21758810.618,7
360,7,22721.298,30159.512,6.592,81.106,140.597,12.633,52670911.92,7.014
361,7,22983.116,29957.45,191.72,6044.641,0,11.194,41354437.34,7.835
362,7,23593.175,29061.151,171.128,2330.904,92.541,4.421,6451268.339,8.66
363,7,26654.623,13320.308,226.889,11679.053,0,10.284,34904176.266,5.822
364,7,26787.078,12726.306,219.404,12248.079,0,13.789,62745253.315,6.25
365,7,27046.439,13999.969,21.423,55.435,178.894,5.958,11713159.253,10.818
366,7,27003.225,13138.678,290.73,15313.948,0,8.534,24032462.081,6.282
367,7,27162.291,14325.224,97.323,1247.904,137.621,5.456,9822336.464,6.742
368,7,27336.87,13586.265,280.586,14541.68,0,9.515,29879121.034,6.52
369,7,27407.154,14722.739,174.393,9077.388,1.044,5.248,9088037.17,3.98
370,7,27772.672,14220.732,154.818,4930.48,0,14.414,68568784.111,7.699
371,7,28217.67,15688.998,278.577,17641.475,0,11.807,46009120.594,6.233
372,7,28277.575,14898.618,62.24,326.715,227.092,12.227,49333564.666,15.836
373,7,28641.595,15406.218,115.674,2204.981,92.55,6.836,15419736.8,6.228
374,7,28899.377,16128.643,64.624,216.119,111.945,4.203,5829043.579,11.973
375,7,32474.965,26257.634,312.137,14852.17,0,6.926,15832387.235,6.507
376,7,32621.759,26178.85,161.402,4553.936,0,7.166,16946074.007,6.036
377,7,32734.845,27051.024,122.597,754.275,90.62,3.328,3655144.313,10.794
378,7,32925.365,26384.511,295.374,9752.146,0,6.438,13679385.149,7.858
379,7,33115.417,27394.348,164.212,3624.804,13.378,6.029,11997510.797,6.779
380,7,33361.521,27690.078,7.464,64.679,99.444,5.907,11516975.808,5.669
381,7,33730.972,28138.243,191.759,3752.11,0,6.828,15384747.172,8.656
382,7,33776.439,27231.345,149.174,2684.712,0,5.78,11024106.004,7.198
383,7,34171.209,27808.047,37.81,68.678,83.99,4.374,6313633.877,14.271
384,7,34319.603,28974.352,194.226,3658.099,0,5.751,10913788.913,8.321
385,7,34760.692,28556.467,138.764,2805.164,52.037,12.63,52638832.788,9.434
386,7,34960.377,29855.027,176.36,5276.902,0,8.525,23983983.128,6.62
387,7,35252.998,29071.012,299.948,12300.926,0,3.593,4260777.583,5.87
388,7,35407.051,30317.405,222.143,6387.541,0,5.163,8796588.605,6.587
389,7,35444.423,29481.992,57.692,89.042,141.592,7.128,16766745.02,29.295
390,7,35845.955,25232.626,135.647,1358.952,21.285,3.937,5114445.887,8.807
391,7,35837.56,26142.927,87.174,630.41,57.325,5.525,10073959.644,9.375
392,7,35837.079,26769.069,56.541,136.697,82.817,4.084,5505535.815,13.809
393,7,35770.467,30517.443,186.696,3416.579,0,3.356,3716220.236,7.073
394,7,35920.924,24643.533,4.434,39.795,98.26,8.232,22364204.685,9.035
395,7,35968.242,28026.635,180.484,4440.194,0,10.387,35605858.654,8.715
396,7,36245.369,27200.281,83.946,447.12,64.914,3.359,3724148.463,9.445
397,7,36378.838,25625.01,151.659,1896.363,0,5.722,10804126.367,9.361
398,7,36404.963,26597.173,155.121,2349.898,0,4.621,7047962.098,7.686
399,7,37127.553,26158.243,26.628,32.682,59.377,3.255,3496818.123,14.574
400,8,10090.418,38905.136,80.371,469.551,197.984,3.851,4895390.396,9.025
401,8,10235.563,38472.096,191.388,10540.989,0,15.002,74278048.486,5.97
402,8,10572.593,33327.993,260.027,14115.746,0,6.571,14249086.017,5.184
403,8,10635.836,33734.674,84.748,516.083,170.25,3.482,4001268.644,8.807
404,8,10620.133,37085.932,236.843,13365.217,0,13.777,62636558.888,6.58
405,8,10739.597,36690.068,273.451,18981.685,0,7.038,16345855.32,4.66
406,8,10799.789,33036.368,5.184,82.713,172.255,2.963,2896794.032,3.959
407,8,10819.837,35474.501,230.059,15296.372,0,8.622,24532108.951,4.564
408,8,10711.13,38547.176,99.742,512.767,180.991,5.334,9388056.34,13.026
409,8,10982.694,37802.404,203.234,11094.477,0,14.551,69871032.327,6.189
410,8,11047.436,37055.751,65.532,288.559,200.723,5.297,9258401.51,10.987
411,8,11235.716,34722.036,58.67,398.453,266.128,8.018,21214487.061,9.147
412,8,11181.887,36670.792,112.686,1273.733,168.058,5.395,9604581.737,8.024
413,8,11261.693,35153.57,245.167,18666.193,0,6.344,13281780.194,4.012
414,8,11288.042,36008.348,144.682,3949.663,145.973,7.257,17382056.948,5.768
415,8,21651.943,30544.036,189.298,4723.45,0,4.147,5674215.181,6.176
416,8,22179.2,30296.829,260.422,9882.334,0,8.72,25093775.593,7.462
417,8,22665.167,30162.535,179.612,5776.259,0,10.831,38713201.224,7.19
418,8,23551.406,29028.79,57.818,217.619,138.234,7.799,20072638.727,14.376
419,8,23680.15,29524.532,234.598,7885.811,0,10.09,33597172.912,8.199
420,8,26615.982,13321.122,99.007,1230.667,126.131,4.275,6030534.171,6.495
421,8,26757.196,12667.74,204.777,10274.7,0,9.495,29751938.346,5.315
422,8,26902.645,13859.02,215.525,8110.834,0,14.274,67235474.827,8.726
423,8,27154.453,14266.704,188.036,9050.83,0,9.59,30347743.92,5.179
424,8,27421.334,14739.711,184.903,10394.016,0,12.189,49033781.076,5.101
425,8,27420.828,13574.411,183.985,6667.626,0,10.82,38633539.579,6.669
426,8,27786.286,14238.521,215.647,8387.878,0,8.441,23512818.884,6.287
427,8,28192.086,15709.104,126.768,1892.014,129.86,7.901,20600545.86,8.442
428,8,28242.004,14903.385,221.993,13111.347,0,11.837,46239885.551,5.543
429,8,28567.026,15352.17,195.392,8846.333,0,6.151,12486556.255,4.777
430,8,28837.279,16106.639,88.02,459.365,101.37,4.454,6547426.231,10.86
431,8,32467.77,26213.283,74.226,366.993,111.446,2.917,2808340.371,8.916
432,8,32719.932,27043.042,10.182,79.288,128.359,5.332,9383637.196,5.18
433,8,33117.78,27424.934,62.577,333.909,116.357,10.543,36679156.855,13.971
434,8,33746.957,28173.704,139.578,2349.618,0,6.669,14676346.398,7.63
435,8,34182.198,27775.439,222.136,4963.014,0,3.102,3174638.468,6.862
436,8,34716.512,29488.046,221.329,6316.373,0,6.085,12220453.77,6.97
437,8,34825.375,28602.311,176.989,5851.254,0,10.401,35699132.098,6.805
438,8,34991.72,29884.698,155.931,4346.069,0,6.979,16074260.37,5.892
439,8,35438.034,29359.029,11.019,59.152,144.276,3.123,3217674.104,5.611
440,8,35444.551,30318.373,4.986,24.771,112.195,4.108,5569263.06,9.036
441,8,35567.376,28147.453,170.099,3761.39,5.957,6.08,12197652.892,6.952
442,8,35600.489,29601.601,5.681,95.2,117.548,11.961,47212801.179,5.776
443,8,35839.329,26800.542,2.66,52.594,99.65,5.076,8504432.108,5.602
444,8,35914.07,24699.359,58.235,91.298,92.171,1.318,572948.804,13.482
445,8,36000.763,28099.241,184.828,5322.625,0,3.505,4053847.474,5.443
446,8,36158.412,27521.933,2.988,80.29,115.766,5.712,10765923.067,4.416
447,8,36470.109,28171.94,43.843,83.681,79.362,8.386,23210160.181,22.963
448,8,37263.616,26244.128,31.015,99.049,62.199,3.817,4807705.007,8.392
449,9,10078.878,38916.308,50.363,146.637,226.024,8.706,25014239.511,17.713
450,9,10263.208,38459.828,226.876,13957.873,0,8.257,22500355.536,4.695
451,9,10212.207,39405.524,219.213,11491.096,0,8.341,22960197.17,5.131
452,9,10397.221,37803.038,136.903,4383.417,55.967,10.846,38821255.435,5.895
453,9,10573.864,33340.088,230.956,10962.249,0,7.831,20236168.696,5.558
454,9,10571.139,37159.981,187.278,8467.917,0,7.123,16744339.247,4.846
455,9,10622.039,33706.913,69.307,436.577,175.534,7.723,19685385.812,10.601
456,9,10820.167,35575.116,249.046,17535.315,0,9.613,30493398.022,4.82
457,9,10797.104,33037.807,213.862,8563.943,0,7.546,18792091.057,5.848
458,9,10901.026,33471.344,219.718,10767.424,0,9.809,31754564.345,5.767
459,9,11121.897,34082.429,4.959,128.834,189.018,19.101,120402798.147,6.082
460,9,11121.169,36802.769,4.134,136.652,234.964,15.13,75548272.071,4.821
461,9,11239.747,34655.093,103.96,724.671,235.508,11.622,44575043.449,17.722
462,9,11203.479,35517.257,4.846,66.582,272.707,9.542,30050721.569,6.579
463,9,11291.002,35078.142,219.621,13722.264,0,11.283,42014492.133,5.15
464,9,11310.157,35970.293,60.709,303.119,256.107,8.826,25709840.271,12.75
465,9,21740.236,30528.714,234.942,7673.153,0,6.749,15033176.188,6.88
466,9,22100.296,30406.032,159.311,3836.86,0,6.5,13942776.936,6.433
467,9,22231.649,29729.444,202.571,5713.193,0,5.238,9053989.095,6.316
468,9,22613.115,29437.364,30.74,41.898,135.82,3.013,2995986.845,13.675
469,9,22660.18,30145.661,212.807,7984.501,0,11.828,46171777.458,7.65
470,9,23122.554,29921.915,8.133,42.999,120.926,8.198,22177188.169,9.356
471,9,23708.442,29518.261,112.565,987.777,58.51,9.384,29057802.096,13.146
472,9,24155.278,29062.997,234.313,5279.373,0,6.427,13630846.205,8.768
473,9,26615.143,13303.809,143.508,5438.982,0,9.134,27534214.261,4.992
474,9,26768.936,12665.949,189.874,8094.21,0,5.969,11756295.123,4.837
475,9,26874.424,13786.3,241.43,10054.915,0,10.375,35525321.102,7.198
476,9,27170.897,13277.101,264.59,11361.461,0,6.525,14051636.145,6.106
477,9,27421.757,14746.041,175.675,8026.297,0,11.408,42952287.927,5.552
478,9,28200.893,15698.098,203.382,10756.483,0,10.92,39354970.127,5.423
479,9,28318.389,15011.367,219.962,13204.706,0,6.861,15536522.845,4.427
480,9,28872.176,15561.78,56.862,187.77,120.2,8.368,23108795.636,16.711
481,9,28864.648,16090.659,259.493,8923.721,0,6.025,11978684.155,6.808
482,9,32522.773,26193.396,167.873,4881.402,0,8.051,21391280.43,6.362
483,9,32719.893,27040.333,1.899,145.006,125.982,5.738,10866401.506,3.025
484,9,33117.943,27426.806,164.093,4421.309,0,7.062,16459012.333,6.266
485,9,33341.857,26848.113,205.754,4770.646,0,7.38,17973035.872,8.343
486,9,33736.495,27345.978,195.799,1708.873,73.114,1.598,842826.676,9.978
487,9,33817.452,28190.444,43.37,85.753,88.775,6.801,15266021.512,18.844
488,9,34714.686,29432.211,230.768,5967.781,0,6.663,14650190.962,7.976
489,9,34734.413,28560.768,191.305,6938.448,0,6.172,12572698.407,5.431
490,9,35281.715,29196.904,4.102,40.244,141.127,7.99,21070177.149,8.725
491,9,35440.839,29438.937,7.646,82.738,136.825,8.427,23433203.247,5.586
492,9,35487.144,30369.576,59.312,157.472,108.113,6.068,12151918.809,16.546
493,9,35834.724,26080.332,3.882,36.592,90.846,7.025,16285607.382,8.668
494,9,35836.245,26796.836,116.195,545.321,77.229,4.313,6138891.489,13.953
495,9,35871.997,24719.995,202.043,4255.699,0,3.724,4576853.59,6.954
496,9,36015.487,28110.897,86.273,540.453,95.994,6.898,15703836.653,11.621
497,9,36090.955,27573.88,204.661,5883.904,0,3.255,3495735.921,5.71
498,9,36384.28,25598.103,7.331,43.361,63.964,3.09,3150474.489,6.057
499,9,37264.691,26232.215,147.798,1997.997,0,3.624,4333726.266,7.517
500,10,10222.682,38505.549,250.248,17738.92,0,8.92,26256372.946,4.679
501,10,10553.295,33189.226,170.475,5805.137,0,6.056,12103573.424,5.232
502,10,10646.041,37103.603,298.195,21408.399,0,7.7,19568637.661,4.956
503,10,10731.867,36765.862,187.216,10049.089,0,11.358,42572200.08,5.147
504,10,10839.569,36168.483,325.591,22909.464,0,6.88,15619000.761,5.133
505,10,10712.264,38563.023,219.517,12240.422,0,4.203,5829986.337,4.222
506,10,10842.736,33491.823,340.107,24086.706,0,7.958,20901110.773,5.529
507,10,10960.351,33759.05,2.677,104.527,187.839,4.693,7267280.538,3.563
508,10,10952.775,37810.348,203.04,5376.058,120.421,3.023,3015976.543,5.899
509,10,11055.826,37198.685,252.589,15668.409,0,10.538,36647534.301,5.55
510,10,11110.542,36829.853,68.527,431.888,226.146,8.884,26047471.505,11.473
511,10,11230.192,34621.225,238.635,15798.839,0,8.771,25387797.625,4.719
512,10,11281.24,35013.777,206.939,11775.343,11.326,9.488,29705932.748,4.897
513,10,21984.018,29867.813,84.35,310.456,115.758,3.32,3638460.035,12.027
514,10,22218.953,29678.808,135.434,1915.669,44.703,8.77,25381854.303,9.808
515,10,22639.53,29437.264,9.265,85.926,118.31,8.131,21819377.154,5.618
516,10,22822.684,30099.232,61.825,266.139,109.289,12.701,53238213.148,19.475
517,10,23599.272,29047.157,10.147,42.542,126.67,4.485,6638252.682,7.406
518,10,23676.819,29560.573,46.889,106.653,117.796,8.012,21184731.606,19.744
519,10,24157.478,29119.147,6.332,54.168,84.508,3.805,4778868.37,5.403
520,10,26634.571,13278.85,5.869,85.389,208.341,6.671,14686548.22,4.704
521,10,26791.767,12685.743,76.852,375.156,168.598,6.681,14729612.954,12.807
522,10,26955.597,13894.127,31.869,74.137,169.703,13.918,63931556.375,24.863
523,10,27200.246,14333.041,0.604,36.599,205.353,11.53,43873545.022,11.828
524,10,27200.307,13199.536,2.854,57.199,133.6,9.545,30068561.447,7.178
525,10,27364.801,13445.484,6.934,48.508,137.772,8.007,21159082.284,8.05
526,10,27396.919,14711.424,72.867,612.725,190.485,13.33,58637360.294,12.532
527,10,27495.979,13801.404,43.834,87.049,142.627,5.483,9922339.168,16.331
528,10,27834.883,14422.081,338.747,21672.71,0,11.292,42079844.626,7.017
529,10,28221.362,15706.806,175.943,8154.365,0,16.051,85025981.882,6.712
530,10,28315.938,15026.191,215.745,12212.038,0,9.126,27487014.449,4.981
531,10,28760.86,15524.667,48.992,106.161,149.134,13.666,61636113.715,33.429
532,10,28959.161,16082.076,155.62,3708.283,0,4.928,8015055.874,5.873
533,10,32509.295,26157.957,151.034,3585.494,0,7.562,18871344.833,6.652
534,10,32798.602,27104.834,5.583,49.963,127.193,4.848,7757875.874,5.999
535,10,32866.923,26406.663,273.682,8314.684,0,6.279,13011468.16,7.818
536,10,33140.672,27423.979,61.84,141.959,109.118,6.191,12649704.93,19.497
537,10,33359.35,26874.849,198.035,4883.173,0,7.295,17564470.038,7.711
538,10,33761.588,27362.263,2.383,33.978,101.306,3.318,3633178.934,6.531
539,10,33800.14,28196.827,57.804,128.433,92.966,5.095,8567517.079,16.846
540,10,34177.232,27739.727,214.865,4581.101,0,9.027,26891886.129,10.304
541,10,34240.513,28114.292,180.285,3938.769,0,2.314,1767823.576,5.984
542,10,34749.68,29377.856,238.57,6779.259,0,6.108,12312855.087,7.367
543,10,34772.744,28590.084,199.742,8282.033,0,10.114,33755085.781,6.179
544,10,35380.393,29360.949,260.974,10122.829,0,4.983,8195355.241,5.968
545,10,35457.738,30404.429,33.356,51.65,123.433,1.856,1136444.689,11.336
546,10,35682.781,27179.678,187.793,3820.368,0,9.972,32818202.407,10.238
547,10,35708.752,29715.527,158.191,3630.892,0,12.61,52476210.576,9.421
548,10,35761.336,26134.21,33.218,60.001,91.697,4.467,6585822.969,13.706
549,10,35844.108,26798.348,9.09,47.526,93.906,3.832,4846947.575,6.326
550,10,35842.206,28719.314,2.707,47.986,84.061,4.694,7270359.599,5.804
551,10,36010.175,28124.276,52.29,45.205,102.757,1.975,1287416.473,20.231
552,10,36096.437,24725.768,73.585,168.475,67.744,2.737,2471950.863,14.257
553,10,36128.007,27567.495,83.297,358.899,81.225,3.197,3373343.129,10.624
554,10,36345.116,26435.61,61.082,160.869,81.546,3.476,3987193.889,12.676
555,10,36480.651,28162.418,3.534,70.044,85.749,3.967,5192930.569,4.425
556,10,37236.582,26190.797,141.209,1782.107,0,3.296,3584106.387,7.477
557,11,10022.168,39375.902,205.016,9251.345,0,11.715,45291617.775,6.383
558,11,10080.315,38798.818,8.143,163.145,202.126,15.943,83881576.917,4.8
559,11,10227.086,38512.817,104.836,1508.203,172.572,3.525,4101732.661,5.921
560,11,10205.137,39453.535,194.576,8622.29,0,6.25,12892751.912,4.849
561,11,10392.833,39146.089,224.558,12193.225,0,8.966,26528562.589,5.234
562,11,10637.082,33680.857,8.985,98.037,190.317,9.327,28705939.295,5.4
563,11,10621.076,37138.716,60.451,262.615,210.637,10.931,39428738.02,16.804
564,11,10725.233,38497.098,208.722,11029.153,0,2.816,2616741.474,4.085
565,11,10827.803,33035.527,102.655,1202.608,96.601,11.832,46204421.348,11.245
566,11,11059.042,37179.371,268.449,18166.267,0,12.962,55450299.466,6.06
567,11,11004.124,37672.371,250.097,15417.729,0,12.89,54835762.19,6.152
568,11,11090.95,34140.934,236.751,12994.539,0,11.437,43170764.293,6.042
569,11,11222.738,34620.513,216.347,13426.203,0,11.148,41015188.539,5.091
570,11,11195.331,36762.187,191.893,9338.57,0,11.245,41731625.558,5.61
571,11,11283.17,35118.562,6.06,92.785,253.097,13.981,64505138.82,6.615
572,11,11287.66,36000.586,180.531,10342.648,0,7.016,16242678.203,4.06
573,11,21727.696,30550.273,190.08,5103.72,0,6.048,12072448.889,6.549
574,11,22032.013,29875.201,279.172,12422.661,0,7.033,16324678.182,6.35
575,11,22723.633,30159.604,7.56,62.864,143.559,8.687,24902599.34,7.002
576,11,23560.892,29037.535,273.557,9940.784,0,8.455,23591797.47,7.874
577,11,23539.313,29575.643,255.256,8215.617,0,6.016,11944151.995,7.04
578,11,23782.975,28971.338,167.938,4185.861,0,7.864,20408130.897,7.039
579,11,24166.746,29032.613,44.096,88.332,79.438,5.729,10831636.825,16.73
580,11,26618.376,13328.548,105.972,1401.945,90.283,5.792,11071799.916,7.108
581,11,26803.476,12661.233,52.93,130.402,155.432,5.431,9734802.933,15.243
582,11,26875.597,13814.367,110.422,1563.6,105.848,7.527,18699208.193,7.768
583,11,27153.323,14277.818,168.772,7581.116,0,10.629,37282381.123,5.278
584,11,27430.994,14732.363,7.478,87.385,210.604,18.349,111112152.802,8.967
585,11,27780.606,14201.761,60.615,215.342,143.642,6.367,13378293.494,13.643
586,11,28083.358,14559.313,4.601,84.985,163.7,16.508,89929914.758,7.79
587,11,28214.474,15689.84,178.464,7801.96,0,16.275,87416793.308,7.198
588,11,28319.267,14955.369,7.217,88.901,225.282,9.877,32192506.12,5.679
589,11,28536.761,15278.109,256.503,12581.065,0,6.558,14191656.116,5.486
590,11,28860.102,15552.682,61.988,245.781,116.679,9.394,29124391.673,16.503
591,11,28905.114,16091.858,153.854,3420.363,0,6.959,15982632.84,6.818
592,11,32536.167,26178.553,82.841,540.52,107.546,5.888,11441522.838,10.062
593,11,33168.1,26631.885,29.583,55.836,93.613,7.479,18461761.207,17.534
594,11,33162.617,27441.737,193.22,5316.086,0,6.535,14093013.401,6.696
595,11,33755.078,27184.44,186.355,3629.182,0,8.317,22828640.55,9.434
596,11,33895.054,28329.655,157.537,2765.759,0,4.242,5939685.297,6.898
597,11,34161.317,27682.74,4.32,65.945,79.705,7.698,19557637.151,5.827
598,11,34282.723,28156.045,225.313,6504.114,0,5.13,8685128.843,6.617
599,11,34322.344,28907.119,167.924,2164.958,42.837,2.19,1582920.754,7.65
600,11,34807.201,28629.084,164.967,5139.057,0,7.669,19409576.585,5.87
601,11,34858.041,29417.367,44.106,69.548,109.091,2.963,2897596.297,14.277
602,11,34965.555,29920.204,7.944,96.554,127.656,13.221,57685997.984,6.516
603,11,35454.617,30329.133,21.223,48.444,115.815,7.356,17855617.997,13.646
604,11,35598.992,27249.529,166.757,2944.107,0,6.231,12813326.834,8.103
605,11,35516.581,29569.549,242.905,9458.059,0,11.033,40170654.247,7.904
606,11,35751.148,26147.884,135.291,2300.143,0,3.189,3356576.341,6.097
607,11,35720.678,29759.672,3.588,32.358,122.711,12.743,53589549.886,14.836
608,11,35897.475,24583.109,60.126,73.289,66.408,3.402,3820298.993,21.951
609,11,35953.204,28889.745,213.533,4290.675,0,6.819,15346935.182,9.176
610,11,36282.393,26510.28,148.005,2702.39,0,3.717,4558916.391,6.309
611,11,36508.8,28162.465,183.344,3951.183,0,4.961,8122968.736,6.943
612,11,37226.896,26123.657,138.509,1912.845,0,6.163,12536312.778,8.453
613,12,9930.446,39298.066,122.634,2505.287,47.318,9.155,27662543.396,7.01
614,12,10053.233,38926.751,211.876,11464.486,0,6.115,12340478.015,4.488
615,12,10226.212,38537.971,223.875,13196.441,0,9.446,29446213.119,5.035
616,12,10210.748,39454.561,217.505,10359.266,0,7.103,16649029.669,5.152
617,12,10317.823,37922.581,10.266,76.641,218.31,13.237,57824402.565,8.652
618,12,10559.366,33556.44,121.253,1496.187,118.441,4.812,7640875.078,7.619
619,12,10651.597,37024.723,230.202,13772.715,0,11.545,43987833.754,5.569
620,12,10733.282,34757.285,196.731,10583.942,0,6.156,12505089.815,4.314
621,12,10600.716,38824.605,244.004,13480.812,0,13.047,56178746.642,6.63
622,12,10829.682,35718.359,234.422,13400.835,0,9.693,31008417.129,5.373
623,12,10699.803,38532.825,97.03,634.822,190.775,7.542,18769760.077,12.923
624,12,10884.721,33171.987,190.584,8384.779,0,10.913,39300153.151,5.931
625,12,10959.142,33681.657,3.214,39.309,178.415,7.164,16938613.361,8.193
626,12,10976.803,37775.541,192.242,9410.272,0,8.981,26615930.008,5.061
627,12,11093.226,34082.321,178.902,4364.184,103.122,8.597,24388506.916,7.824
628,12,11081.238,36859.55,134.346,888.115,207.972,8.088,21588087.713,17.412
629,12,11315.889,35970.889,200.901,12629.706,0,9.915,32441543.152,4.555
630,12,21689.749,30595.815,199.106,5679.032,0,5.223,9003429.978,6.198
631,12,21957.672,29851.719,189.079,4634.173,32.569,6.695,14792725.703,7.22
632,12,22160.205,29681.138,1.444,87.893,125.014,8.467,23659915.606,4.751
633,12,22476.159,30211.163,24.22,57.591,146.14,2.347,1818420.418,8.426
634,12,22639.651,29439.738,2.11,103.464,113.748,10.353,35374696.01,4.671
635,12,22863.724,29353.975,174.445,4261.229,0,6.613,14432112.971,6.815
636,12,22933.497,29980.221,285.569,11076.965,0,7.922,20711105.757,7.494
637,12,23202.364,29820.323,254.929,10501.684,0,9.072,27160183.296,7.043
638,12,23648.961,28998.016,215.763,6942.763,0,12.948,55327750.883,9.32
639,12,24126.775,29149.383,253.714,6702.63,0,4.951,8089944.736,7.488
640,12,26611.489,13321.36,140.997,4681.952,0,5.965,11742515.428,4.716
641,12,26775.543,12642.465,73.765,272.825,153.556,6.284,13030707.859,14.991
642,12,26880.474,13814.014,108.726,1091.761,135.426,12.267,49656433.665,13.85
643,12,27149.677,14281.45,175.594,7797.571,0,8.21,22244933.616,4.924
644,12,27274.366,13372.659,266.573,11360.566,0,8.656,24725501.672,6.934
645,12,27407.325,14716.244,193.025,9719.651,0,11.397,42867226.029,5.529
646,12,27648.673,15050.691,186.23,6481.792,0,9.761,31442230.869,6.574
647,12,27960.506,14432.968,39.959,67.443,184.618,5.46,9839221.475,17.706
648,12,28221.204,15693.893,193.802,9045.116,0,10.044,33294419.407,5.521
649,12,28879.083,16080.562,3.109,106.924,103.752,7.715,19645185.416,4.043
650,12,32529.401,26182.587,178.485,5363.261,0,8.243,22423523.071,6.555
651,12,32797.389,27119.184,22.852,116.44,117.55,9.144,27590697.526,8.191
652,12,33110.063,26467.116,168.264,2845.163,0,5.761,10953343.065,8.138
653,12,34193.691,27745.549,114.685,1248.448,21.708,6.673,14695876.277,9.147
654,12,34270.808,28111.178,168.314,3598.484,0,6.037,12026928.867,7.045
655,12,34484.775,29183.875,225.754,5860.817,0,7.418,18160931.407,8.23
656,12,34969.933,29857.697,117.143,1127.114,68.972,6.731,14952414.083,10.242
657,12,35440.986,29439.018,3.688,71.639,135.634,9.884,32238804.51,6.194
658,12,35824.821,25279.203,266.344,5502.948,0,5.674,10626416.896,9.676
659,12,35728.206,29819.031,200.13,5475.228,0,7.41,18119329.038,7.255
660,12,35921.231,24642.878,6.955,38.329,68.797,4.816,7653750.493,7.429
661,12,35896.318,28230.755,201.044,4668.476,0,4.692,7265410.46,6.903
662,12,35989.21,30432.371,107.809,672.956,35.909,3.907,5037971.39,10.395
663,12,36401.956,26478.495,6.628,57.792,86.893,4.453,6545145.602,5.44
664,12,36441.908,28134.455,86.371,378.781,78.888,2.985,2940659.669,10.522
665,12,37200.397,25921.647,2.94,35.921,67.765,4.208,5844992.988,6.809
666,13,10234.206,38511.545,62.912,348.688,221.575,13.878,63560672.677,16.85
667,13,10288.524,39434.793,180.585,7413.552,0,9.197,27917103.751,5.54
668,13,10401.082,37890.788,218.996,12054.686,0,12.571,52151645.384,5.982
669,13,10368.618,39126.338,255.612,15206.524,0,10.727,37976958.451,5.825
670,13,10538.036,33341.235,108.595,1531.495,82.08,6.378,13423207.62,7.166
671,13,10679.989,33653.461,73.01,338.62,193.485,1.725,981492.202,8.484
672,13,10593.174,37131.968,260.408,16551.837,0,8.401,23289768.981,5.066
673,13,10625.08,38893.887,163.682,6669.761,0,17.599,102217995.155,7.514
674,13,10881.632,33163.598,181.688,7166.56,0,3.332,3665001.386,4.499
675,13,11038.482,37203.831,8.16,101.758,198.868,7.506,18592463.747,4.635
676,13,11121.681,34062.119,160.634,6113.064,0,13.41,59346450.264,6.542
677,13,11198.963,36317.513,5.258,147.295,211.042,9.641,30672677.707,3.667
678,13,11253.755,34849.238,199.225,13580.185,0,11.937,47020365.984,4.623
679,13,11265.841,35546.448,113.234,1552.877,185.657,8.954,26460126.171,8.885
680,13,11292.19,35966.264,208.733,13368.944,0,11.686,45071187.742,4.955
681,13,21563.334,30124.902,85.469,325.867,93.691,5.178,8849078.767,14.474
682,13,21661.881,30640.245,140.252,2802.891,0,10.925,39390254.66,8.727
683,13,21898.571,29896.809,71.186,358.43,95.605,2.516,2089394.61,8.388
684,13,22033.09,30486.907,194.585,5029.063,0,9.257,28277427.441,8.301
685,13,22149.568,29734.725,52.794,245.328,104.068,4.875,7842623.861,8.979
686,13,22450.84,30261.423,152.581,3938.325,0,7.417,18153868.646,6.264
687,13,22727.738,30108.857,277.538,12638.461,0,6.576,14270772.006,6.075
688,13,23230.751,29860.456,149.746,3768.938,0,11.922,46908492.161,8.045
689,13,23574.009,29045.533,224.861,5628.196,0,5.135,8700466.802,7.256
690,13,23654.441,29507.423,239.534,8152.739,0,7.824,20200881.899,7.216
691,13,23964.064,28917.468,182.533,3671.902,0,2.734,2466776.908,6.41
692,13,24172.325,29118.521,5.831,44.378,82.68,11.296,42107122.532,10.657
693,13,26643.883,13237.696,217.376,8665.091,0,6.766,15109456.012,5.704
694,13,26781.423,12653.082,122.612,2132.124,85.393,5.411,9664102.472,6.356
695,13,26880.332,13842.282,5.896,110.217,172.828,6.988,16117407.819,4.026
696,13,27123.283,14320.594,8.726,148.449,213.504,11.498,43628769.89,4.355
697,13,27266.15,13337.603,55.545,251.668,118.807,6.928,15838359.557,11.171
698,13,27403.006,14715.334,237.145,13043.028,0,8.166,22005705.779,5.195
699,13,27680.477,15042.026,8.911,66.911,159.369,5.24,9060669.562,5.536
700,13,27704.634,14064.562,168.486,5174.871,0,4.935,8036775.836,5.272
701,13,27929.67,14478.18,212.713,8995.387,0,10.275,34842169.056,6.43
702,13,28197.146,15724.862,102.232,1028.173,168.132,6.301,13103684.26,8.713
703,13,28863.455,16115.954,29.353,59.031,139.982,6.291,13061528.658,14.694
704,13,29004.28,15742.377,192.989,5716.274,0,9.492,29733806.905,7.524
705,13,32651.352,26961.577,211.711,5699.541,0,13.935,64082605.956,11.281
706,13,32998.859,26386.182,156.698,2487.13,0,5.885,11428349.892,8.173
707,13,33124.446,27432.732,15.19,87.895,126.254,14.15,66075647.581,9.986
708,13,33218.587,26779.259,163.591,2986.081,0,1.422,667028.806,6.089
709,13,33787.127,27180.741,59.647,235.261,57.191,3.844,4877400.896,9.851
710,13,34241.247,28121.299,154.524,2527.866,14.317,6.856,15510679.444,8.472
711,13,34391.084,28869.561,81.946,270.898,105.023,6.793,15228970.972,18.755
712,13,34784.793,28573.566,200.421,8226.851,0,9.929,32537719.823,6.184
713,13,34971.816,29876.552,125.398,1596.078,62.873,7.91,20649498.733,9.473
714,13,35404.839,30332.318,121.536,2078.995,43.533,4.621,7045846.972,6.124
715,13,35590.396,27238.331,147.415,2043.124,0,4.415,6432873.35,7.778
716,13,35764.282,25225.542,149.849,1843.134,0,4.314,6141717.594,8.437
717,13,35832.478,24533.941,82.761,286.301,41.795,1.944,1247187.488,10.827
718,13,35873.517,26107.135,69.237,148.325,75.835,2.365,1846447.6,13.734
719,13,35741.143,29823.516,174.227,4171.783,0,5.786,11049428.376,6.579
720,13,35951.317,27553.24,51.914,76.722,104.271,5.869,11366793.569,24.33
721,13,35953.392,30488.558,137.703,1674.71,0,5.652,10540648.565,8.882
722,13,36029.964,28020.1,210.492,5761.896,0,5.686,10670796.806,6.771
723,13,36429.335,28199.481,176.334,3599.311,0,3.78,4714953.806,6.558
724,13,37197.581,25919.915,9,71.319,63.745,7.68,19463397.148,6.222
725,14,9955.874,39297.646,196.138,7443.602,0,4.639,7100873.834,5.017
726,14,10094.845,38873.859,233.074,13336.69,0,11.107,40709766.902,5.699
727,14,10223.191,38522.36,255.538,16924.502,0,6.417,13589321.018,4.492
728,14,10259.222,39441.919,168.267,5859.289,0,14.411,68535927.928,7.645
729,14,10424.053,37836.673,255.638,15960.92,0,7.999,21115858.613,4.977
730,14,10397.895,39132.973,203.871,9461.2,0,7.883,20508125.242,5.203
731,14,10622.37,37071.898,201.151,10308.273,0,10.335,35248283.392,5.366
732,14,10729.78,34743.585,214.619,12574.478,0,9.953,32692516.464,5.018
733,14,10720.439,36714.473,191.983,9945.467,0,5.955,11701571.521,4.319
734,14,10831.868,35714.053,76.043,417.729,189.579,6.133,12414553.06,11.041
735,14,10905.259,33189.599,176.92,7220.521,0,4.888,7884216.381,4.57
736,14,10976.637,37848.725,230.1,13899.34,0,11.3,42142641.419,5.468
737,14,11111.523,34071.176,171.488,7158.481,0,6.194,12660686.147,4.648
738,14,11113.012,37146.042,232.014,11761.719,0,6.786,15198418.462,5.085
739,14,11180.881,36398.013,185.875,4879.665,87.623,9.794,31655362.951,8.175
740,14,11173.978,36823.388,157.009,4740.94,44.988,4.666,7185097.256,5.054
741,14,11249.645,34848.459,206.557,12984.935,0,13.641,61411268.218,5.398
742,14,11269.337,35956.038,93.521,752.193,201.083,4.638,7099379.261,8.504
743,14,21627.655,30171.585,75.696,216.969,105.133,4.792,7577727.979,15.908
744,14,21714.028,30580.488,239.977,6218.638,0,4.394,6372524.934,7.067
745,14,21975.802,29915.742,260.138,9298.551,0,2.353,1827710.823,5.585
746,14,22647.142,29460.06,52.987,121.199,100.704,5.784,11039536.883,16.85
747,14,22848.868,29338.758,154.481,3062.442,0,3.201,3380487.639,6.015
748,14,22878.955,30075.268,10.859,80.743,138.197,8.772,25395155.709,6.484
749,14,23411.167,29170.283,230.72,6879.051,0,6.679,14721847.797,7.212
750,14,23585.089,28978.493,152.42,1799.577,36.507,2.672,2356499.344,7.827
751,14,23525.69,29591.737,250.52,7799.54,0,7.138,16815052.736,7.627
752,14,23832.151,29443.228,192.972,5183.518,0,5.913,11537354.662,6.562
753,14,24190.245,29138.826,56.419,111.735,69.967,4.848,7756731.184,17.651
754,14,26637.555,13376.157,244.162,8887.53,0,10.941,39503466.241,8.336
755,14,26826.355,13760.048,41.483,107.472,162.668,8.368,23108952.935,16.923
756,14,27118.275,14320.202,7.341,142.999,184.209,13.583,60886467.315,4.711
757,14,27280.11,13366.199,189.086,5631.232,0,4.615,7029679.982,5.671
758,14,27415.843,14708.395,51.626,228.444,175.646,9.527,29956061.518,13.372
759,14,27695.883,14056.781,156.688,4311.111,0,3.736,4607267.354,5.14
760,14,27739.826,15110.174,211.338,7822.177,0,4.512,6719890.056,5.291
761,14,27896.81,14445.326,33.302,69.987,143.245,6.837,15424347.418,15.716
762,14,28150.946,15688.245,151.041,6211.999,0,15.291,77161013.912,6.35
763,14,28390.898,15116.298,10.008,47.092,235.814,7.865,20413631.231,9.038
764,14,28719.024,16081.062,6.173,90.611,136.874,7.714,19639645.735,4.817
765,14,29067.68,15894.746,210.583,6178.49,0,4.239,5931312.523,5.994
766,14,32363.957,26539.383,195.465,4259.009,0,8.035,21305898.432,8.795
767,14,32506.965,26157.305,177.022,4176.503,0,7.555,18839165.503,7.469
768,14,32657.442,26987.674,58.793,103.729,98.715,3.1,3170625.66,15.684
769,14,32958.111,27280.21,207.54,5274.146,0,11.976,47329622.22,10.44
770,14,33272.516,27505.368,188.4,4748.185,0,6.823,15361611.582,7.117
771,14,33309.595,26767.113,180.894,3628.189,0,4.956,8105890.629,7.211
772,14,33764.574,28163.187,7.845,21.803,88.556,3.436,3897191.46,9.878
773,14,33771.558,27228.292,108.139,827.39,33.812,4.713,7330217.984,9.715
774,14,34241.118,28085.253,4.557,45.909,101.045,8.235,22381812.781,8.061
775,14,34343.795,28916.767,106.755,694.77,67.713,3.594,4261924.01,9.775
776,14,34588.331,29257.12,257.904,7627.939,0,5.361,9484896.268,7.208
777,14,34745.2,28620.581,191.868,6781.644,0,9.302,28556581.571,6.486
778,14,35035.093,29916.786,161.02,4230.819,0,10.336,35258153.488,7.546
779,14,35398.697,30338.498,135.97,3426.282,0,7.748,19812880.936,5.996
780,14,35592.743,27175.73,129.857,2028.369,0,6.987,16110839.418,7.819
781,14,35550.218,29109.107,176.771,4293.326,0,6.279,13009674.866,6.769
782,14,35519.615,29521.375,4.833,71.035,133.522,5.907,11514666.796,4.99
783,14,35873.012,24445.558,148.091,1811.656,0,5.12,8651290.887,8.927
784,14,35877.955,28305.573,103.431,630.646,63.176,4.039,5383561.041,10.41
785,14,36348.502,26421.132,153.87,2501.064,1.062,4.92,7987353.591,7.445
786,14,36480.42,28159.805,1.697,79.501,98.222,6.093,12252342.288,4.479
787,14,37201.055,25953.936,151.135,2080.723,0,4.507,6704862.345,7.986
788,15,10062.657,38861.834,106.778,1173.038,161.984,4.395,6375869.334,7.393
789,15,10227.591,38470.744,208.504,11375.293,0,9.393,29115921.761,5.05
790,15,10237.448,39419.142,267.43,14268.544,0,5.533,10103529.225,5.097
791,15,10427.454,37899.358,225.124,12987.943,0,8.578,24283469.108,4.943
792,15,10401.249,39214.972,169.992,6902.348,0,11.088,40571738.309,5.838
793,15,10573.049,33714.426,157.979,4132.784,39.892,2.555,2154452.72,5.103
794,15,10614.927,37057.479,106.411,1466.047,143.34,12.029,47749519.626,10.193
795,15,10709.562,34753.519,235.677,15930.128,0,8.621,24527607.69,4.587
796,15,10728.917,36744.273,92.693,803.19,195.729,7.887,20529933.086,10.237
797,15,10799.996,38446.89,165.502,6906.51,0,13.359,58895258.338,6.206
798,15,10888.154,33194.272,201.08,7893.925,0,12.509,51642536.828,7.298
799,15,10880.284,33601.238,2.742,71.511,179.804,11.491,43573969.65,6.725
800,15,10985.897,37864.408,181.972,8187.028,0,5.767,10974054.955,4.526
801,15,11115.207,34119.087,208.958,10814.684,0,5.847,11281847.488,4.528
802,15,11195.285,36770.723,136.389,1914.462,135.692,8.236,22387133.412,9.561
803,15,11267.09,34847.584,171.76,9072.922,0,9.652,30747216.383,4.573
804,15,21630.613,30148.136,233.787,7243.547,0,10.708,37837312.85,9.054
805,15,21595.549,30357.326,230.603,6950.722,0,1.981,1295042.223,5.675
806,15,21947.144,29916.298,221.087,7460.665,0,4.473,6603150.711,5.734
807,15,21920.951,30564.931,6.05,78.588,109.829,7.53,18713707.41,5.264
808,15,22217.229,29701.192,192.883,5068.86,0,7.523,18679469.766,7.326
809,15,22808.448,29388.12,58.997,122.597,98.281,5.732,10842114.998,19.468
810,15,23147.232,29884.696,211.432,6413.123,0,3.289,3569731.522,5.648
811,15,23413.484,29204.886,31.818,105.156,106.548,5.662,10579579.342,9.647
812,15,23669.418,28949.864,254.168,7283.428,0,3.986,5242040.131,6.717
813,15,23786.577,29463.823,90.082,455.279,98.237,5.026,8335503.467,11.921
814,15,26638.984,13346.785,230.726,9332.468,0,9.559,30154209.764,6.808
815,15,26803.833,12649.807,231.841,10407.575,0,4.989,8215117.554,5.079
816,15,26853.603,13807.562,87.728,635.844,126.182,10.594,37040603.46,13.869
817,15,27174.687,14322.656,232.747,11191.024,0,13.602,61053641.866,7.333
818,15,27361.443,13416.053,160.104,4910.45,0,2.881,2739239.772,4.761
819,15,27367.304,14707.536,22.042,126.872,180.766,16.536,90243509.554,11.215
820,15,27932.734,14440.76,68.696,210.8,129.916,2.905,2785347.564,11.511
821,15,28191.198,15717.337,193.186,8930.649,0,11.316,42261552.653,5.88
822,15,28325.039,15068.45,251.951,18068.683,0,7.683,19482657.795,4.442
823,15,28674.977,16074.769,226.716,7268.173,0,5.487,9934273.113,6.332
824,15,28901.397,16106.548,164.161,3825.698,0,10.409,35759456.566,8.461
825,15,28960.02,15682.156,9.875,69.236,125.995,4.173,5746444.912,5.228
826,15,29996.738,35327.042,72.931,143.725,27.095,3.537,4127868.192,17.578
827,15,32369.858,26521.82,181.75,3156.325,0,2.734,2467275.019,6.948
828,15,32447.779,26166.023,139.654,2810.328,0,2.91,2793926.614,5.579
829,15,32675.572,27023.305,70.489,207.213,95.686,7.446,18295287.357,19.797
830,15,33167.266,27445.006,145.484,2835.639,0,7.457,18352961.017,7.424
831,15,33370.197,26822.835,225.925,5928.808,0,5.264,9145003.241,7.112
832,15,33736.092,28121.175,222.055,5911.613,0,5.668,10603654.082,7.14
833,15,33787.508,27303.656,179.913,3065.386,0,5.355,9461967.085,8.234
834,15,34160.658,28080.398,2.8,47.601,106.18,3.58,4230471.91,5.421
835,15,34333.598,28928.384,178.508,4310.488,0,2.753,2501383.289,5.726
836,15,34479.829,29199.083,3.222,67.131,113.812,8.575,24266392.066,5.967
837,15,34832.32,28698.281,269.262,11601.563,0,5.42,9693754.164,5.821
838,15,34866.408,29708.593,103.604,807.094,58.935,3.095,3161770.039,8.256
839,15,35119.645,29961.844,1.502,32.082,108.492,9.738,31293143.05,11.719
840,15,35394.763,30337.9,150.521,3731.033,0,6.266,12958217.373,6.004
841,15,35628.638,27255.178,186.253,3809.794,0,5.884,11427844.133,7.702
842,15,35597.827,27596.898,6.513,50.139,90.327,2.478,2026905.266,5.27
843,15,35521.01,29520.366,6.27,65.619,124.686,7.1,16635987.753,5.877
844,15,36000.335,27600.232,2.585,25.976,107.193,5.27,9164417.123,9.449
845,15,36005.574,28328.062,10.064,52.869,96.815,7.393,18037666.872,7.96
846,15,35979.831,30418.865,179.308,2869.627,0,6.685,14746957.32,9.476
847,15,36270.11,26403.91,186.211,4128.142,0,7.486,18492666.997,8.075
848,15,36433.888,28163.826,141.506,2389.233,0,3.262,3511210.706,6.297
849,15,37225.012,25959.763,127.38,1766.879,0,2.406,1910356.812,6.395
850,16,10057.81,38840.768,196.105,9900.382,0,3.617,4318111.127,4.127
851,16,10220.195,38529.302,199.213,10294.869,0,13.815,62984265.566,6.169
852,16,10254.939,39444.333,167.6,6092.688,0,11.807,46006402.737,6.506
853,16,10409.214,39100.167,247.916,14056.622,0,9.316,28638842.319,5.527
854,16,10546.919,33271.685,95.824,500.633,129.666,4.14,5656370.64,11.13
855,16,10637.936,33686.115,36.158,63.547,202.426,6.692,14778861.305,18.714
856,16,10622.87,37160.866,184.432,8506.157,0,4.453,6544121.69,4.298
857,16,10711.758,34821.853,175.673,8809.65,0,15.805,82439058.067,6.218
858,16,10625.559,38885.258,169.424,6463.886,0,11.098,40648074.815,6.109
859,16,10793.724,35403.14,183.948,8977.535,13.61,8.121,21762767.465,4.748
860,16,10730.317,38516.668,241.507,13459.388,0,8.456,23594805.707,5.281
861,16,10895.917,33181.765,86.641,607.271,107.12,5.969,11758608.766,9.899
862,16,10870.201,33606.567,11.02,45.12,189.836,7.641,19265457.352,9.551
863,16,11056.463,37205.635,46.314,183.519,208.578,2.591,2216241.62,7.876
864,16,11039.467,37732.656,56.928,230.325,183.832,12.061,48010027.385,18.581
865,16,11124.613,34110.679,63.663,325.584,189.422,5.109,8613997.249,9.525
866,16,11276.419,34846.235,157.466,7630.611,0,12.326,50139032.773,5.098
867,16,11272.573,35101.627,205.707,11881.678,0,14.222,66747008.337,5.89
868,16,11278.449,36016.652,202.449,11691.058,0,9.454,29494223.395,4.768
869,16,21574.611,30406.993,163.185,4402.383,0,7.401,18077149.331,6.352
870,16,22685.199,29449.396,175.918,4224.503,0,6.667,14667027.354,6.958
871,16,23277.566,29759.798,8.632,69.083,103.247,7.418,18157143.012,6.188
872,16,23700.799,28935.377,158.707,3602.713,0.199,5.692,10690549.408,6.383
873,16,23796.419,29453.48,199.034,5260.878,0,9.521,29916331.904,8.434
874,16,24001.339,28965.037,4.135,65.82,88.761,7.671,19420704.731,5.805
875,16,26632.458,13057.281,86.811,410.583,109.461,5.283,9209423.348,12.528
876,16,26758.125,12641.823,185.354,8013.518,0,13.074,56405282.46,6.505
877,16,26804.496,13758.46,6.391,55.015,179.567,6.961,15991660.518,6.655
878,16,27221.556,14410.825,210.267,9104.288,0,12.259,49599379.214,6.902
879,16,27358.239,13440.166,6.321,107.765,155.301,8.975,26580695.571,4.562
880,16,27376.968,14693.15,65.312,322.699,163.484,9.44,29406338.25,14.201
881,16,27942.306,14464.131,216.13,8510.371,0,3.129,3231719.863,4.916
882,16,28203.853,15703.167,221.926,12546.638,0,6.744,15011592.387,4.603
883,16,28321.455,14958.193,7.878,143.522,258.796,17.094,96425987.765,5.555
884,16,28630.571,15381.556,50.298,200.095,151.006,8.265,22544303.317,13.039
885,16,28873.441,16089.853,233.356,7680.567,0,5.245,9080328.229,6.259
886,16,28986.536,15658.54,166.396,4016.566,0,5.864,11349167.658,6.38
887,16,30079.015,35357.215,5.061,56.336,32.223,3.958,5168928.178,5.18
888,16,32346.52,26608.89,178.079,3159.497,0,5.567,10226608.205,8.07
889,16,32517.609,26186.711,188.737,4602.333,0,9.581,30293984.629,8.659
890,16,32672.314,27002.435,202.462,4812.142,0,5.936,11628159.551,7.372
891,16,33122.315,27445.198,9.527,61.805,122.453,10.364,35448324.942,8.492
892,16,33441.604,26888.991,7.561,24.783,99.738,7.526,18691690.053,13.788
893,16,33771.552,27175.542,125.88,1747.471,13.929,5.07,8483317.743,7.34
894,16,34455.044,29143.045,76.754,358.859,95.385,8.068,21480539.781,14.995
895,16,34852.202,28681.064,45.123,127.032,130.401,3.357,3719924.253,10.202
896,16,34961.002,29963.084,2.809,55.996,102.628,11.272,41927501.8,8.165
897,16,35404.546,30322.402,166.018,4397.024,0,10.691,37719214.633,7.83
898,16,35552.97,29544.816,65.956,194.894,122.927,9.67,30859381.467,23.011
899,16,35737.573,29857.626,190.625,4475.025,0,2.672,2355791.105,6.008
900,16,35886.803,28627.145,97.868,421.346,68.001,3.588,4247704.426,12.206
901,16,36086.622,27621.466,22.624,42.992,103.115,5.041,8384735.006,12.625
902,16,36160.22,24718.352,2.72,45.154,72.442,3.263,3514643.24,5.483
903,16,36203.301,26375.755,162.4,3095.914,0,5.024,8329920.948,6.987
904,16,36398.55,28163.059,168.398,3085.52,0,4.354,6256005.563,7.042
905,16,37233.865,25960.664,72.001,239.673,52.978,5.988,11831764.706,15.576
906,16,37258.333,26268.278,111.642,506.266,37.62,3.221,3424379.017,12.327
907,17,10116.947,38879.494,292.181,20572.408,0,10.115,33765817.887,5.515
908,17,10250.356,38466.681,211.196,11864.92,0,8.512,23913534.178,4.809
909,17,10263.379,39462.793,147.554,4938.919,3.802,6.01,11918236.152,4.832
910,17,10422.494,37799.869,198.36,10200.213,0,9.583,30305918.316,5.128
911,17,10547.112,33359.706,44.397,89.766,151.284,5.556,10188504.961,16.344
912,17,10801.394,33043.46,10.139,65.499,158.412,3.869,4939660.363,5.36
913,17,10765.574,35657.727,42.869,80.43,213.288,8.694,24946450.938,23.692
914,17,10727.484,38577.964,196.394,8049.794,0,10.285,34911954.394,6.207
915,17,10992.11,37806.404,205.521,9996.043,0,7.264,17411633.344,4.933
916,17,11038.594,37204.883,4.259,75.935,199.82,7.895,20568625.464,5.306
917,17,11137.127,34110.996,79.211,634.278,179.889,8.426,23432624.874,10.123
918,17,11116.283,36303.527,248.888,15087.382,0,3.466,3963803.799,4.231
919,17,11198.335,36882.902,8.368,101.02,188.577,14.803,72310755.884,6.886
920,17,11283.911,34850.299,201.061,11358.884,0,10.334,35244624.607,4.999
921,17,11275.737,35109.04,211.274,12140.098,0,13.417,59403575.788,5.837
922,17,11294.617,35929.181,218.297,13544.949,0,11.369,42659159.137,5.172
923,17,21548.355,30218.498,186.32,4845.817,0,4.885,7876367.291,6.194
924,17,21593.644,30400.054,7.11,49.308,121.42,2.721,2443832.613,5.463
925,17,22192.89,29789.352,37.537,73.022,125.48,6.052,12088747.366,16.318
926,17,22783.686,29333.609,105.989,741.911,73.722,5.15,8754258.659,10.605
927,17,22847.544,30092.26,160.566,4059.593,0,8.607,24446338.421,7.039
928,17,23355.774,29720.869,6.465,33.412,117.88,9.311,28611700.313,12.029
929,17,23646.544,28975.383,187.387,4483.897,0,4.083,5502246.434,6.276
930,17,24144.054,29235.178,75.512,377.048,60.614,9.267,28338841.093,15.463
931,17,26650.487,13328.549,213.55,7357.681,0,6.646,14576620.698,6.18
932,17,26752.843,12629.959,212.269,9036.929,0,7.162,16925708.912,5.478
933,17,26836.872,13704.74,206.275,7353.177,0,9.411,29226746.72,6.836
934,17,27087.19,12985.016,92.168,554.517,82.5,3.694,4502182.899,9.486
935,17,27199.818,14426.279,162.77,5785.178,0,14.72,71512170.255,7.42
936,17,27306.609,13448.279,233.217,8929.347,0,9.462,29548722.938,7.117
937,17,27394.592,14747.351,74.345,424.412,166.719,7.539,18754817.115,11.872
938,17,27927.054,14401.685,7.589,108.388,166.416,4.505,6697916.501,3.797
939,17,28200.208,15695.88,158.486,7447.688,0,8.84,25788903.604,4.546
940,17,28309.848,15004.847,234.494,13808.556,0,9.74,31307382.857,5.272
941,17,28643.066,15298.97,60.4,293.217,147.168,8.298,22722745.661,12.478
942,17,28867.669,16120.62,36.657,66.525,133.914,5.128,8676972.034,15.385
943,17,30098.405,35425.206,73.927,148.946,25.4,2.345,1814671.771,14.797
944,17,32356.846,26600.906,149.032,2368.501,0,6.308,13133190.717,8.122
945,17,32515.527,26173.681,202.423,5850.577,0,4.836,7717682.961,6.086
946,17,32680.929,27005.095,129.204,2297.075,17.91,7.332,17742268.769,7.249
947,17,33129.985,27414.414,64.862,365.902,110.885,4.908,7948569.519,8.847
948,17,34228.394,28106.491,56.53,104.541,79.818,8.771,25388354.794,29.062
949,17,34453.151,29126.538,237.306,7345.799,0,5.558,10192854.771,6.7
950,17,34889.096,29762.167,206.758,5599.597,0,10.863,38942565.973,9.24
951,17,34864.594,28696.056,47.89,125.654,124.505,4.626,7063516.735,12.551
952,17,35476.635,30346.331,136.089,3124.821,0,9.465,29564651.343,7.039
953,17,35658.623,27159.485,136.222,2209.672,0,2.942,2856694.027,6.217
954,17,35674.421,29716.708,73.525,137.476,100.196,7.751,19825108.876,31.688
955,17,35941.546,24483.308,119.913,514.68,40.913,3.949,5146030.07,14.608
956,17,35930.011,28662.692,184.486,3680.472,0,3.392,3797242.022,6.688
957,17,36154.478,24650.571,184.353,2983.876,0,5.846,11278115.996,9
958,17,37247.73,25933.991,74.074,268.262,53.396,4.987,8209041.944,13.37
959,17,37306.349,26255.255,65.248,147.032,45.35,2.878,2732517.771,13.666
960,18,10009.378,39397.022,61.201,279.457,145.123,8.867,25948625.175,13.874
961,18,10062.848,38904.079,244.979,13283.106,0,6.68,14726910.508,5.018
962,18,10277.992,38482.975,240.628,15881.62,0,14.934,73598425.848,6.17
963,18,10262.859,39437.028,170.299,6370.809,0,8.85,25846230.094,5.59
964,18,10420.248,37754.797,219.448,11197.611,0,13.037,56094146.382,6.495
965,18,10414.253,38018.651,223.041,12396.236,0,12.99,55684991.145,6.134
966,18,10679.21,33646.442,63.424,176.774,200.978,5.524,10069247.337,15.675
967,18,10637.543,37159.827,321.691,24317.115,0,8.39,23229275.983,5.191
968,18,10714.016,34750.479,71.716,236.668,240.391,14.862,72892145.644,32.271
969,18,10603.985,38809.98,265.353,14289.13,0,11.866,46463027.438,6.834
970,18,10804.284,35477.943,216.488,11644.474,0,7.379,17971173.535,4.8
971,18,10874.489,33134.206,28.104,90.102,170.924,17.043,95857302.483,20.956
972,18,10961.058,37836.022,4.472,72.487,221.236,9.299,28535291.223,6.01
973,18,11134.872,34103.943,201.172,9223.335,0,4.806,7623985.45,4.584
974,18,11280.276,34853.594,175.61,9241.463,0,10.408,35747614.188,4.798
975,18,11281.419,36001.658,10.759,159.759,255.129,8.508,23885674.464,3.871
976,18,21556.41,30406.82,204.455,6204.779,0,8.173,22045425.735,7.145
977,18,21566.312,30209.284,151.103,3635.879,0,5.189,8887194.211,5.808
978,18,21874.82,30524.324,139.223,816.272,95.195,5.548,10157493.879,15.398
979,18,21910.004,29869.231,190.417,4780.158,0,6.713,14871389.623,7.142
980,18,22273.959,30264.646,79.047,389.644,96.256,6.165,12543332.09,12.367
981,18,22736.312,29375.791,121.584,814.914,82.933,7.758,19862141.695,15.396
982,18,23681.135,28921.778,2.803,52.802,108.121,7.672,19426475.806,6.721
983,18,23857.452,29401.899,266.358,8971.374,0,6.909,15750834.704,7.421
984,18,24156.399,29203.383,10.758,85.309,87.666,5.743,10886044.386,5.152
985,18,26639.869,13199.066,0.969,83.852,148.36,9.211,27998605.608,5.114
986,18,26717.474,13480.952,256.295,10495.197,0,8.82,25674464.235,7.004
987,18,26766.447,12620.791,171.909,5892.961,0,5.056,8435965.756,5.018
988,18,26786.49,13722.957,160.351,2679.405,52.327,5.36,9480402.631,7.729
989,18,27050.979,14020.821,208.566,8130.412,0,5.202,8929820.099,5.24
990,18,27164.612,14360.081,213.461,9994.238,0,10.532,36607165.259,6.045
991,18,27405.992,14735.684,93.749,839.14,142.282,9.467,29580142.916,11.271
992,18,27564.709,13966.646,51.32,132.467,158.511,6.627,14493765.182,16.342
993,18,27939.363,14481.289,228.522,9847.66,0,7.442,18278313.915,5.786
994,18,28304.86,15044.313,267.919,15189.039,25.247,6.419,13597039.944,5.104
995,18,28898.198,16081.751,129.46,1294.079,93.531,7.009,16212060.811,10.946
996,18,32357.579,26635.79,79.842,344.179,50.589,5.883,11420260.096,13.472
997,18,32474.872,26193.304,67.325,322.837,95.588,4.901,7927331.892,10.136
998,18,32638.599,26957.703,5.439,35.152,113.8,3.588,4247706.699,6.851
999,18,33114.619,27407.325,72.36,445.78,99.942,10.884,39096800.197,14.05
1000,18,34181.508,27724.436,191.254,3535.037,0,3.758,4660351.309,7.302
1001,18,34500.364,29160.735,95.18,530.912,77.871,7.081,16546621.133,13.942
1002,18,34868.315,29556.807,200.013,5569.497,0,6.193,12655769.604,6.665
1003,18,34879.752,28702.818,173.159,5054.643,0,7.2,17107368.088,6.193
1004,18,35017.231,29933.084,175.135,3701.617,0,9,26729061.192,8.823
1005,18,35423.961,30329.202,158.871,3010.416,0,6.627,14492072.4,7.648
1006,18,35442.106,29527.575,9.448,31.815,136.326,4.929,8018090.584,9.272
1007,18,35696.104,29726.239,160.959,3288.565,0,6.157,12510433.75,7.106
1008,18,37263.348,25960.108,84.54,223.249,57.389,2.135,1503922.21,13.118
1009,19,10091.333,38864.738,268.872,15995.659,0,9.462,29546317.601,5.696
1010,19,10263.725,38479.032,208.769,11694.857,0,7.444,18286651.452,4.579
1011,19,10214.614,39422.707,190.327,7385.18,0,7.816,20159468.894,5.596
1012,19,10412.604,37738.572,76.787,629.046,158.915,3.165,3304950.298,6.825
1013,19,10633.488,33638.37,212.605,10811.04,0,8.704,24999507.937,5.215
1014,19,10651.561,37093.312,203.459,11330.625,0,10.517,36501574.462,5.133
1015,19,10745.986,34827.642,234.404,15741.882,0,12.317,50063137.968,5.346
1016,19,10709.949,36739.871,80.435,754.737,191.436,9.238,28163028.955,9.527
1017,19,10651.164,38582.088,85.046,661.739,167.147,9.311,28611719.53,11.633
1018,19,10818.58,35222.603,303.232,20494.683,0,8.161,21979969.706,5.329
1019,19,10800.603,35598.209,5.526,117.296,189.885,4.88,7859670.626,3.506
1020,19,10878.102,33181.436,169.437,6465.107,0,10.138,33916348.956,5.837
1021,19,11010.273,37183.995,239.194,13230.368,0,6.702,14824980.386,4.884
1022,19,11049.37,37707.931,169.251,6950.466,0,12.352,50352586.407,6.112
1023,19,11109.383,34102.473,223.207,11452.07,0,8.623,24539858.343,5.339
1024,19,11253.645,34855.345,235.401,14280.319,0,15.664,80969898.836,6.696
1025,19,11308.521,35162.211,192.393,9965.232,0,7.96,20909897.184,4.669
1026,19,11255.096,35987.687,228.005,15365.567,0,8.866,25943994.309,4.54
1027,19,21782.294,30617.809,171.457,4020.402,0,7.548,18801768.016,7.33
1028,19,21892.672,29833.007,148.695,3170.399,0,7.657,19351039.966,7.148
1029,19,22218.676,29722.444,175.146,4276.272,0,7.222,17212130.8,7.087
1030,19,22755.891,29362.542,180.552,4956.354,0,7.378,17962840.058,6.719
1031,19,22830.558,30118.532,224.777,7355.329,0,4.343,6224511.784,5.864
1032,19,23417.106,29087.256,73.96,416.93,89.176,1.357,607587.753,7.565
1033,19,23381.872,29760.068,161.634,3474.117,0,8.239,22401351.411,7.816
1034,19,23838.932,29448.425,10.049,53.599,103.767,10.069,33458309.521,9.578
1035,19,24148.829,29127.131,216.338,5122.217,0,7.775,19948744.311,8.753
1036,19,26655.684,13327.896,186.359,6531.883,0,12.077,48130538.344,7.369
1037,19,26695.293,13461.883,197.569,7293.663,0,6.491,13903506.833,5.564
1038,19,26805.351,12666.355,247.131,13077.103,0,8.53,24012317.795,5.582
1039,19,27048.472,13965.151,35.039,84.121,180.272,10.218,34455120.597,19.368
1040,19,27178.013,14325.162,222.899,10198.851,0,11.032,40165898.118,6.512
1041,19,27443.336,14749.587,169.857,6827.926,0,9.766,31477689.466,5.531
1042,19,27601.522,13986.936,201.963,8499.2,0,12.094,48266249.021,6.787
1043,19,27956.945,14481.933,199.785,8320.795,0,3.756,4655313.614,4.656
1044,19,28165.598,15666.883,81.594,472.954,191.608,7.771,19930660.12,12.784
1045,19,28306.199,15057.279,240.823,16178.018,0,10.6,37080258.936,5.072
1046,19,28627.71,15391.001,98.383,737.198,138.617,4.7,7289104.647,9.259
1047,19,28970.197,16044.231,182.789,5005.098,0,3.835,4852535.635,5.644
1048,19,32378.338,26613.701,129.411,1939.156,0,3.595,4264609.224,6.527
1049,19,32468.099,26193.923,181.481,4249.2,0,9.266,28335540.404,8.507
1050,19,32721.528,27068.019,160.13,3752.222,0,10.123,33820672.14,8.127
1051,19,33676.799,28109.787,165.473,2757.085,0,5.813,11150233.382,8.158
1052,19,34186.407,27744.532,57.644,208.844,74.71,8.398,23272456.711,15.61
1053,19,34878.884,28725.243,110.849,776.102,106.511,6.527,14058303.463,12.382
1054,19,34937.931,29847.468,167.455,3832.521,0,5.221,8994821.135,6.401
1055,19,35324.061,29265.233,193.235,5230.752,0,4.279,6042594.856,5.991
1056,19,35487.78,30284.766,165.733,3305.845,0,4.905,7938661.354,6.824
1057,19,35557.835,28680.449,143.955,2744.252,0,3.981,5230449.267,6.131
1058,19,35513.248,29496.833,94.062,381.697,119.814,7.993,21086371.447,19.719
1059,19,36139.959,27383.126,140.779,2695.206,0,8.161,21980663.315,7.673
1060,19,36376.71,28127.76,250.717,5772.341,0,3.755,4653919.292,7.517
1061,19,37272.512,25919.022,7.998,57.175,74.641,6.696,14794922.217,6.642
1062,20,9949.298,39315.222,187.156,6465.716,0,7.498,18555583.961,5.901
1063,20,10047.476,38882.233,3.978,35.505,209.676,8.832,25741337.305,10.336
1064,20,10238.925,38479.095,2.708,113.922,236.248,8.734,25176077.829,4.042
1065,20,10254.9,39441.741,180.579,6371.961,0,9.737,31285816.424,6.353
1066,20,10433.462,37842.849,218.671,12083.944,0,10.61,37154688.679,5.459
1067,20,10585.81,33143.818,218.448,8145.065,0,7.009,16211128.625,6.061
1068,20,10738.292,34862.557,221.295,13221.705,0,10.875,39032459.824,5.26
1069,20,10714.292,36761.615,73.771,521.461,224.383,12.419,50900743.423,13.972
1070,20,10822.005,36140.998,163.299,3349.282,85.609,3.539,4134399.38,6.18
1071,20,10877.033,33200.07,236.523,11588.972,0,10.223,34486672.691,6.21
1072,20,10848.524,33546.704,107.74,575.724,148.699,7.798,20066295.524,17.006
1073,20,10960.736,37938.563,8.39,63.351,207.626,13.632,61329899.699,9.748
1074,20,11039.662,37119.968,0.514,115.37,196.151,5.257,9119814.295,3.386
1075,20,11019.578,37701.197,238.799,12743.123,0,11.956,47172455.386,6.369
1076,20,11119.981,34083.556,9.213,96.765,176.584,13.071,56379447.581,6.745
1077,20,11277.731,34930.006,195.799,10606.451,0,9,26730112.855,4.782
1078,20,11281.586,35978.114,279.967,21907.31,0,13.005,55816130.557,5.6
1079,20,21541.212,30237.65,161.329,2636.083,30.084,5.819,11174780.688,8.132
1080,20,22053.106,30352.661,49.96,108.688,106.77,6.487,13889310.15,18.292
1081,20,22205.698,29777.215,57.437,90.907,100.939,7.133,16788886.149,28.559
1082,20,22739.519,29394.914,55.757,162.279,116.229,1.616,862242.116,9.579
1083,20,22729.784,30144.519,166.851,4452.331,0,6.355,13327167.083,6.14
1084,20,23427.597,29132.905,233.896,7205.455,0,6.918,15795372.187,7.22
1085,20,23601.208,29603.244,8.76,89.181,114.657,12.243,49462906.223,6.799
1086,20,23867.018,29461.124,167.049,3737.948,0,7.166,16944634.66,7.273
1087,20,24148.43,29102.194,193.986,4358.337,0,7.107,16667481.573,8.035
1088,20,26639.297,13342.925,192.974,7438.383,0,15.132,75565463.235,8.122
1089,20,26774.266,12632.05,191.404,7456.05,0,9.621,30545502.051,6.123
1090,20,27381.554,13553.492,240.501,9937.971,0,10.228,34523916.359,7.164
1091,20,27432.252,14738.966,96.075,1006.745,127.935,4.483,6632076.451,7.191
1092,20,27511.581,13830.974,193.986,6928.525,0,6.85,15483395.782,5.719
1093,20,27657.516,14062.639,227.816,8975.843,0,8.556,24161189.567,6.518
1094,20,27741.693,15119.191,174.467,5072.398,0,4.506,6699693.937,5.46
1095,20,27912.666,14475.951,8.947,62.887,185.685,6.623,14474954.585,6.349
1096,20,28136.51,15659.428,121.142,1913.651,129.775,6.572,14253663.337,7.204
1097,20,28321.483,15042.727,289.011,20107.434,0,4.264,5999901.722,4.353
1098,20,28558.222,15999.676,4.961,70.254,125.933,7.157,16905924.259,5.443
1099,20,28914.383,16047.393,74.072,258.149,113.592,2.971,2913950.037,11.14
1100,20,30223.288,35324.628,51.196,77.327,30.846,3.415,3848850.94,16.943
1101,20,32480.026,26201.214,68.597,279.566,104.083,6.319,13178430.313,13.221
1102,20,32802.142,27123.119,7.539,46.188,104.982,8.155,21948893.663,8.627
1103,20,33151.006,27437.191,105.929,1243.489,65.802,10.423,35851014.63,10.536
1104,20,34208.232,27793.805,168.075,3469.091,0,3.847,4884378.549,6.356
1105,20,34398.969,28962.886,4.098,46.365,109.076,4.446,6522056.909,5.951
1106,20,34880.077,28720.011,0.583,104.495,129.965,11.005,39968021.423,4.744
1107,20,34879.108,29443.954,6.4,56.407,119.196,3.771,4693149.466,5.268
1108,20,35355.258,29302.946,43.882,114.477,135.957,6.659,14635062.51,14.796
1109,20,35437.476,30341.914,57.319,151.088,82.164,5.065,8464702.383,14.581
1110,20,35560.882,27562.876,68.898,234.884,62.024,4.287,6063828.431,12.392
1111,20,35562.28,28697.271,136.593,2846.427,0,6.447,13716359.42,6.395
1112,20,35605.915,27037.629,7.507,36.75,83.407,3.837,4859315.133,7.144
1113,20,35914.321,26041.646,31.235,48.219,70.292,5.491,9948472.22,17.107
1114,20,35909.889,28823.04,180.992,3404.702,0,4.051,5416424.224,7.11
1115,20,35965.619,30270.91,196.089,3516.635,0,3.255,3495804.157,7.325
1116,20,37236.948,25860.813,75.694,257.499,57.027,6.41,13559389.73,16.576
1117,21,9926.35,39288.437,94.693,758.857,98.694,4.977,8174787.631,8.815
1118,21,10079.854,38914.488,236.691,12009.591,0,8.344,22977684.412,5.531
1119,21,10241.284,38518.561,199.036,10679.501,0,11.44,43192752.152,5.402
1120,21,10392.608,37902.687,170.145,6201.12,31.789,4.775,7524530.282,4.757
1121,21,10428.463,37678.712,80.844,697.513,157.043,11.319,42277706.36,11.746
1122,21,10759.442,34443.212,216.732,11105.429,0,4.742,7421712.348,4.474
1123,21,10723.764,34871.194,189.545,10233.35,0,7.007,16204420.797,4.34
1124,21,10610.104,38564.933,61.651,296.227,224.995,9.335,28759060.577,13.848
1125,21,10778.049,35785.175,60.687,208.915,174.625,4.9,7924991.948,12.11
1126,21,10838.469,33683.112,86.626,323.762,184.955,5.936,11627700.919,16.115
1127,21,10896.787,33165.228,126.217,3105.867,60.503,3.683,4475740.585,4.853
1128,21,11027.15,37109.882,42.675,156.08,191.981,6.073,12172930.003,10.55
1129,21,11161.655,36231.234,342.696,26285.274,0,7.104,16655210.218,5.065
1130,21,11272.929,35161.039,239.84,14449.722,0,6.609,14414281.031,4.617
1131,21,11281.709,35760.311,8.38,110.798,218.743,6.548,14149873.353,4.194
1132,21,21525.692,30204.081,202.18,5205.449,0,6.659,14632298.22,7.288
1133,21,21751.485,30634.586,87.368,704.596,82.453,4.708,7314667.314,8.18
1134,21,21960.796,29854.665,63.237,253.975,93.258,3.13,3233286.591,9.456
1135,21,22758.333,29397.893,164.921,4057.219,0,6.825,15370862.92,6.608
1136,21,22756.071,30151.975,138.423,3172.005,12.544,3.454,3936920.018,5.269
1137,21,23437.754,29039.674,6.389,49.119,107.691,7.463,18379479.835,7.533
1138,21,23489.751,29658.95,169.303,3662.305,0,5.817,11166068.95,6.924
1139,21,23856.983,29436.498,197.447,5114.535,0,6.775,15149855.968,7.19
1140,21,24145.44,29132.999,313.231,10223.016,0,4.483,6632300.46,7.258
1141,21,26623.677,13382.454,183.996,6781.624,0,15.189,76140899.462,8.131
1142,21,26771.01,12622.444,58.151,231.398,158.759,7.579,18958251.063,13.514
1143,21,26880.486,13841.131,4.608,62.465,153.205,9.927,32520962.131,7.062
1144,21,27127.356,14075.442,214.345,8972.484,0,13.111,56730702.583,7.508
1145,21,27232.373,14362.293,257.946,13043.883,0,12.539,51884399.863,7.263
1146,21,27408.764,14663.417,224.094,11155.135,0,15.641,80739390.032,7.579
1147,21,27646.821,14989.826,220.925,8673.229,0,9.741,31311063.316,6.807
1148,21,27955.339,14482.422,209.443,10150.762,0,18.118,108333210.172,8.137
1149,21,28120.352,15655.93,81.743,582.472,190.472,9.595,30382982.695,12.409
1150,21,28284.519,14946.822,192.558,9456.574,0,6.463,13783320.035,4.556
1151,21,28719.589,15358.348,9.112,198.438,141.721,11.942,47063435.242,3.618
1152,21,29063.524,15819.936,56.642,202.376,77.6,4.155,5697632.924,10.53
1153,21,30287.619,35348.099,56.359,113.025,37.222,2.641,2302007.63,13.233
1154,21,32441.316,26248.233,53.555,109.447,125.287,5.233,9036071.344,17.453
1155,21,32713.365,26971.463,59.259,61.218,94.797,1.996,1314494.08,19.272
1156,21,33133.852,26835.896,55.382,89.768,95.587,2.861,2700903.938,15.571
1157,21,33120.02,27441.424,5.903,132.517,127.079,8.44,23506543.593,3.801
1158,21,33437.87,26879.781,11.384,54.386,80.229,4.699,7287347.711,6.647
1159,21,34125.338,27744.665,203.77,4600.092,0,3.516,4078629.792,6.63
1160,21,34392.467,29069.264,158.487,3264.842,0,7.78,19977781.048,7.731
1161,21,34760.777,28539.703,180.522,4513.054,0,4.326,6175655.434,6.051
1162,21,34982.864,29888.335,58.011,122.447,92.58,5.945,11664841.773,19.477
1163,21,35270.13,29259.264,321.451,15864.485,0,4.217,5867839.153,5.636
1164,21,35442.564,28249.25,6.704,54.366,98.015,2.998,2966295.14,5.191
1165,21,35439.198,28559.741,2.842,54.078,113.557,8.381,23180322.937,6.938
1166,21,35473.69,30360.919,194.577,4928.119,0,5.384,9567369.386,6.655
1167,21,35524.074,27590.363,4.009,22.95,91.896,3.354,3713039.922,8.645
1168,21,35638.418,27041.939,71.147,202.601,84.388,3.285,3560621.78,12.863
1169,21,35764.849,24638.628,6.042,41.207,56.956,3.583,4237015.214,6.271
1170,21,36016.983,30285.211,133.97,1892.544,0,5.442,9775144.362,7.739
1171,21,37318.667,25776.07,42.762,54.68,57.832,4.247,5951098.126,19.642
1172,22,9956.741,39282.133,217.315,9051.85,0,5.214,8972724.073,5.161
1173,22,10078.978,38875.852,6.688,52.15,200.208,10.347,35331299.19,8.902
1174,22,10158.649,39445.101,2.368,43.097,200.733,5.07,8484442.832,6.396
1175,22,10741.854,33673.346,51.08,116.271,196.296,4.989,8213460.978,15.112
1176,22,10753.496,34452.078,209.635,9837.444,0,5.49,9946235.351,4.75
1177,22,10732.845,34858.413,264.433,18942.178,0,7.558,18849873.075,4.563
1178,22,10756.717,35850.825,194.804,7542.921,0,4.799,7599753.098,4.969
1179,22,10816.1,35487.174,51.605,221.156,212.841,5.272,9173336.807,9.702
1180,22,10893.156,33157.733,163.059,6148.458,0,7.485,18490425.91,5.073
1181,22,11074.009,34025.292,38.023,121.71,195.489,6.172,12570685.917,11.137
1182,22,11287.827,34928.889,182.374,8218.684,23.16,6.957,15971881.858,4.743
1183,22,11259.92,35773.126,285.137,19205.816,0,7.979,21011290.922,5.082
1184,22,11290.605,36040.742,172.309,7474.215,0,8.645,24664728.744,5.035
1185,22,11679.201,9675.763,8.503,37.574,41.132,2.275,1707317.203,6.446
1186,22,21743.35,30618.248,45.747,98.702,136.489,2.846,2672769.678,11.615
1187,22,21921.309,29880.016,3.758,30.02,114.205,5.722,10805386.051,8.99
1188,22,22233.617,29779.671,187.375,4919.54,0,7.568,18901885.509,7.2
1189,22,22699.9,29433.821,202.233,5765.202,0,15.261,76863623.258,11.049
1190,22,22752.751,30147.072,121.221,1710.81,73.37,7.299,17582885.378,8.193
1191,22,23681.837,28971.134,5.003,38.295,119.002,2.142,1513994.448,5.839
1192,22,23867.791,29439.856,191.717,4981.541,0,3.913,5053978.708,6.004
1193,22,24181.218,29153.109,185.108,4526.643,0,5.061,8452940.908,6.476
1194,22,26653.927,13394.602,203.885,9582.684,0,10.291,34952448.852,5.762
1195,22,26676.008,12992.68,182.786,6833.773,0,6.169,12557297.934,5.175
1196,22,26770.703,12615.386,161.245,5876.293,0,7.911,20654407.835,5.252
1197,22,26787.805,13723.389,80.598,493.418,103.886,10.949,39561191.455,15.427
1198,22,27046.27,13972.823,43.157,110.425,148.75,11.473,43436920.525,22.553
1199,22,27256.838,14513.449,184.741,7377.907,0,13.355,58859719.652,7.007
1200,22,27682.362,14006.077,6.534,48.459,163.419,9.624,30568698.601,8.968
1201,22,27964.814,14476.993,225.161,11992.916,0,10.403,35713982.336,5.676
1202,22,28152.078,15630.629,167.186,7718.663,0,9.109,27384398.986,4.82
1203,22,28277.74,15014.193,68.919,382.125,205.336,4.336,6205680.496,8.87
1204,22,28723.104,15404.053,76.714,601.232,103.465,10.175,34168603.056,11.369
1205,22,28906.282,16123.533,155.671,3683.696,0,6.769,15119784.226,6.509
1206,22,29045.761,15757.772,7.432,54.255,117.676,4.918,7980421.754,5.972
1207,22,30304.162,35309.918,192.157,1602.209,0,2.586,2206087.34,10.963
1208,22,32442.555,26211.947,156.22,3993.349,0,4.758,7471312.279,5.592
1209,22,32728.561,27001.33,84.791,416.539,74.933,5.897,11476863.201,12.703
1210,22,33137.353,26826.381,75.678,165.303,97.492,2.995,2960087.213,15.492
1211,22,33164.116,27453.214,138.757,2554.911,0,6.976,16059275.128,7.266
1212,22,33471.976,26843.389,208.564,4321.951,0,6.895,15687566.172,8.861
1213,22,34154.633,27730.277,189.409,3713.058,0,5.134,8697326.264,7.63
1214,22,34848.259,28683.102,185.662,5488.017,0,12.801,54073932.688,8.773
1215,22,34961.29,29841.658,4.359,65.881,96.639,5.91,11528196.41,5.206
1216,22,35333.784,29269.227,81.005,347.551,124.693,3.567,4197834.002,10.849
1217,22,35438.571,28478.687,8.055,53.602,116.545,8.152,21933508.658,7.776
1218,22,35479.779,30301.487,50.099,69.018,98.244,2.815,2614386.968,16.411
1219,22,35608.303,27589.275,215.698,5131.6,0,3.596,4267841.571,6.672
1220,22,35675.725,27119.441,6.422,35.903,107.12,3.351,3705810.84,6.781
1221,22,35812.631,24699.166,161.311,2063.134,0,3.239,3462436.101,7.991
1222,22,35772.025,29811.649,30.977,57.607,114.313,5.737,10863286.805,15.057
1223,22,35999.147,24407.658,7.954,31.256,55.823,6.29,13058725.214,10.214
1224,22,36020.628,30275.238,162.522,2632.25,0,5.884,11426532.376,8.262
1225,22,36296.704,26442.533,164.386,2609.8,0,3.476,3986488.415,7.196
1226,23,10059.514,38928.155,238.759,12135.371,0,5.999,11876409.035,4.997
1227,23,10303.64,38370.97,155.508,6275.243,20.345,4.918,7983112.824,4.279
1228,23,10397.375,37793.448,187.501,8376.512,0,9.429,29341835.504,5.412
1229,23,10401.894,39191.688,215.484,10542.114,0,12.092,48250981.341,6.337
1230,23,10746.199,34917.312,229.716,13683.264,0,9.381,29040552.525,5.074
1231,23,10731.192,36798.58,239.224,15712.879,0,9.909,32404638.641,4.983
1232,23,10860.089,33164.689,173.405,6892.133,0,5.153,8763512.791,4.633
1233,23,11036.393,37727.528,62.966,288.196,160.929,9.42,29283151.172,14.755
1234,23,11091.824,34058.215,236.346,11863.405,0,14.452,68927252.839,7.455
1235,23,11137.284,36895.22,190.584,7963.06,0,11.271,41924984.006,6.275
1236,23,11181.978,34561.171,281.061,17289.238,0,15.689,81232570.249,7.673
1237,23,11281.118,34878.408,5.997,148.995,236.599,9.902,32356438.815,3.742
1238,23,11281.948,36004.525,7.668,88.746,237.835,9.669,30853838.84,5.697
1239,23,11701.235,9642.495,118.273,924.312,0,4.111,5576527.257,9.648
1240,23,21528.716,30216.96,133.28,2847.873,0,4.146,5673919.819,5.523
1241,23,21733.325,30621.746,135.083,3719.392,0,6.626,14492011.157,5.323
1242,23,21909.755,29889.94,199.671,5833.909,0,8.123,21775374.491,7.202
1243,23,22616.483,29443.697,179.82,4777.817,0,8.503,23858170.638,7.322
1244,23,22698.35,30162.308,127.173,3283.62,10.172,9.07,27150213.167,6.02
1245,23,23689.24,28959.44,4.366,35.034,128.46,6.872,15583648.83,8.94
1246,23,24168.292,29067.008,220.754,5261.922,0,5.773,10997750.826,7.721
1247,23,26601.369,13313.044,140.432,5362.832,0,5.922,11575442.068,4.313
1248,23,26721,12638.327,6.427,113.476,171.061,10.18,34199712.939,4.681
1249,23,27117.902,13919.733,3.049,35.758,167.25,4.563,6870957.408,7.046
1250,23,27436.862,14720.661,8.196,86.484,195.731,10.053,33355076.535,6.044
1251,23,27520.06,13881.576,211.918,7467.698,0,5.62,10423330.69,5.747
1252,23,27986.576,14491.808,63.173,261.225,191.542,2.537,2123564.519,8.869
1253,23,28176.234,15669.295,230.438,11130.694,0,4.603,6992543.021,4.774
1254,23,28312.155,15041.387,227.349,13373.952,0,6.558,14191046.871,4.524
1255,23,28788.939,15506.377,207.394,6390.281,0,3.97,5202257.649,5.698
1256,23,28924.834,16158.223,140.05,2868.835,2.008,6.232,12816975.552,6.498
1257,23,29117.386,15836.141,8.455,73.902,119.43,8.557,24165926.161,6.294
1258,23,32466.134,26237.63,189.964,4967.106,0,2.502,2065541.9,5.618
1259,23,32691.132,27007.277,167.477,3565.066,0,6.671,14688025.641,7.324
1260,23,33140.447,27441.236,119.324,2812.104,0,6.186,12629225.798,5.34
1261,23,33444.289,26796.128,148.844,2272.642,0,8.214,22268635.238,9.548
1262,23,33552.779,27978.363,52.188,80.521,85.102,3.968,5197172.472,18.235
1263,23,34224.487,28125.206,34.459,97.739,88.762,3.745,4629474.019,9.361
1264,23,34387.369,29156.102,113.905,1271.294,40.461,7.569,18907741.45,9.536
1265,23,34833.883,28686.323,204.173,6266.157,0,4.64,7105079.44,5.838
1266,23,35338.916,29281.317,300.685,14151.385,0,5.869,11368226.229,6.038
1267,23,35438.22,30398.758,9.806,82.427,98.584,6.937,15881683.621,5.486
1268,23,35468.415,28448.775,85.905,424.506,70.848,7.025,16284099.425,14.187
1269,23,35532.047,28785.778,214.402,5601.326,0,3.794,4751419.54,6.353
1270,23,35749.508,29757.192,29.057,77.49,99.168,10.426,35872643.135,16.56
1271,23,35884.056,24381.674,138.505,1442.663,0,3.584,4239186.863,8.477
1272,23,35854.12,24815.657,163.829,2692.631,0,3.393,3799673.37,7.002
1273,23,35860.646,29951.656,51.957,147.917,82.459,6.439,13684405.617,14.898
1274,23,35973.511,30273.545,50.009,143.143,58.63,3.07,3109710.41,10.33
1275,23,37238.054,25411.394,56.882,69.16,46.913,4.851,7766520.773,26.648
1276,24,10069.433,38929.789,205.506,9433.439,0,8.302,22743514.423,5.372
1277,24,10624.408,33653.903,158.483,5734.659,0,7.252,17354600.68,5.066
1278,24,10720.579,34929.983,187.561,8341.558,0,6.581,14291113.015,4.793
1279,24,10734.512,36817.341,251.042,18111.132,0,8.666,24782235.237,4.587
1280,24,10608.759,38586.286,59.65,147.392,205.769,7.862,20400260.417,21.266
1281,24,10632.979,38826.062,112.755,1276.951,129.688,8.508,23888590.294,10.005
1282,24,10794.627,35554.063,192.022,9065.463,0,9.593,30371990.445,5.329
1283,24,10829.639,33150.639,225.885,10579.393,0,5.196,8908156.745,4.916
1284,24,11023.368,37139.739,38.433,136.034,175.189,4.588,6948012.131,9.054
1285,24,11040.771,37762.058,8.237,65.234,184.199,16.833,93514079.176,11.2
1286,24,11108.128,34111.814,218.375,10328.628,0,9.189,27868020.975,5.72
1287,24,11184.43,36427.777,207.289,8834.863,0,5.907,11516721.289,5.093
1288,24,11248.722,34779.463,205.306,12565.824,0,6.947,15924833.934,4.205
1289,24,11279.319,35956.27,215.099,13580.551,0,14.401,68443859.117,5.725
1290,24,11758.111,9679.859,4.218,58.709,39.141,6.659,14633724.219,5.915
1291,24,21530.969,30216.769,210.781,5308.449,0,9.555,30130881.777,9.187
1292,24,21798.081,30590.135,164.485,4882.375,0,11.988,47428831.114,7.603
1293,24,21897.677,29847.074,146.982,4068.792,0,8.707,25018341.668,6.217
1294,24,22639.726,29476.388,2.126,41.244,126.435,11.515,43756139.589,10.736
1295,24,22737.493,30139.065,66.012,335.465,116.016,6.78,15170628.642,11.27
1296,24,23581.8,28977.988,197.981,6231.686,0,6.188,12638078.202,6.096
1297,24,23582.569,29480.667,284.228,9562.464,0,8.893,26102234.252,8.847
1298,24,23878.979,29472.927,172.656,3858.25,0,5.701,10725578.117,6.815
1299,24,24154.48,29095.265,178.951,3620.367,0,5.952,11692824.049,7.586
1300,24,26613.667,13316.057,188.066,8499.986,0,7.986,21046940.546,5.043
1301,24,26802.285,12632.401,7.872,58.885,154.333,6.166,12547663.345,6.237
1302,24,26962.559,13931.757,84.812,368.12,132.794,8.145,21891211.211,17.368
1303,24,27440.503,14699.635,236.686,13823.05,0,16.808,93231110.907,7.284
1304,24,27414.302,13834.691,47.69,125.147,131.887,2.474,2020298.592,10.105
1305,24,27958.034,14465.335,136.947,5101.748,30.521,8.254,22484118.864,4.719
1306,24,28506.783,15926.612,87.066,632.131,105.236,3.593,4261521.567,8.075
1307,24,28798.494,15440.328,4.538,92.346,123.423,12.587,52286261.461,5.959
1308,24,28860.734,16077.176,208.522,5568.018,0,4.867,7818711.993,6.527
1309,24,29010.166,15813.431,209.855,5763.104,0,7.883,20506620.987,7.706
1310,24,32444.2,26243.081,70.111,208.94,81.845,3.495,4030246.243,12.65
1311,24,32740.9,26163.087,159.316,1008.693,68.841,4.789,7569831.608,14.77
1312,24,33140.414,27435.001,99.407,984.463,72.314,7.532,18721079.709,9.451
1313,24,33535.319,26830.907,129.975,1942.776,0,8.011,21181127.658,8.651
1314,24,33556.772,27931.926,166.983,2763.654,0,5.21,8959268.091,7.91
1315,24,34177.777,27724.024,158.91,2604.694,0,7.545,18784755.341,9.059
1316,24,34430.367,29148.428,220.949,5178.823,0,4.189,5789741.164,7.063
1317,24,34662.196,28490.123,217.067,5531.872,0,4.918,7982488.722,6.918
1318,24,34879.213,28719.344,3.568,79.397,113.579,2.44,1965022.858,3.877
1319,24,35028.924,29885.792,79.311,406.234,94.218,5.917,11553210.437,11.761
1320,24,35327.188,29277.664,121.278,1662.543,81.989,4.009,5304194.82,6.783
1321,24,35359.43,30319.922,2.211,35.528,94.616,5.97,11762794.344,7.913
1322,24,35536.356,28997.916,284.851,10847.813,0,9.914,32436869.713,8.559
1323,24,35598.46,27286.135,9.029,49.885,89.878,9.806,31730916.506,9.62
1324,24,35523.209,28279.863,5.963,25.16,110.178,4.11,5573542.337,9.137
1325,24,35600.008,29599.48,4.45,97.457,109.792,11.785,45837710.78,5.46
1326,24,35915.402,24886.808,3.442,22.086,75.469,6.6,14373394.191,12.502
1327,24,35814.205,29953.347,223.641,5349.341,0,5.581,10277654.258,7.672
1328,24,35998.539,27520.762,3.347,58.888,90.16,7.457,18349477.284,6.14
1329,25,10027.468,38991.831,98.069,1275.505,129.007,9.093,27287097.438,8.406
1330,25,9990.051,39294.329,178.999,6982.572,0,5.656,10557295.094,4.868
1331,25,10230.399,39423.132,225.141,10794.08,0,8.315,22817104.456,5.551
1332,25,10611.034,33649.608,253.661,12716.922,0,9.042,26980008.419,6.059
1333,25,10700.078,36767.276,216.385,11998.654,0,5.407,9648208.62,4.366
1334,25,10609.679,38855.753,71.925,350.278,162.676,16.26,87254003.184,24.223
1335,25,10843.838,33138.395,58.37,309.165,155.862,1.978,1291253.158,7.183
1336,25,10955.145,37217.956,67.596,185.682,175.364,2.921,2814794.399,12.282
1337,25,11056.683,37708.638,185.693,7220.735,0,9.788,31617569.073,6.047
1338,25,11131.149,34150.322,207.148,9786.814,0,5.668,10603184.674,4.73
1339,25,11089.305,36880.404,141.972,1812.196,119.885,8.86,25905366.762,11.129
1340,25,11259.865,34862.342,193.713,9633.302,0,15.188,76128455.414,6.601
1341,25,11265.498,36032.16,232.409,14128.678,0,11.043,40246432.454,5.421
1342,25,11723.548,9687.249,50.851,77.498,39.106,3.581,4231569.276,17.164
1343,25,21522.104,30159.842,4.264,54.517,120.317,8.102,21663246.536,6.92
1344,25,21680.565,30565.591,4.669,111.778,158.971,7.742,19778276.396,4.028
1345,25,21927.743,29863.03,103.09,424.292,129.509,4.581,6925665.741,14.586
1346,25,22656.129,29477.659,35.323,76.04,123.06,8.161,21978595.556,17.963
1347,25,22671.903,30132.607,216.092,8196.295,0,5.574,10252444.506,5.54
1348,25,22829.237,29346.306,64.809,212.594,98.53,7.51,18612343.516,17.036
1349,25,23511.713,29041.412,10.596,42.016,148.196,6.707,14846870.395,9.198
1350,25,23859.462,29464.206,152.662,3151.129,0,10.5,36381381.174,8.863
1351,25,24146.293,29075.434,163.041,3060.234,0,4.657,7156387.48,6.921
1352,25,26615.267,13299.077,169.542,6939.869,0,9.11,27387269.609,5.292
1353,25,26961.83,13844.954,96.024,731.044,117.478,2.361,1838928.188,7.671
1354,25,27279.737,13363.774,9.725,124.626,95.363,7.1,16636611.352,4.151
1355,25,27437.816,14744.752,155.555,6488.48,0,8.304,22755016.76,4.762
1356,25,27688.918,14068.42,196.657,6041.613,0,7.762,19884257.226,6.727
1357,25,28144.595,15658.976,172.609,7058.121,0,8.574,24257740.48,5.234
1358,25,28276.813,15004.723,295.683,25464.095,0,8.359,23061168.253,4.487
1359,25,28519.426,15919.452,98.828,686.473,97.145,6.627,14494429.044,11.55
1360,25,28805.827,15490.405,147.292,4362.091,0,10.759,38201976.747,6.574
1361,25,28870.97,16062.442,69.753,264.944,100.168,3.983,5236550.876,11.212
1362,25,28954.788,15844.158,10.381,65.095,137.99,7.589,19006688.235,6.953
1363,25,32478.577,26241.923,6.728,60.696,100.827,11.236,41665911.093,8.3
1364,25,32784.538,27049.783,176.98,4100.471,0.672,4.851,7765607.351,6.442
1365,25,33080.961,27384.209,157.06,3335.095,0,7.751,19825866.767,7.496
1366,25,33513.236,26855.242,148.41,2531.083,0,9.798,31683337.763,9.694
1367,25,34160.119,27760.846,9.775,76.147,85.307,7.094,16606376.718,5.858
1368,25,34404.886,29200.141,4.539,42.004,97.395,8.385,23204418.435,8.765
1369,25,34854.087,28737.78,244.961,7424.622,0,6.043,12050492.332,7.145
1370,25,34959.957,29839.171,1.134,69.913,108.815,5.444,9779820.156,4.686
1371,25,35318.798,29306.133,101.286,907.347,72.134,3.288,3567793.685,7.586
1372,25,35356.38,30316.43,9.087,54.602,108.834,8.653,24710131.75,8.228
1373,25,35529.404,27659.454,192.762,3770.918,0,4.234,5917032.075,7.292
1374,25,35519.197,29519.408,4.969,110.583,113.155,9.463,29554944.323,4.445
1375,25,35695.133,26925.204,49.31,86.869,66.971,4.597,6974868.106,17.282
1376,25,35850.24,29965.192,159.409,2657.265,0,10.953,39591644.707,11.273
1377,25,35912.555,28601.265,179.889,3298.668,0,7.751,19827702.778,9.253
1378,26,10022.285,38944.7,169.621,6723.059,0,5.874,11385401.296,4.708
1379,26,10210.768,39455.861,130.887,2813.476,72.92,10.188,34252028.489,7.489
1380,26,10558.025,37436.684,237.485,9714.998,0,8.533,24030116.668,6.526
1381,26,10726.266,34350.902,96.627,620.211,134.516,4.957,8108496.402,10.427
1382,26,10705.548,36791.373,259.438,16573.626,0,5.329,9371927.223,4.453
1383,26,10772.836,34930.372,224.452,11747.385,0,7.822,20190581.886,5.1
1384,26,10790.008,35487.017,223.225,12841.937,0,9.674,30883767.823,5.163
1385,26,10855.924,9574.295,164.49,1652.497,0,5.027,8339996.662,10.96
1386,26,10852.712,33123,97.403,774.349,134.277,10.484,36272587.008,13.801
1387,26,11042.179,37438.967,2.484,64.295,173.357,9.724,31207312.427,6.574
1388,26,11023.287,37630.716,288.468,15649.035,0,8.125,21787207.969,5.99
1389,26,11102.243,34069.155,232.808,11097.206,0,10.575,36906297.507,6.376
1390,26,11240.393,34860.322,220.298,11873.087,0,4.449,6532319.571,4.345
1391,26,11272.171,35104.589,89.881,866.914,154.956,4.307,6121196.372,7.208
1392,26,11262.305,35952.557,228.065,14471.438,0,10.692,37729178.154,5.104
1393,26,21579.919,30172.997,38.863,127.974,107.519,5.138,8713035.281,10.042
1394,26,21730.104,30596.908,60.012,266.626,154.767,8.758,25312126.506,13.887
1395,26,21893.873,29869.114,84.509,635.369,113.586,6.776,15152738.579,9.842
1396,26,22719.067,29441.052,234.352,7823.72,0,8.247,22442856.956,7.387
1397,26,22687.057,30169.968,150.073,4845.486,0,11.114,40762586.879,6.347
1398,26,23917.035,29431.845,178.963,4665.393,0,7.204,17126096.445,6.858
1399,26,24166.085,29027.54,55.889,247.112,72.895,3.027,3024430.523,8.295
1400,26,26617.903,13300.429,111.131,1703.334,94.748,10.057,33381450.482,8.589
1401,26,26774.796,12646.775,169.894,5677.276,0,7.638,19252201.479,5.696
1402,26,26957.361,13919.401,7.881,93.27,163.35,1.952,1257703.387,3.821
1403,26,27208.605,14431.405,44.356,139.031,154.09,9.552,30108474.78,16.45
1404,26,27452.711,14746.694,182.061,7229.174,0,11.688,45081717.216,6.431
1405,26,27416.092,13735.704,174.347,3777.218,29.337,9.022,26859057.968,8.635
1406,26,27683.708,14102.226,227.984,7878.969,0,10.61,37153544.788,8.079
1407,26,27948.831,14479.2,171.112,7083.763,0,7.248,17338627.479,4.87
1408,26,28170.011,15656.448,186.24,4772.53,114.891,3.239,3461208.892,5.778
1409,26,28319.429,15007.317,129.005,2396.757,167.807,6.407,13547286.155,6.646
1410,26,28586.689,15886.128,138.859,1235.039,102.84,3.372,3753472.364,9.231
1411,26,28812.162,15503.896,89.128,568.992,117.708,6.823,15363619.794,11.645
1412,26,32488.556,26263.578,32.895,59.684,83.182,4.12,5600433.413,13.069
1413,26,32714.78,26173.505,6.177,25.037,84.765,5.935,11625355.319,11.18
1414,26,32868.243,27064.188,220.9,7034.436,0,7.259,17388158.68,6.913
1415,26,33081.892,27332.64,251.298,7707.805,0,6.879,15617791.963,7.601
1416,26,33540.98,27969.562,31.262,47.221,86.188,2.217,1621519.005,11.687
1417,26,34255.74,27851.814,54.117,102.132,69.601,8.696,24955917.202,27.449
1418,26,34889.436,28628.194,315.287,10498.539,0,6.052,12088766.168,7.969
1419,26,34959.154,29784.342,170.005,4065.777,0,6.296,13082256.796,6.672
1420,26,35363.325,29317.394,250.957,9143.239,0,7.83,20232449.457,7.104
1421,26,35509.052,27644.193,55.402,120.923,82.946,3.324,3646078.471,13.428
1422,26,35580.302,27324.798,179.159,3355.724,0,3.923,5079739.095,7.031
1423,26,35675.681,28163.358,6.909,33.941,100.708,6.939,15887888.328,9.827
1424,26,35844.32,24900.168,110.118,654.076,35.963,3.966,5190846.405,10.961
1425,26,35803.082,29839.829,83.685,505.746,70.263,7.674,19432560.25,12.484
1426,26,35917.138,28722.521,6.948,60.42,78.163,4.65,7134630.285,5.396
1427,26,35899.48,29008.252,177.503,3088.45,0,6.503,13957574.245,8.723
1428,26,36240.426,25353.988,10.186,50.106,71.743,3.123,3217751.942,6.034
1429,26,36320.975,26318.378,1.374,28.86,70.667,4.595,6968328.674,8.086
1430,27,10021.557,38943.253,179.95,7095.348,0,6.935,15873316.039,5.123
1431,27,10245.222,39467.676,36.844,88.743,179.75,11.466,43383164.25,21.793
1432,27,10318.579,38398.111,3.737,62.387,218.796,3.138,3250675.4,4.563
1433,27,10458.525,37811.868,45.006,83.319,200.439,3.663,4426858.483,14.06
1434,27,10553.832,33122.805,8.944,50.991,143.912,5.452,9810892.307,6.779
1435,27,10580.582,37415.845,236.389,10292.365,0,3.149,3272068.966,4.887
1436,27,10741.038,34534.315,76,324.879,148.196,3.2,3379210.644,10.126
1437,27,10795.508,35535.22,167.488,4428.568,94.754,5.543,10139976.719,5.935
1438,27,10828.581,36219.13,61.459,227.656,149.685,4.246,5949835.061,10.854
1439,27,10858.591,9582.226,52.167,119.18,48.813,4.041,5388752.744,13.67
1440,27,10822.818,33151.568,225.171,9740.597,0,12.391,50669880.965,7.339
1441,27,10940.275,37952.742,93.904,814.26,124.486,3.936,5112074.591,7.724
1442,27,11052.766,37560.855,219.089,9524.505,0,3.79,4740755.826,4.789
1443,27,11122.344,36839.484,133.897,1467.415,127.399,4.132,5634852.149,8.361
1444,27,11244.386,34913.798,210.219,11531.7,0,14.12,65800057.371,6.217
1445,27,11278.393,35930.016,242.587,15723.02,0,9.236,28152681.961,4.936
1446,27,11681.52,9607.884,6.367,47.236,39.357,3.781,4716734.594,5.879
1447,27,21548.794,30154.571,173.142,3981.938,0,7.138,16816826.565,7.301
1448,27,21717.449,30613.938,82.52,424.301,114.482,3.271,3531217.563,9.494
1449,27,21816.459,29896.823,173.132,5029.862,0,8.292,22692858.638,6.591
1450,27,22625.23,29479.451,238.233,8211.221,0,3.937,5116222.835,5.774
1451,27,22687.033,30171.634,182.054,6504.959,0,7.437,18251619.979,5.643
1452,27,23509.891,29061.144,232.707,8647.075,0,8.071,21496257.25,6.725
1453,27,23639.451,28938.446,190.457,5634.473,0,10.396,35664393.393,7.847
1454,27,23912.721,29456.478,178.31,4610.133,0,11.678,45003553.28,8.928
1455,27,24186.394,29154.407,117.787,647.328,75.182,4.198,5816218.351,12.393
1456,27,26611.022,13280.593,38.214,111.508,170.589,7.767,19906772.576,13.87
1457,27,26818.171,12679.077,200.091,7473.134,0,5.368,9510667.205,5.285
1458,27,26959.745,13922.602,6.323,67.782,172.966,5.543,10140533.523,5.206
1459,27,27419.294,14740.753,99.584,1298.738,115.541,8.742,25222448.73,8.298
1460,27,27681.548,15136.173,164.572,4322.939,0,3.57,4206416.513,5.389
1461,27,27932.492,14486.664,197.379,9287.352,0,9.259,28294269.856,5.365
1462,27,28173.093,15672.82,180.255,7906.636,0,9.595,30384594.619,5.374
1463,27,28296.188,15011.901,321.681,28809.816,0,9.265,28326224.337,4.795
1464,27,28517.408,15905.62,226.216,8392.521,0,6.412,13569469.049,6.034
1465,27,28957.437,15797.157,65.958,264.764,126.544,5.504,9998068.417,12.06
1466,27,28952.957,16083.042,211.796,5610.065,0,7.747,19805211.804,7.903
1467,27,32397.883,26244.589,10.621,68.605,80.466,4.308,6123985.387,5.426
1468,27,32800.645,26241.776,6.913,92.975,81.041,6.27,12973454.136,4.46
1469,27,32790.298,27059.361,178.185,4919.547,0,13.782,62681168.825,9.456
1470,27,33202.452,27445.456,7.949,68.582,91.614,5.282,9208473.518,5.307
1471,27,34392.954,29172.224,135.083,1879.51,15.163,3.595,4265211.726,6.993
1472,27,35079.029,29939.621,158.095,3900.245,0,3.354,3712612.972,5.416
1473,27,35325.55,29279.192,2.571,42.053,130.544,8.332,22910030.233,8.436
1474,27,35348.764,30256.843,180.653,4917.409,0,10.921,39362964.17,8.289
1475,27,35492.805,28959.841,66.676,254.108,80.811,4.613,7021448.18,11.575
1476,27,35567.653,27340.104,115.005,1201.745,35.355,6.723,14914905.804,9.486
1477,27,35670.284,28130.765,243.991,6544.698,0,4.533,6780021.195,7.045
1478,27,35733.862,25718.507,58.873,194.293,50.857,4.229,5900859.377,11.464
1479,27,35775.474,26804.028,195.611,3170.832,0,3.56,4181647.841,7.925
1480,27,35902.593,24691.484,104.045,943.922,25.523,7.787,20010512.606,10.666
1481,27,35840.729,28242.131,3.915,78.95,88.919,5.335,9393855.614,4.434
1482,27,35890.697,30094.81,72.71,177.844,75.817,6.394,13493066.476,21.249
1483,27,36285.411,25294.519,161.932,2403.778,0,3.56,4183297.558,7.466
1484,27,37314.467,26225.06,146.2,1292.152,0,4.99,8217291.607,11.032
1485,28,9943.541,39230.361,166.63,5301.981,0,10.426,35876218.615,6.707
1486,28,10026.483,38993.848,223.393,9846.807,0,11.606,44456259.081,6.91
1487,28,10252.009,39409.402,247.661,12540.864,0,10.232,34548443.8,6.271
1488,28,10408.521,37823.294,183.984,7176.022,0,7.92,20702113.586,5.478
1489,28,10634.516,33669.14,36.438,161.222,164.226,5.881,11415161.566,8.371
1490,28,10576.959,38551.722,100.877,775.611,169.392,4.304,6113193.268,8.958
1491,28,10722.686,36753.075,263.647,15994.299,0,9.97,32803475.216,5.67
1492,28,10631.556,38813.654,193.21,7886.952,0,7.276,17472626.872,5.324
1493,28,10816.447,34554.233,71.954,276.713,177.363,5.576,10261353.285,13.3
1494,28,10768.436,35521.383,224.796,13360.318,0,9.798,31681948.208,5.097
1495,28,10890.514,9582.183,107.531,366.092,34.022,5.114,8630691.472,18.627
1496,28,10837.241,33117.769,86.062,626.582,119.674,8.14,21868075.742,11.364
1497,28,10971.935,37877.644,183.408,6319.624,22.146,7.918,20687944.681,5.956
1498,28,11116.082,34065.712,179.62,7556.457,0,8.861,25911206.616,5.341
1499,28,11125.997,36873.563,8.182,85.03,187.955,7.347,17815862.26,5.22
1500,28,11275.664,34924.75,211.216,11218.48,0,16.084,85373026.125,6.965
1501,28,11291.148,35845.944,172.943,5595.577,82.009,7.823,20197572.895,5.95
1502,28,21513.584,30211.213,46.822,119.523,84.235,5.393,9596856.183,13.727
1503,28,21703.998,30582.225,214.03,7312.494,0,2.918,2810179.741,5.25
1504,28,21808.304,29871.021,163.853,4162.152,0,6.367,13379522.485,6.276
1505,28,22082.497,30481.345,9.679,54.904,101.203,10.649,37426868.855,9.628
1506,28,22642.11,29428.083,6.935,35.187,121.636,4.198,5816849.815,7.47
1507,28,22680.116,30154.126,177.36,6058.159,0,9.868,32138428.708,6.468
1508,28,23226.884,29838.474,182.932,3762.847,0,6.498,13933709.106,7.891
1509,28,23669.471,28951.576,177.872,5717.367,0,11.477,43474405.547,7.385
1510,28,23922.341,29438.719,9.664,83.93,114.458,7.145,16845924.727,5.458
1511,28,24174.915,29179.086,75.258,323.558,99.034,3.944,5133963.291,10.738
1512,28,26624.508,13334.285,217.586,10080.283,0,5.625,10441710.722,4.923
1513,28,26819.291,12671.337,183.55,7030.604,0,4.454,6547729.681,4.769
1514,28,26959.067,13919.56,1.01,40.802,179.081,6.227,12795494.468,7.217
1515,28,27207.148,14373.389,128.579,1946.097,83.882,8.743,25223533.17,8.919
1516,28,27304.18,13345.456,184.117,4338.179,0,6.726,14927579.883,7.302
1517,28,27407.711,14683.853,158.871,6122.782,0,11.108,40720424.815,5.784
1518,28,27472.053,13805.542,174.133,5093.093,0,4.401,6390734.169,5.409
1519,28,27694.166,15101.275,197.403,6873.001,0,7.779,19971900.734,6.176
1520,28,27690.034,14067.914,194.983,5904.099,0,5.849,11289467.604,6.082
1521,28,27947.495,14517.635,119.06,3229.804,57.995,14.171,66273838.617,7.056
1522,28,28128.517,15634.768,175.179,7352.921,0,8.079,21538853.482,5.079
1523,28,28309.802,15018.981,268.974,20736.833,0,6.72,14902287.538,4.266
1524,28,28481.835,15921.87,4.287,78.577,133.881,10.431,35907148.584,6.008
1525,28,30251.513,35339.458,96.059,393.112,20.622,4.262,5994258.657,13.452
1526,28,32389.813,26211.629,127.266,2039.538,0,6.522,14039074.545,7.349
1527,28,32725.426,27027.953,35.972,137.737,120.841,6.148,12473160.356,9.455
1528,28,32802.792,26242.431,6.359,31.546,94.958,7.396,18051581.864,10.702
1529,28,33092.461,27383.614,133.732,2396.799,0,11.585,44294746.941,9.553
1530,28,34198.904,27805.012,177.848,2629.356,0,4.068,5462279.771,8.198
1531,28,34405.41,29160.366,58.768,144.638,84.458,3.973,5209081.13,13.766
1532,28,34904.679,28723.468,179.633,4109.654,0,9.091,27272108.736,8.502
1533,28,35042.059,29919.261,3.199,58.75,111.485,7.359,17871958.033,6.097
1534,28,35333.697,29313.452,1.999,43.473,131.621,11.77,45720097.58,10.408
1535,28,35282.034,30243.407,6.534,98.322,111.695,8.697,24963698.628,4.835
1536,28,35536.664,27292.909,39.75,102.763,88.986,6.326,13208634.093,13.681
1537,28,35600.25,28071.447,188.035,4013.046,0,4.597,6974085.951,6.946
1538,28,35544.755,28925.454,197.997,5473.418,0,6.442,13697201.206,6.749
1539,28,35778.178,25822.333,107.625,497.607,47.439,6.289,13054263.501,16.56
1540,28,35677.914,29141.534,277.53,8847.566,0,7.54,18761652.754,8.289
1541,28,35793.255,26323.827,45.223,64.696,65.601,3.819,4814384.707,17.445
1542,28,35833.541,29887.338,176.94,3384.681,0,7.957,20896776.641,8.972
1543,28,35921.797,30323.316,15.475,79.251,80.171,6.353,13320294.448,6.706
1544,28,37172.305,25380.863,283.978,5093.181,0,5.337,9400215.383,10.927
1545,29,9953.335,39279.41,95.063,832.573,98.326,7.635,19237347.434,10.147
1546,29,10045.976,38942.559,56.96,226.065,187.959,6.487,13888574.676,12.131
1547,29,10249.76,39462.28,55.618,154.874,163.823,4.292,6079143.965,12.618
1548,29,10295.794,38475.942,203.697,10370.597,0,9.848,32002654.532,5.323
1549,29,10445.046,37815.33,268.351,15613.432,0,4.404,6401049.405,4.644
1550,29,10744.599,34893.742,229.434,12053.603,0,7.514,18634336.457,5.092
1551,29,10617.042,38603.362,49.311,132.827,181.848,6.96,15986616.663,15.899
1552,29,10713.802,33061.229,223.161,8942.465,0,7.855,20365006.625,6.115
1553,29,10830.281,35554.66,198.546,5995.12,76.913,3.774,4699706.902,5.576
1554,29,10809.243,36720.009,271.826,19026.336,0,7.239,17295267.445,4.655
1555,29,10799.607,9607.408,6.195,63.607,55.064,6.585,14308950.258,5.799
1556,29,10801.183,38235.176,4.037,51.448,178.263,9.857,32063435.444,8.159
1557,29,11043.049,37520.218,7.699,95.676,176.027,5.918,11559587.078,4.389
1558,29,11097.334,34120.092,193.575,8839.491,0,5.606,10373253.174,4.626
1559,29,11200.001,34559.983,0.608,144.057,172.76,11.375,42703845.745,3.782
1560,29,11275.101,35860.778,239.021,14255.989,0,5.54,10128951.928,4.453
1561,29,11550.957,9520.702,59.557,178.342,24.735,5.975,11779814.101,14.888
1562,29,21506.694,30441.837,119.598,1693.554,30.372,3.894,5004151.205,6.555
1563,29,21813.058,29891.534,94.07,491.509,94.169,6.122,12367495.588,13.322
1564,29,21842.598,30561.455,2.38,38.346,129.164,6.415,13581169.877,7.767
1565,29,22636.744,29498.273,50.829,111.934,105.514,4.588,6947756.52,14.759
1566,29,22742.55,30143.093,163.085,5037.312,0,11.248,41751045.902,7.043
1567,29,23672.348,28965.231,236.794,8212.918,0,7.193,17076885.976,6.805
1568,29,24141.539,29217.031,256.246,8651.476,0,10.005,33036102.086,8.715
1569,29,26612.681,13312.714,198.725,7753.263,0,13.306,58429942.327,7.554
1570,29,26762.2,12692.163,142.667,5060.877,0,7.274,17459024.235,4.805
1571,29,27209.505,14361.576,162.925,5455.199,0,12.298,49909621.632,6.957
1572,29,27274.878,13279.443,5.259,64.278,104.47,6.967,16017896.48,5.773
1573,29,27420.41,14671.203,244.43,12370.953,0,9.289,28474256.054,5.932
1574,29,27498.786,13814.66,237.896,9036.65,0,6.609,14414080.607,6.205
1575,29,27661.544,15073.299,57.028,284.144,126.376,7.783,19990367.043,11.288
1576,29,27945.971,14473.344,150.66,6381.702,0,8.353,23026942.508,4.626
1577,29,28222.84,15685.083,223.22,11419.822,0,15.808,82472954.452,7.436
1578,29,28298.305,15009.387,215.489,12772.523,0,13.909,63848956.868,5.906
1579,29,28783.636,15565.942,70.784,356.662,150.635,3.068,3107036.793,8.687
1580,29,28976.779,16103.467,142.826,2867.181,6.205,5.159,8783584.083,6.283
1581,29,30199.548,35349.765,137.007,1153.928,5.448,2.223,1630604.347,8.711
1582,29,32370.714,26233.85,144.655,2197.82,0,5.912,11533793.656,7.996
1583,29,32774.879,26180.817,175.845,3426.454,0,6.31,13138742.217,7.88
1584,29,34443.732,29213.627,148.031,2464.165,0,5.319,9336994.787,7.333
1585,29,34746.941,28556.299,165.54,3629.44,0,10.653,37451679.837,9.079
1586,29,34968.913,29759.229,22.852,107.109,110.579,8.984,26633451.033,8.666
1587,29,35283.416,30239.633,6.782,86.507,125.228,10.463,36126412.973,5.924
1588,29,35380.948,29424.642,206.169,6520.578,0,10.368,35477854.209,7.904
1589,29,35528.621,27613.78,54.065,99.003,79.751,3.512,4070225.44,15.37
1590,29,35438.711,28803.167,6.189,41.903,102.843,4.954,8100142.993,6.92
1591,29,35597.808,28078.141,7.255,58.171,85.03,5.168,8813324.829,5.769
1592,29,35756.599,26857.567,178.281,2707.334,0,5.631,10464548.124,9.053
1593,29,35785.419,25393.568,155.581,2132.876,0,3.946,5138796.203,7.849
1594,29,35760.505,29146.448,68.802,257.317,86.153,4.715,7336180.543,12.092
1595,29,35894.634,24869.523,95.051,586.248,56.672,6.645,14570770.062,12.348
1596,29,35912.952,30033.005,70.667,248.126,64.608,3.423,3866220.816,11.279
1597,30,10002.007,38943.234,141.526,3789.633,58.053,8.764,25349534.885,6.22
1598,30,10323.347,38385.685,231.349,13516.472,0,7.218,17192010.8,4.715
1599,30,10257.892,39436.85,72.51,594.343,127.646,7.606,19090732.829,8.824
1600,30,10643.734,33657.706,231.637,11572.672,0,6.342,13274989.066,5.03
1601,30,10520.524,38852.636,123.038,1170.634,153.182,6.026,11985641.518,10.111
1602,30,10718.995,34905.674,160.808,6840.162,0,11.086,40558267.966,5.414
1603,30,10714.72,36701.086,218.289,12030.621,0,6.375,13410801.862,4.564
1604,30,10792.971,9550.944,45.691,139.776,45.032,5.939,11641625.417,12.412
1605,30,10816.032,35558.345,264.518,14941.635,0,7.664,19384996.611,5.367
1606,30,11113.462,34071.272,168.033,6274.664,0,11.803,45974620.984,6.382
1607,30,11093.138,37081.27,84.684,544.092,130.291,5.131,8688496.893,9.697
1608,30,11267.434,34928.622,207.004,9891.665,0,5.023,8327862.588,4.584
1609,30,11321.456,35862.623,194.174,9220.501,0,9.202,27944284.376,5.256
1610,30,11517.14,9543.822,54.435,117.022,30.661,3.084,3139694.531,13.064
1611,30,21856.094,30555.773,178.013,5531.283,0,4.776,7528200.715,5.371
1612,30,22704.984,30144.124,160.325,4355.028,0,9.615,30509688.916,7.046
1613,30,23557.67,29598.701,213.246,5383.637,0,5.188,8882659.959,6.994
1614,30,23770.181,28920.493,43.523,110.748,126.618,8.522,23968770.389,17.918
1615,30,24178.704,29171.826,169.168,4241.697,0,5.527,10080777.894,6.175
1616,30,26615.872,13329.56,99.621,1181.569,98.889,2.051,1388420.763,6.05
1617,30,26777.853,12699.819,189.115,7898.81,0,10.718,37912366.282,6.077
1618,30,26963.635,13923.168,166.542,6196.915,0,5.868,11363481.965,4.84
1619,30,27197.633,14336.92,123.376,1792.006,89.986,5.137,8708420.607,7.064
1620,30,27435.258,14665.46,210.229,9349.028,0,4.662,7172149.46,4.762
1621,30,27475.775,13782.581,226.355,8833.884,0,12.481,51410875.585,8.052
1622,30,27923.341,14486.493,196.333,10301.753,0,9.659,30786215.011,5.036
1623,30,28146.365,15690.505,129.175,3546.812,58.504,8.23,22354902.153,5.588
1624,30,28598.873,15894.478,173.567,4585.352,24.849,6.835,15419537.129,6.515
1625,30,28814.064,15533.181,199.087,7668.964,0,9.197,27913692.336,6.218
1626,30,28982.591,16085.526,112.807,1156.25,68.231,3.678,4464098.857,7.621
1627,30,30276.82,35341.991,141.9,1485.802,0,3.177,3331144.848,8.33
1628,30,32409.488,26186.046,48.88,107.933,49.963,3.28,3551422.71,12.391
1629,30,32758.635,26998.086,215.561,7115.159,0,7.902,20604526.757,6.872
1630,30,34151.763,27777.835,38.692,61.669,69.184,1.899,1190334.364,11.818
1631,30,34776.789,28547.958,91.42,347.223,90.256,4.62,7043988.61,14.309
1632,30,34961.011,29756.068,5.687,68.959,106.948,4.78,7540331.512,4.849
1633,30,35331.533,29299.393,179.946,5124.994,0,6.442,13697194.715,6.205
1634,30,35325.878,30274.321,64.922,195.411,100.423,8.811,25618097.813,20.745
1635,30,35512.46,29573.813,227.953,6903.676,0,6.729,14940878.045,7.095
1636,30,35672.681,28081.555,9.667,43.95,85.193,3.038,3045586.025,6.391
1637,30,35755.634,25997.855,8.794,41.964,66.279,10.935,39463213.029,12.018
1638,30,35753.075,26798.038,8.628,41.942,69.955,6.748,15029038.39,8.619
1639,30,35786.715,25439.238,3.362,31.977,67.343,5.87,11371497.132,8.626
1640,30,35911.152,30042.038,148.817,2357.485,0,6.203,12696246.235,8.074
1641,30,36024.678,24688.346,173.831,3014.407,0,4.322,6164365.614,7.422
1642,30,36838.254,28678.251,87.17,254.894,35.426,2.718,2438065.834,13.38
1643,31,9931.95,39311.684,165.302,4659.246,0,8.9,26141411.796,6.74
1644,31,10037.079,38966.46,212.243,10855.024,0,7.639,19255806.552,4.952
1645,31,10305.776,38424.588,212.027,11593.895,0,6.893,15680195.327,4.596
1646,31,10258.356,39442.996,184.27,6673.712,0,8.724,25115844.174,6.008
1647,31,10433.058,37776.973,221.234,10212.322,0,3.725,4578896.936,4.646
1648,31,10522.907,33111.859,161.193,4425.485,0,9.871,32155649.174,7.116
1649,31,10638.369,33596.215,8.023,31.121,191.25,8.261,22519729.911,12.309
1650,31,10731.79,34361.478,192.549,7275.839,0,5.09,8550563.362,5.067
1651,31,10713.875,34926.554,131.315,2768.22,93.224,6.51,13985642.654,6.206
1652,31,10703.996,36688.99,200.856,9662.443,0,10.687,37693083.777,5.706
1653,31,10762.441,9575.003,148.304,1583.599,0,5.85,11292551.813,10.453
1654,31,10877.392,33136.928,186.1,6491.275,0,9.123,27467237.247,6.347
1655,31,11095.258,34067.055,56.928,218.833,187.671,10.196,34309527.721,17.001
1656,31,11044.728,37545.241,235.889,10025.976,0,9.001,26735227.586,6.474
1657,31,11121.51,36796.027,33.793,116.477,164.537,3.844,4876744.955,8.244
1658,31,11293.766,35326.613,178.674,7806.006,0,10.416,35807307.147,5.559
1659,31,11309.402,35829.005,23.596,62.453,208.967,11.342,42451413.334,16.87
1660,31,11484.347,9528.014,121.573,706.358,6.887,2.394,1890686.658,10.244
1661,31,21685.016,30099.067,185.712,4902.261,0,7.244,17317263.382,6.992
1662,31,21864.63,29868.061,45.944,104.635,103.82,4.159,5709550.11,12.953
1663,31,21864.959,30583.271,141.197,3617.551,0,7.391,18027438.07,5.968
1664,31,22644.324,29548,153.966,723.036,87.768,5.371,9520599.265,19.566
1665,31,22689.949,30157.171,207.939,7604.147,0,5.041,8386803.576,5.401
1666,31,23566.438,28949.731,104.209,937.087,60.837,9.882,32224182.11,12.554
1667,31,23862.403,28950.474,174.997,4891.341,0,5.807,11127317.878,5.967
1668,31,24151.015,29276.236,66.777,179.834,101.681,4.549,6829664.286,14.913
1669,31,24207.831,29080.565,174.76,3781.812,0,4.946,8072042.224,6.711
1670,31,26970.634,13938.615,27.979,59.942,179.271,3.295,3582848.653,10.097
1671,31,27233.996,14355.041,201.244,8266.234,0,8.399,23278340.392,5.748
1672,31,27439.665,14668.532,58.186,164.375,172.279,5.516,10039525.346,14.64
1673,31,27433.621,13740.32,58.137,245.013,130.51,5.313,9316360.388,10.56
1674,31,27931.202,14529.428,71.458,227.36,196.112,6.724,14921502.015,17.364
1675,31,28156.86,15687.006,156.266,6584.131,0,6.587,14318773.701,4.433
1676,31,28321.991,15037.603,218.47,10928.094,0,10.643,37384363.266,5.883
1677,31,28933.204,15655.606,233.996,8810.962,0,6.008,11911278.758,5.981
1678,31,29042.139,16100.419,116.237,2153.182,17.947,4.445,6519821.907,5.635
1679,31,30247.323,35340.316,132.612,1250.795,0,4.55,6833408.104,9.487
1680,31,32445.446,26158.115,112.37,1157.968,15.281,3.711,4543988.313,7.594
1681,31,32732.598,27032.87,38.341,67.004,115.954,5.467,9864193.463,16.862
1682,31,32722.728,26154.239,9.03,73.397,100.713,6.891,15671199.656,5.794
1683,31,33013.4,27312.057,165.052,3002.572,0,4.64,7105200.578,7.108
1684,31,34179.024,27809.939,143.506,2288.526,0,6.911,15761581.179,8.22
1685,31,34317.692,28959.934,8.748,46.935,89.019,5.028,8342046.105,6.91
1686,31,34477.826,29281.73,7.432,93.686,89.677,5.462,9847152.279,4.317
1687,31,34691.445,28488.26,229.011,6156.118,0,5.618,10415184.535,7.218
1688,31,35154.646,29815.737,303.797,13206.11,0,7.389,18018820.773,6.987
1689,31,35338.281,29295.835,118.818,1317.376,85.71,5.438,9760003.453,8.446
1690,31,35357.875,30322.17,3.776,44.552,107.594,8.454,23587946.73,8.272
1691,31,35532.749,27478.909,59.258,177.326,81.091,5.509,10015049.583,14.142
1692,31,35760.311,26127.433,96.553,631.959,24.743,3.834,4851138.215,9.342
1693,31,35839.588,24955.995,4.813,64.468,65.328,4.537,6794268.003,4.903
1694,31,35920.035,24562.206,4.743,52.035,69.837,1.885,1172392.983,4.859
1695,31,35914.595,30053.111,164.915,2796.61,0,10.205,34369212.853,10.883
1696,31,36719.391,28562.006,4.94,35.706,57.73,7.447,18302080.28,9.363
1697,32,10014.874,38948.749,180.446,8055.062,0,6.946,15920726.045,4.738
1698,32,10239.823,38458.63,237.402,12947.57,0,11.893,46679771.403,6.215
1699,32,10392.747,38167.591,11.061,52.126,184.664,8.857,25890274.952,9.345
1700,32,10480.316,37841.025,4.63,86.903,180.002,5.056,8434914.838,4.165
1701,32,10369.353,39153.646,275.943,16566.272,0,6.326,13207690.345,4.993
1702,32,10527.808,33095.435,70.287,283.504,101.934,4.166,5726750.358,10.995
1703,32,10656.979,33665.244,186.858,4345.079,72.286,7.925,20724166.569,8.036
1704,32,10549.707,38803.921,43.546,153.049,166.612,6.548,14148554.717,11.462
1705,32,10735.07,34914.062,205.377,10371.652,0,7.08,16540129.243,4.775
1706,32,10751.457,36754.635,221.207,11810.203,0,6.006,11905583.487,4.626
1707,32,10637.411,38557.574,8.727,88.753,168.501,4.067,5458432.517,4.325
1708,32,10813.85,36024.378,188.548,6879.358,18.361,4.5,6684104.036,4.991
1709,32,10801.844,9599.685,5.875,67.859,41.08,4.534,6783885.902,4.851
1710,32,10888.877,33166.787,180.917,5486.601,0,9.011,26794901.357,6.857
1711,32,10911.702,38021.803,86.635,790.69,115.093,6.232,12818414.243,8.326
1712,32,11045.074,34092.986,247.625,13468.359,0,16.694,91976089.766,8.002
1713,32,11052.74,37463.078,197.936,7692.132,0,6.572,14251800.351,5.407
1714,32,11191.41,36257.87,240.465,11685.029,0,5.31,9305096.513,5.014
1715,32,11272.818,34848.59,156.949,6052.439,0,10.325,35183034.028,5.53
1716,32,11264.024,35409.492,244.621,14708.874,0,10.502,36399242.744,5.538
1717,32,11280.645,35847.512,307.18,19967.833,0,6.849,15482571.115,5.198
1718,32,21626.636,30164.037,210.674,6822.71,0,6.899,15706091.851,6.478
1719,32,21873.776,30558.702,174.067,5111.699,0,10.432,35916892.527,7.379
1720,32,22620.351,29483.919,40.812,67.465,98.782,5.493,9957494.794,18.286
1721,32,22708.175,30163.468,196.519,5788.017,0,5.684,10662758.636,6.17
1722,32,23642.573,28950.468,158.362,3667.901,0,10.302,35024041.191,8.217
1723,32,24072.624,29267.201,202.452,5725.325,0,10.975,39749324.753,8.826
1724,32,24168.968,29171.035,173.712,4203.481,0,9.3,28544647.916,8.035
1725,32,26657.474,13323.127,199.999,8487.188,0,9.701,31060713.805,5.958
1726,32,26740.062,12712.967,84.886,581.034,120.841,8.904,26166405.683,12.549
1727,32,26878.172,13839.747,4.501,89.02,197.615,15.641,80739317.264,7.159
1728,32,27200.061,14400.711,1.551,117.444,187.415,12.164,48827414.652,4.604
1729,32,27371.504,13490.11,78.195,379.551,108.25,4.569,6890428.515,10.71
1730,32,27426.178,14648.062,49.428,195.096,170.476,7.039,16352611.15,11.719
1731,32,27449.137,13807.074,233.461,9619.387,0,7.866,20417510.509,6.191
1732,32,27954.074,14536.019,203.977,9574.888,0,5.406,9644478.876,4.658
1733,32,28167.614,15638.142,195.445,9789.647,0,12.196,49088504.847,5.804
1734,32,28416.463,15425.305,258.986,14972.372,0,9.592,30366026.35,5.696
1735,32,28865.85,15540.951,223.491,9290.076,0,9.064,27113896.571,6.349
1736,32,29041.842,16081.123,117.131,1774.485,26.745,5.623,10434588.054,6.845
1737,32,30240.245,35322.762,1.287,43.091,42.433,3.099,3169069.174,5.516
1738,32,32446.549,26168.641,60.368,112.696,79.508,3.085,3140100.714,15.272
1739,32,32683.193,26143.073,134.146,2114.71,0,8.039,21328529.246,8.516
1740,32,32679.844,27021.881,168.764,3759.693,0,3.029,3028234.948,5.87
1741,32,33350.528,27557.379,175.028,3536.206,0,5.816,11164332.775,7.415
1742,32,33934.856,27465.544,260.47,6466.132,0,3.448,3924215.359,7.212
1743,32,34163.936,27746.61,97.303,594.364,46.755,3.339,3679961.773,9.425
1744,32,34314.188,29022.44,196.37,4003.206,0,5.517,10043159.957,7.808
1745,32,34517.073,29270.502,166.553,3141.098,0,4.876,7845108.982,7.086
1746,32,34639.647,28481.674,7,49.164,106.046,5.299,9264932.865,6.491
1747,32,34966.994,29739.472,210.104,5813.963,0,6.55,14159139.473,7.068
1748,32,35146.942,30007.003,41.558,95.5,102.712,6.763,15093454.781,16.124
1749,32,35298.162,29261.17,180.463,5181.794,0,4.423,6455629.022,5.59
1750,32,35391.48,28529.641,151.847,2384.546,0,2.718,2437857.027,6.653
1751,32,35509.684,27480.847,155.104,3057.162,0,4.195,5806956.925,6.346
1752,32,35435.586,28872.072,271.612,8147.125,0,7.127,16763152.744,8.305
1753,32,35765.872,24951.896,8.187,40.515,71.603,4.838,7725099.002,7.415
1754,32,35764.89,29137.164,300.968,9072.392,0,3.082,3135053.98,6.86
1755,32,35774.189,30421.999,172.854,2995.835,0,5.246,9081893.578,7.863
1756,32,36720.406,28560.182,0.579,39.578,55.257,3.767,4683583.78,6.066
1757,32,37324.415,26273.05,190.515,2056.844,0,3.127,3226630.709,9.73
1758,33,10006.951,38978.975,199.305,8718.769,0,7.336,17758309.232,5.203
1759,33,10229.677,38439.218,104,1273.252,135.499,9.803,31712545.455,9.641
1760,33,10649.564,33616.235,93.04,306.078,153.595,8.296,22714791.08,24.256
1761,33,10641.223,37205.052,7.014,65.884,176.176,15.739,81750430.171,10.07
1762,33,10725.377,34923.731,194.122,8728.721,0,12.765,53775785.648,6.445
1763,33,10716.72,36723.582,8.015,76.747,184.401,12.777,53873975.337,7.751
1764,33,10639.944,38797.338,7.099,106.283,154.436,12.159,48791713.944,5.551
1765,33,10796.353,35603.779,7.273,64.933,196.435,10.11,33730254.116,7.424
1766,33,10775.586,35964.169,0.417,20.406,172.452,5.949,11680337.767,12.112
1767,33,10691.767,38568.118,188.851,6584.394,16.643,4.15,5684206.955,5.061
1768,33,10808.001,9618.239,187.936,2657.206,0,8.388,23220210.187,12.36
1769,33,10804.068,38323.645,7.589,70.846,169.275,7.197,17092295.686,5.797
1770,33,10857.487,33120.037,201.614,7278.95,0,9.555,30129296.561,6.709
1771,33,10959.711,37920.463,11.75,56.03,161.344,4.855,7779672.839,6.675
1772,33,11114.285,34079.885,28.289,123.907,178.603,10.566,36841408.923,10.737
1773,33,11033.803,37381.677,78.933,289.318,154.106,7.066,16475176.745,17.163
1774,33,11095.123,36843.787,86.702,503.91,154.371,4.677,7219157.857,10.17
1775,33,11277.669,35458.504,245.891,14600.103,0,7.802,20086167.367,4.974
1776,33,11276.998,36113.654,171.262,6158.818,0,8.419,23392774.985,5.653
1777,33,21734,30568.248,175.712,4927.537,0,11.427,43091855.391,8.141
1778,33,21821.535,29914.19,85.104,456.282,83.561,3.268,3525293.513,9.41
1779,33,22687.531,29444.61,267.411,8150.783,0,2.976,2922786.521,6.341
1780,33,22735.019,30120.947,218.943,7013.361,0,5.016,8302629.546,6.045
1781,33,23524.151,29613.25,185.427,4320.011,0,2.595,2222963.165,5.926
1782,33,23641.357,29015.736,212.236,4948.402,15.211,2.614,2255727.25,6.38
1783,33,24018.257,29337.929,186.962,4146.403,0,5.898,11478866.205,7.309
1784,33,24161.719,29055.574,201.445,4754.772,0,4.809,7633120.331,6.887
1785,33,26626.913,13329.336,175.899,6443.542,0,7.035,16330945.013,5.322
1786,33,26722.984,12723.816,29.82,99.251,192.657,11.691,45109851.635,15.007
1787,33,26879.779,13841.772,4.171,65.077,183.359,8.644,24657920.251,6.239
1788,33,27123.201,12986.576,201.434,5915.185,0,5.396,9609914.803,6.185
1789,33,27206.113,14410.476,172.327,6275.153,0,8.158,21962638.207,5.558
1790,33,27264.632,13368.532,76.938,367.003,116.065,4.841,7734233.817,11.006
1791,33,27441.257,14627.422,213.513,9425.111,0,9.108,27377337.073,5.893
1792,33,27514.735,13853.544,31.072,86.996,132.839,5.123,8659939.57,10.307
1793,33,27993.096,14558.719,8.89,82.567,200.861,6.782,15178181.875,5.269
1794,33,28171.302,15633.247,244.974,13942.24,0,9.918,32463527.462,5.62
1795,33,28400.137,15040.332,6.548,74.622,213.609,7.381,17976834.386,5.486
1796,33,28848.511,15639.139,55.847,170.349,137.357,5.505,10001112.597,13.414
1797,33,32448.073,26186.798,172.176,3080.918,0,7.713,19634124.869,9.099
1798,33,32694.755,27002.705,164.328,2730.17,0,7.811,20132672.081,9.367
1799,33,32829.62,26259.115,171.769,3174.516,0,5.214,8970536.402,7.483
1800,33,33358.265,27596.834,6.35,63.41,80.26,6.155,12504256.869,5.671
1801,33,33476.199,26937.846,145.926,2274.733,0,11.34,42440850.316,11.372
1802,33,33629.121,27071.516,181.243,3201.876,0,6.016,11941983.166,8.456
1803,33,33783.078,27284.298,212.835,4291.475,0,5.634,10476447.296,8.38
1804,33,34169.536,27742.471,209.379,4022.076,0,2.886,2748014.199,7.158
1805,33,34313.098,28993.186,164.336,3509.127,0,6.189,12641200.477,7.004
1806,33,35291.435,29296.574,52.048,233.865,117.184,5.697,10712159.063,9.759
1807,33,35406.807,28520.493,128.237,1994.894,0,4.957,8109957.475,6.845
1808,33,35403.352,30377.836,178.996,4117.267,0,7.122,16738566.307,7.465
1809,33,35516.908,27482.093,78.111,416.259,77.185,3.911,5046993.88,9.472
1810,33,35723.268,26328.674,150.616,1816.13,0,4.785,7556643.581,8.887
1811,33,35838.692,24799.575,3.329,55.296,66.877,1.932,1231564.794,4.614
1812,33,35808.162,29228.419,79.375,620.233,49.021,4.014,5317634.334,7.523
1813,33,36155.39,27239.552,160.876,2650.428,0,4.492,6657658.3,7.386
1814,33,36722.733,28566.042,5.061,37.48,62.208,6.755,15058175.734,8.514
1815,34,10002.481,38933.1,60.732,428.38,153.28,8.447,23548252.31,9.352
1816,34,9983.747,39343.212,220.799,7894.232,0,9.059,27085643.532,7.037
1817,34,10320.762,38409.462,239.61,14205.715,0,17.531,101426293.718,7.485
1818,34,10409.911,37798.735,246.264,12461.578,0,3.081,3131662.114,4.593
1819,34,10560.422,33602.468,5.721,91.411,153.812,6.472,13821504.457,4.428
1820,34,10749.268,34914.874,199.292,8729.126,0,6.163,12536460.321,4.939
1821,34,10716.922,36626.669,161.817,6264.111,0,13.374,59027051.79,6.479
1822,34,10616.609,38833.834,247.356,11677.323,0,9.922,32488568.764,6.503
1823,34,10799.208,9565.429,39.297,86.225,51.306,4.207,5841439.223,12.382
1824,34,10879.863,33111.105,163.01,5408.431,0,6.188,12634816.105,5.204
1825,34,10971.244,37953.716,115.467,1128.522,113.059,5.085,8533715.357,8.813
1826,34,11046.127,37440.399,282.863,15663.383,0,4.14,5656366.579,4.878
1827,34,11110.683,34130.618,199.808,8147.036,0,17.901,105747511.152,9.008
1828,34,11266.647,36245.347,8.045,26.466,176.149,11.605,44446816.795,18.675
1829,34,11248.65,34901.863,161.874,4413.173,71.365,9.276,28398588.294,6.947
1830,34,11288.111,35468.102,278.162,17071.315,0,7.581,18968746.769,5.229
1831,34,21500.435,30195.536,144.52,2487.656,0,5.631,10462657.459,7.199
1832,34,21705.922,30513.22,66.246,279.532,103.958,8.154,21939706.073,14.795
1833,34,21829.188,29896.472,117.876,1300.837,42.367,2.028,1357119.782,6.849
1834,34,22655.585,29530.248,282.427,10266.791,0,4.622,7050535.668,6.405
1835,34,23581.553,29562.914,62.128,156.268,92.548,9.045,26998439.229,24.111
1836,34,23724.412,29088.768,181.876,4657.918,0,7.918,20688821.818,7.329
1837,34,23935.613,29414.412,147.573,1806.03,43.49,3.379,3767863.72,7.858
1838,34,24163.106,29079.04,175.641,3980.398,0,6.09,12239345.713,6.988
1839,34,26653.485,13385.586,200.523,8785.601,0,6.589,14328248.195,5.048
1840,34,26716.914,12643.428,7.085,108.448,195.992,12.075,48114640.688,5.436
1841,34,26906.079,13861.995,49.406,105.295,183.516,8.709,25030139.782,23.115
1842,34,27115.346,12974.959,136.385,1312.61,89.356,8.474,23697201.207,13.227
1843,34,27227.95,14424.514,183.698,7005.5,0,9.658,30786509.281,6.049
1844,34,27284.67,13337.792,172.807,4913.532,0,6.222,12777741.777,5.98
1845,34,27449.975,14680.778,243.629,11970.922,0,9.165,27721232.44,6.01
1846,34,27466.433,13800.405,54.753,121.485,155.161,7.666,19392364.732,21.602
1847,34,27948.23,14472.625,152.163,4911.239,0,8.117,21744651.717,5.545
1848,34,28874.286,16041.574,291.42,11246.376,0,6.373,13404413.426,6.949
1849,34,32433.131,26201.292,161.296,2343.228,0,7.214,17174294.757,9.811
1850,34,32801.503,26247.113,11.614,69.421,77.924,9.181,27814171.724,7.727
1851,34,33359.696,27598.939,3.203,80.023,77.612,7.394,18042456.399,4.875
1852,34,33361.68,26880.475,9.543,52.897,90.392,4.775,7523656.192,6.404
1853,34,33652.19,27962.507,250.097,6374.603,0,8.101,21656583.062,9.444
1854,34,33843.188,27360.221,5.403,79.709,80.423,6.402,13526145.992,4.806
1855,34,34159.998,27757.535,8.944,58.689,80.186,4.924,8001640.434,5.924
1856,34,34318.717,28943.692,182.164,3825.672,0,5.39,9589319.264,7.22
1857,34,34870.374,29670.584,0.409,35.221,119.487,11.062,40380921.707,11.841
1858,34,35215.351,29916.862,51.396,128.741,92.335,1.702,955626.761,10.095
1859,34,35388.923,30329.129,76.844,450.084,63.953,7.417,18152615.301,11.786
1860,34,35452.978,28716.157,120.639,477.673,85.379,3.443,3911885.099,14.622
1861,34,35515.108,27383.809,297.714,8990.41,0,6.756,15064688.891,8.616
1862,34,35685.938,26834.597,48.99,122.367,63.407,2.098,1452180.45,10.205
1863,34,35790.208,24718.207,196.922,2933.192,0,3.38,3770298.853,8.282
1864,34,35777.385,29192.687,161.442,3294.436,0,6.46,13770682.624,7.261
1865,34,36038.217,27323.478,62.343,149.309,77.078,4.179,5763501.793,14.928
1866,34,36400.422,25573.786,151.423,1879.805,0,4.166,5726965.67,8.351
1867,34,36641.241,28619.014,148.605,1583.522,0,2.426,1942655.483,8.067
1868,35,10008.043,38986.598,50.975,321.841,176.741,7.721,19673357.701,8.702
1869,35,10228.162,38448.197,77.276,509.798,166.392,9.235,28143747.827,12.366
1870,35,10236.61,39460.479,160.062,3341.356,72.783,3.707,4534492.968,6.095
1871,35,10548.897,33115.556,70.099,369.124,102.621,3.49,4020721.086,8.676
1872,35,10586.691,33608.146,236.291,11031.692,0,8.386,23210953.953,5.869
1873,35,10710.537,34294.376,156.16,5408.649,0,5.781,11030793.042,4.85
1874,35,10721.77,34912.407,75.372,729.749,145.796,8.472,23686108.129,8.445
1875,35,10717.301,36718.939,188.651,8514.094,0,6.813,15318530.332,4.812
1876,35,10602.327,38732.683,288.912,16738.541,0,5.59,10310695.658,5.092
1877,35,10798.001,9525.003,9.134,38.8,51.226,5.687,10674509.407,8.49
1878,35,10807.049,33055.384,184.578,6199.941,0,6.292,13065121.63,5.612
1879,35,10867.03,38277.743,225.292,8904.354,0,12.952,55360673.487,8.132
1880,35,11073.711,34077.521,210.21,9185.871,0,12.645,52769625.886,6.979
1881,35,11047.024,37771.93,9.041,36.1,157.136,8.302,22744956.468,11.276
1882,35,11208.329,36201.284,228.962,10750.762,0,13.228,57746822.807,7.249
1883,35,11330.844,35636.549,256.943,15141.166,0,12.095,48280604.955,6.277
1884,35,11520.705,9559.089,1.971,25.918,38.734,7.073,16507591.015,11.236
1885,35,21681.435,30486.235,6.31,28.936,123.442,3.611,4303235.938,7.958
1886,35,21805.982,29932.514,165.934,4109.447,0,3.055,3080455.125,5.488
1887,35,22559.89,29444.327,5.088,56.085,105.089,4.396,6376280.522,5.339
1888,35,22697.579,30155.842,58.021,231.872,105.105,5.666,10595486.802,11.329
1889,35,23384.174,29743.399,231.151,5974.1,0,7.773,19938418.971,8.604
1890,35,23993.374,29422.179,31.075,119.395,94.378,1.837,1114089.597,6.649
1891,35,24162.073,29029.747,43.951,78.381,107.3,3.135,3243151.153,13.375
1892,35,26669.825,13442.367,37.922,104.673,156.525,2.896,2767771.129,9.195
1893,35,26901.888,13841.929,57.187,169.098,169.983,8.313,22807726.948,18.386
1894,35,27120.187,12958.552,6.498,101.453,124.763,9.705,31085203.318,4.981
1895,35,27249.371,14447.611,167.907,5755.924,0,8.535,24039890.693,5.801
1896,35,27284.751,13355.876,196.129,5759.069,0,3.786,4729315.31,5.63
1897,35,27472.977,13798.844,185.262,6557.496,0,12.326,50138914.699,7.368
1898,35,28191.104,15569.74,281.254,18599.164,0,9.248,28226507.986,5.398
1899,35,28265.069,14957.102,221.375,11467.472,0,7.782,19983055.721,5.08
1900,35,28424.947,15177.82,77.506,620.06,182.989,6.354,13324723.94,8.592
1901,35,28969.302,15742.669,135.632,2057.534,62.839,9.504,29810318.168,9.749
1902,35,28956.764,15989.755,148.685,2454.143,43.737,2.481,2031754.38,6.331
1903,35,32414.95,26200.209,144.06,1900.056,0,2.344,1812982.526,7.004
1904,35,32756.834,26236.041,61.04,200.309,65.805,5.157,8777816.19,12.934
1905,35,32784.552,27149.991,161.445,3759.445,0,13.449,59690842.459,9.903
1906,35,33291.394,27578.12,66.373,169.317,70.86,7.589,19007360.056,21.751
1907,35,33688.386,28122.075,59.431,95.987,77.005,9.383,29057352.33,36.269
1908,35,34116.892,27675.578,2.678,24.278,89.804,4.186,5783367.183,8.895
1909,35,34332.875,28935.074,268.038,7334.101,0,6.791,15221446.687,8.602
1910,35,34717.041,28534.13,31.25,63.435,91.806,5.355,9464756.477,13.51
1911,35,34911,28737.198,184.065,4068.66,0,8.63,24580722.387,8.642
1912,35,35164.497,29966.085,162.162,3784.722,0,4.046,5403303.925,5.842
1913,35,35322.358,29302.706,158.221,4382.946,0,7.782,19986974.963,6.231
1914,35,35596.747,27378.939,91.416,366.825,70.975,4.52,6743792.592,13.576
1915,35,35729.501,26831.77,144.369,1990.469,0,2.339,1806144.8,6.84
1916,35,35701.741,30465.074,142.368,2716.375,0,5.594,10328604.991,6.64
1917,35,35791.967,28621.104,181.841,3623.876,0,5.615,10403156.008,7.58
1918,35,35823.44,29207.264,160.015,2718.697,0,9.011,26796637.557,9.795
1919,35,35817.501,29929.324,55.581,56.039,80.705,3.937,5115056.11,26.605
1920,35,36119.585,27379.882,58.644,83.966,77.796,3.799,4763204.471,20.275
1921,35,36324.434,25563.224,113.234,643.685,25.478,4.969,8147848.735,12.733
1922,35,37295.048,26162.102,179.56,2279.693,0,5.039,8380067.828,9.86
1923,36,10035.934,38981.289,168.229,7467.417,0,9.797,31676464.705,5.123
1924,36,10354.671,38354.842,72.099,230.314,178.966,8.798,25546882.778,21.278
1925,36,10258.2,39446.438,189.078,6754.23,0,11.15,41029841.537,7.003
1926,36,10363.89,38122.297,179.081,6958.042,0,5.389,9583459.116,4.83
1927,36,10397.326,37762.809,8.898,109.085,189.871,3.868,4937360.925,3.823
1928,36,10559.381,33581.349,182.5,7276.41,0,7.439,18262651.083,5.249
1929,36,10681.725,34240.703,2.658,72.986,164.745,10.242,34617669.429,6.14
1930,36,10729.437,34918.896,105.742,1311.937,129.138,6.937,15882114.994,7.995
1931,36,10745.499,35301.925,199.749,8334.811,0,9.357,28895356.353,5.926
1932,36,10721.239,36721.988,1.713,73.357,192.933,8.654,24716033.265,5.507
1933,36,10641.518,38883.204,9.6,93.387,164.539,12.934,55205430.688,7
1934,36,10783.342,9446.358,130.533,1114.243,0,4.415,6434280.159,9.943
1935,36,10799.175,38333.1,232.057,9568.148,0,5.153,8763740.278,5.39
1936,36,10945.398,37982.857,59.496,279.305,143.133,7.519,18655683.242,11.92
1937,36,11126.212,34113.538,192.457,7198.646,0,6.786,15195261.408,5.501
1938,36,11092.391,37538.724,222.15,8719.139,0,8.959,26487769.344,6.558
1939,36,11184.318,34594.672,63.941,128.478,183.967,8.792,25509241.098,29.567
1940,36,11218.489,36166.476,211.047,8814.203,0,9.442,29420767.817,6.188
1941,36,11174.547,36829.23,210.551,8561.73,0,8.423,23410922.527,5.982
1942,36,11286.57,34958.399,49.725,209.699,196.936,11.186,41294521.541,15.35
1943,36,11248.98,35566.766,304.828,20803.118,0,11.336,42411929.954,6.165
1944,36,21608.514,30138.104,62.097,216.608,78.002,7.571,18915430.198,15.774
1945,36,21681.588,30560.102,1.508,53.272,124.15,6.036,12022045.44,5.871
1946,36,21819.746,29900.072,70.439,333.451,82.406,4.035,5371843.357,9.746
1947,36,22593.131,29515.734,178.154,3109.016,19.983,5.271,9167736.864,7.999
1948,36,22719.756,30162.287,4.658,128.289,129.796,8.856,25880916.782,3.856
1949,36,23492.654,29011.629,61.501,194.543,88.925,8.83,25730436.604,19.104
1950,36,24156.799,29089.24,175.279,4180.499,0,3.655,4409452.594,5.925
1951,36,26640.92,13363.796,6.88,124.861,181.884,10.4,35695119.194,4.458
1952,36,26823.485,12632.156,212.612,8978.476,0,6.515,14008172.866,5.349
1953,36,27099.779,12971.657,87.322,306.374,123.588,8.555,24153916.116,22.272
1954,36,27248.98,14489.089,93.071,1191.339,97.503,12.641,52732186.182,10.11
1955,36,27275.929,13329.88,185.279,4962.409,0,7.92,20698569.912,7.188
1956,36,27473.174,14742.502,111.47,1365.35,68.472,6.018,11952046.184,7.863
1957,36,27517.923,13812.854,54.96,265.76,147.361,13.222,57692205.387,16.613
1958,36,28175.279,15608.092,266.93,15905.782,0,9.66,30793127.075,5.713
1959,36,28354.006,14998.983,179.227,7860.581,0,17.93,106096375.202,7.714
1960,36,28911.714,16060.342,59.954,197.841,119.932,8.982,26624032.517,18.306
1961,36,28967.095,15726.841,183.594,5993.727,0,8.038,21321405.368,6.231
1962,36,32432.452,26201.071,142.736,2532.771,0,4.619,7040561.25,6.593
1963,36,32720.587,26159.285,2.621,42.669,94.815,4.982,8192168.73,6.415
1964,36,32821.123,27167.296,51.006,197.646,122.498,4.486,6640631.876,9.68
1965,36,33452.626,26966.352,159.725,2943.123,0,5.24,9062738.735,7.164
1966,36,33726.748,28115.981,179.656,3183.702,0,3.593,4259865.418,7.146
1967,36,34155.964,27725.989,68.3,216.477,62.984,3.147,3267537.544,11.513
1968,36,34324.097,28987.862,51.948,156.818,68.702,5.775,11004802.377,13.295
1969,36,34472.96,29216.976,178.672,3290.214,0,5.065,8465960.177,7.622
1970,36,34695.768,28506.756,205.492,5084.182,0,5.897,11475934.564,7.226
1971,36,35208.473,30023.706,276.326,9080.817,0,6.23,12809728.851,7.424
1972,36,35340.332,29282.57,226.133,8282.012,0,8.753,25283170.016,6.915
1973,36,35533.863,27325.584,26.036,53.773,95.202,7.881,20495166.135,16.198
1974,36,35656.745,30479.527,153.015,2975.194,0,7.923,20717967.425,7.939
1975,36,35710.07,26778.901,58.119,79.481,69.051,4.674,7208969.557,23.839
1976,36,35869.471,24727.479,222.233,4725.511,0,5.126,8671452.67,8.026
1977,36,35798.53,25496.159,168.355,2582.028,0,0.921,280169.868,6.678
1978,36,35755.285,29916.284,257.809,7623.443,0,3.506,4056794.575,6.481
1979,36,36031.099,27936.956,81.048,254.205,65.036,5.11,8618292.214,16.134
1980,36,36107.979,27440.63,1.456,25.401,79.806,4.445,6519981.796,8.742
1981,37,10021.427,38992.182,96.317,1269.572,127.882,11.454,43292689.444,9.463
1982,37,10276.851,38444.756,81.574,313.619,167.26,8.626,24557625.886,19.565
1983,37,10261.193,39435.944,74.116,400.555,138.958,11.858,46401509.996,17.197
1984,37,10546.574,33567.929,81.448,654.874,132.193,8.948,26422202.701,10.684
1985,37,10658.428,37191.837,152.785,3042.545,69.658,3.916,5059656.752,6.164
1986,37,10726.56,34375.523,241.298,10803.909,0,9.95,32670860.967,6.654
1987,37,10747.557,34905.412,207.839,9947.498,0,8.792,25511017.847,5.378
1988,37,10688.054,36778.278,186.998,8094.747,0,8.036,21309401.804,5.184
1989,37,10762.924,9465.288,134.051,1052.646,0,2.843,2667279.641,9.369
1990,37,10760.006,35360.269,1.812,30.148,190.925,7.825,20205742.998,10.584
1991,37,10837.887,36114.855,93.905,485.09,142.091,4.788,7565379.916,11.789
1992,37,11041.658,37565.907,66.078,274.803,148.755,8.507,23885503.738,15.41
1993,37,11124.836,34125.909,163.287,6260.097,0,4.06,5439338.643,4.406
1994,37,11194.536,34556.183,9.406,61.591,201.836,10.824,38666762.579,8.738
1995,37,11255.053,34762.616,205.589,9722.204,0,8.238,22397220.082,5.249
1996,37,11357.671,35279.12,2.345,87.78,182.937,11.725,45370567.157,5.727
1997,37,11307.387,35769.049,37.842,92.677,199.315,6.368,13380649.425,14.007
1998,37,21540.437,30211.193,114.387,826.237,51.335,2.31,1760499.619,8.66
1999,37,21598.784,30490.044,9.358,76.415,101.785,7.145,16846742.377,5.781
2000,37,21839.216,29840.847,4.494,102.168,103.661,12.734,53517359.702,5.52
2001,37,21869.997,30541.796,154.644,3544.694,0,3.837,4858301.12,5.691
2002,37,22655.221,29495.454,33.628,55.254,96.444,1.315,570238.534,10.5
2003,37,22667.487,30153.599,213.852,7241.499,0,8.139,21861389.875,6.798
2004,37,23425.295,29035.539,149.053,2890.347,0,6.436,13669935.782,7.117
2005,37,23402.618,29743.452,195.31,4657.143,0,6.001,11885493.201,7.209
2006,37,26613.935,13310.397,46.934,177.024,145.337,14.717,71480275.298,20.54
2007,37,26843.297,12675.325,313.399,17830.47,0,7.004,16189518.218,5.797
2008,37,26931.927,13928.59,195.209,8192.574,0,7.803,20095839.445,5.392
2009,37,27035.764,12955.361,9.687,65.823,130.959,5.228,9020213.024,5.731
2010,37,27235.857,14469.601,203.356,7369.944,0,8.104,21673227.571,6.234
2011,37,27516.193,14704.177,231.035,9395.164,0,6.297,13084326.454,5.724
2012,37,27593.675,13855.431,73.93,272.209,136.114,11.128,40869027.402,23.121
2013,37,28015.473,14535.616,196.248,6155.524,0,6.711,14863546.24,6.247
2014,37,28148.313,15616.255,216.034,11262.31,0,9.256,28274503.661,5.312
2015,37,28357.825,4093.36,47.146,68.063,22.887,1.178,457597.429,12.674
2016,37,28401.188,15039.057,4.309,118.51,212.784,10.732,38007882.757,4.433
2017,37,28968.692,15793.027,173.487,6065.007,0,8.04,21332300.769,5.711
2018,37,32742.715,26175.72,67.502,136.347,88.794,4.194,5805562.73,17.95
2019,37,32854.234,27185.323,160.864,4351.062,0,9.627,30585871.304,7.091
2020,37,33408.06,27775.936,163.664,2588.953,0,5.691,10687867.154,8.326
2021,37,33758.308,28154.235,10.149,53.866,88.74,6.46,13772341.532,7.327
2022,37,34020.7,27484.167,170.785,2548.251,0,8.138,21856044.916,10.754
2023,37,34720.742,28484.723,3.31,59.099,87.565,6.926,15832213.448,5.904
2024,37,34868.777,29602.503,130.644,1305.647,54.763,3.053,3075215.415,8.096
2025,37,35198.458,30075.91,18.573,80.95,123.007,9.139,27565821.167,9.145
2026,37,35331.418,29280.621,98.115,557.54,115.961,3.589,4249744.604,10.139
2027,37,35481.145,30338.765,99.506,645.278,86.097,7.568,18903645.684,13.3
2028,37,35556.392,27429.539,52.316,155.223,82.013,7.442,18276516.401,15.93
2029,37,35878.32,24742.241,157.357,2680.251,0,6.069,12154480.382,7.898
2030,37,35927.311,25484.004,221.242,3910.712,0,3.206,3391687.713,7.91
2031,37,36727.019,28573.918,227.237,3426.514,0,5.63,10459780.929,10.828
2032,37,37319.132,26125.972,83.227,222.355,34.14,4.862,7800394.962,18.146
2033,38,9944.871,39294.147,190.506,6161.688,0,5.755,10928739.309,5.715
2034,38,10218.587,38437.214,180.937,7700.699,0,9.51,29848836.045,5.485
2035,38,10262.018,39447.692,225.121,9035.24,0,8.188,22122764.601,6.253
2036,38,10397.094,37812.473,117.911,1043.24,139.625,3.937,5114766.344,8.749
2037,38,10305.331,39103.586,236.577,11739.573,0,8.29,22677395.456,5.601
2038,38,10542.583,33143.688,45.465,158.452,109.691,8.314,22811438.615,13.762
2039,38,10570.941,33566.547,40.468,170.148,158.252,5.094,8561927.602,8.562
2040,38,10637.095,37203.222,222.385,9165.469,0,7.813,20145657.354,5.968
2041,38,10732.049,34883.195,114.97,1955.227,113.193,4.852,7768829.131,6.018
2042,38,10751.867,35397.613,88.907,531.795,135.807,7.944,20826142.332,13.474
2043,38,10718.35,36739.897,108.425,948.244,154.665,7.705,19591528.66,11.256
2044,38,10794.279,35573.843,197.994,8247.331,0,2.741,2479674.848,4.502
2045,38,10822.664,35895.276,120.907,504.725,161.607,2.893,2762055.719,13.218
2046,38,10798.367,36240.226,3.699,130.136,150.28,9.831,31896438.467,3.922
2047,38,11037.304,37837.633,3.868,32.312,151.885,5.225,9009697.8,8.133
2048,38,11049.924,37217.484,177.194,6883.051,0,4.069,5463590.634,4.577
2049,38,11018.481,37538.322,80.692,371.133,138.755,4.944,8065959.1,11.777
2050,38,11147.194,34118.599,160.744,6032.201,0,4.791,7573854.95,4.529
2051,38,11163.693,34512.703,210.645,9934.191,0,13.636,61359294.792,6.886
2052,38,11280.409,34935.584,209.955,9788.988,0,10.983,39809266.477,6.12
2053,38,21585.395,30510.886,159.443,3354.501,0,8.006,21151309.78,7.751
2054,38,21837.873,29929.099,11.374,50.335,120.145,7.7,19565449.519,8.906
2055,38,22618.215,29440.904,110.722,1075.977,39.774,4.013,5313486.133,7.968
2056,38,22693.32,30179.208,79.722,585.428,85.658,12.929,55165004.284,14.814
2057,38,23441.679,29037.408,4.852,49.293,94.427,6.318,13172648.156,6.642
2058,38,23453.984,29726.102,41.629,82.738,99.353,4.507,6703482.791,14.18
2059,38,23967.141,29382.208,70.733,348.676,99.551,4.621,7047318.493,9.998
2060,38,26638.238,13198.429,3.827,62.253,149.157,6.444,13701823.552,5.552
2061,38,26839.177,12642.573,129.915,2141.33,74.491,10.433,35919674.843,9.342
2062,38,26827.732,13805.496,227.997,10335.04,0,10.428,35889244.724,6.474
2063,38,27253.433,14448.804,240.794,11130.777,0,9.691,30995353.211,6.401
2064,38,27296.186,13277.631,157.123,3039.15,0,7.404,18089608.856,7.86
2065,38,27623.911,13977.701,171.454,5218.833,0,8.671,24809994.173,6.458
2066,38,27763.95,15208.764,197.671,6734.322,0,7.917,20687462.783,6.324
2067,38,28027.196,14545.117,178.529,5635.142,0,5.839,11251604.27,5.596
2068,38,28389.915,15101.337,197.692,9563.148,0,8.232,22362782.189,5.033
2069,38,28958.994,15784.049,212.209,8202.334,0,8.879,26015106.764,6.389
2070,38,30593.262,35145.797,94.577,492.795,0,4.627,7065510.817,11.589
2071,38,32390.112,26228.559,144.118,2212.038,0,5.153,8763144.396,7.528
2072,38,32679.973,26166.585,136.196,1774.092,1.939,6.512,13994278.754,8.938
2073,38,32897.635,27225.692,173.319,4384.748,0,7.972,20975193.683,7.167
2074,38,33804.143,28135.444,62.857,64.949,74,3.24,3463982.213,25.024
2075,38,34682.751,28481.926,154.701,2286.342,0,4.381,6332892.748,7.674
2076,38,34960.339,29517.862,3.197,54.344,116.245,8.117,21745739.516,6.819
2077,38,35119.449,30001.118,1.788,83.675,113.928,12.956,55392531.857,6.325
2078,38,35538.024,27496.019,96.548,472.289,49.009,4.92,7989818.226,12.679
2079,38,35519.456,30399.494,2.524,74.789,124.628,10.19,34268181.371,5.992
2080,38,35789.923,29868.448,35.441,62.456,93.166,3.931,5098527.558,13.457
2081,38,35889.54,25564.142,120.876,1210.173,0,7.878,20480552.714,11.116
2082,39,10030.773,38976.329,223.113,11101.486,0,7.694,19534009.448,5.226
2083,39,10246.444,38446.071,216.495,10880.971,0,8.906,26174329.305,5.373
2084,39,10212.106,39439.126,85.731,464.533,125.635,5.301,9272764.33,11.233
2085,39,10561.261,33589.955,218.565,9838.011,0,7.201,17112102.146,5.39
2086,39,10791.397,35509.467,56.518,190.708,200.233,6.153,12495471.373,13.311
2087,39,10836.415,36026.947,219.482,9192.17,0,9.983,32889549.78,6.532
2088,39,10791.941,9514.218,165.813,1664.093,0,1.12,414179.662,8.287
2089,39,10940.132,37851.726,226.873,9472.485,0,8.384,23199657.293,6.175
2090,39,11047.574,37211.804,208.154,10165.62,0,9.566,30196156.745,5.499
2091,39,11070.492,37494.751,250.616,12388.402,0,9.38,29035859.766,6.173
2092,39,11113.154,34135.967,243.479,12005.768,0,14.188,66435085.916,7.659
2093,39,11123.428,36882.171,9.577,77.773,193.571,10.981,39797239.734,7.299
2094,39,11241.77,34993.486,247.084,12597.271,0,5.857,11321232.527,5.064
2095,39,11272.413,35431.952,272.834,15165.213,0,6.813,15316722.662,5.323
2096,39,11284.019,35746.914,244.912,15311.085,0,10.373,35509487.097,5.356
2097,39,11597.544,9522.539,7.237,24.61,36.088,2.001,1321765.381,7.805
2098,39,21570.076,30145.373,72.439,284.936,88.417,8.965,26526362.74,18.008
2099,39,21615.404,30536.742,192.656,3719.486,0,5.193,8899588.413,7.826
2100,39,22348.189,30281.475,226.278,5809.566,0,5.958,11716147.576,7.55
2101,39,22881.264,29295.967,1.127,42.388,87.356,2.996,2961600.18,5.531
2102,39,22879.268,30122.095,2.8,53.573,130.391,16.797,93112062.813,11.616
2103,39,23424.188,29056.373,196.117,3872.668,0,5.042,8388196.734,7.721
2104,39,23487.823,29740.661,187.009,4027.088,0,4.855,7778598.956,6.989
2105,39,23923.057,29440.201,8.115,38.988,119.884,2.195,1589478.195,6.217
2106,39,26562.085,13173.126,140.224,3882.149,0,5.087,8541415.667,5.07
2107,39,26848.711,13846.088,162.049,5722.108,0,15.355,77805647.654,7.649
2108,39,26912.721,12675.485,197.314,7127.521,0,5.797,11090871.067,5.456
2109,39,27297.352,14499.722,237.526,8266.131,0,11.272,41928124.932,8.616
2110,39,27603.416,13889.474,181.714,5030.911,0,11.161,41112830.272,8.326
2111,39,27654.447,14692.475,186.217,6225.622,0,3.083,3137036.113,4.954
2112,39,27987.882,14508.148,44.122,99.43,140.535,11.68,45024686.696,26.133
2113,39,28162.713,15648.745,221.542,11041.635,0,5.698,10716000.079,4.773
2114,39,28335.968,15060.801,235.191,14209.73,0,11.868,46478882.103,5.697
2115,39,28898.863,16085.251,134.347,1697.091,60.084,4.141,5660171.862,7.652
2116,39,28959.325,15759.409,2.047,88.769,142.746,6.872,15584125.998,4.348
2117,39,30596.34,35104.482,126.817,764.648,0,2.474,2019423.892,10.334
2118,39,32454.111,26165.074,175.61,2978.159,0.001,3.678,4464215.44,7.277
2119,39,32873.628,27209.79,184.003,5048.177,0,10.996,39901425.337,8.392
2120,39,33395.993,27778.141,110.512,710.755,43.533,5.524,10072010.722,12.035
2121,39,33455.993,27025.404,174.14,3280.593,0,5.453,9813501.919,7.571
2122,39,34157.817,27687.294,3.771,42.818,86.806,6.517,14016911.952,7.342
2123,39,34747.345,28493.747,162.946,3083.526,0,7.635,19237606.846,8.327
2124,39,34875.981,29628.005,156.028,3106.256,0,5.954,11699306.685,6.998
2125,39,35112.148,29997.634,168.91,4885.264,0,13.668,61648903.375,8.645
2126,39,35330.875,29205.588,212.615,7168.061,0,3.631,4351426.706,5.409
2127,39,35456.947,30397.266,218.978,7481.151,0,10.93,39424131.127,8.041
2128,39,35584.458,27325.92,54.512,112.295,62.76,5.324,9352635.112,17.727
2129,39,35763.367,29880.626,74.298,187.843,78.935,4.264,5998911.271,16.231
2130,39,35890.851,24926.512,131.859,1703.404,0,3.511,4069297.897,7.176
2131,39,35879.666,25529.311,177.481,2464.157,0,2.575,2188708.848,7.724
2132,39,35928.728,28461.133,205.386,3865.512,0,6.08,12201283.64,8.867
2133,39,36000.458,27589.93,7.381,63.962,84.638,6.984,16098004.699,6.125
2134,39,36881.528,28558.665,7.502,67.108,43.38,4.145,5671178.639,4.972
2135,40,10025.903,38955.557,178.023,7493.015,0,8.936,26352312.653,5.325
2136,40,9979.761,39352.932,71.498,423.559,120.636,6.528,14061413.572,10.335
2137,40,10410.974,38118.739,90.389,680.635,150.353,5.705,10741816.254,9.46
2138,40,10455.213,37664.862,174.758,5875.731,0,8.057,21421743.615,5.903
2139,40,10572.543,33569.995,190.462,7533.474,0,9.303,28561437.55,5.939
2140,40,10725.426,34922.993,173.825,7288.955,0,6.774,15145479.17,4.783
2141,40,10717.846,36722.379,10.514,157.748,210.91,8.245,22435855.723,3.829
2142,40,10772.687,35558.275,160.913,6718.008,0,9.092,27279304.588,5.033
2143,40,10796.372,9608.411,7.258,35.675,53.244,4.29,6074016.825,7.524
2144,40,10800.836,33053.236,187.37,6204.022,0,11.572,44193583.275,7.548
2145,40,10796.37,38130.381,26.541,72.964,155.786,4.212,5854801.992,9.167
2146,40,11049.477,37160.613,72.253,173.486,190.484,7.31,17634150.905,23.774
2147,40,11053.843,37544.841,89.18,595.085,133.239,7.709,19613273.542,12.104
2148,40,11086.795,34033.742,122.55,1578.688,117.01,10.906,39255043.504,11.285
2149,40,11109.214,36844.365,100.295,1093.818,132.983,6.031,12003587.061,7.963
2150,40,11189.007,34536.871,231.203,9947.99,0,4.69,7259348.365,5.138
2151,40,11257.041,34928.309,226.806,11330.67,0,11.761,45645630.537,6.385
2152,40,11273.311,35426.3,222.981,10565.156,0,7.657,19348045.742,5.39
2153,40,11276.158,35782.727,283.601,19658.561,0,12.955,55385662.523,6.205
2154,40,21515.761,30151.754,147.647,2815.022,0,5.361,9484910.89,6.709
2155,40,21657.051,30549.757,205.912,4388.904,0,5.49,9948291.711,7.805
2156,40,21916.745,29849.32,228.158,6099.055,0,5.798,11094803.584,7.309
2157,40,22530.815,29426.461,105.871,1432.52,0,4.28,6046580.807,6.41
2158,40,22816.644,30101.213,171.377,3948.942,0,11.546,43996500.214,9.442
2159,40,23487.517,29692.665,190.171,4532.289,0,8.487,23769991.437,8.281
2160,40,23948.403,29397.896,174.707,4461.506,0,4.551,6834008.195,5.923
2161,40,26626.38,13177.587,181.519,5481.427,0,6.673,14695877.404,6.073
2162,40,26872.559,13863.061,210.528,9135.217,0,15.284,77089044.361,7.953
2163,40,26883.578,12628.97,247.562,9645.845,0,8.115,21733913.696,6.809
2164,40,27111.928,13042.85,6.869,62.671,101.426,5.256,9117571.733,5.464
2165,40,27491.353,13804.025,80.732,347.429,107.94,4.777,7531405.215,12.173
2166,40,27676.794,15148.156,168.26,5588.463,0,5.433,9739531.624,5.13
2167,40,27992.522,14551.235,184.256,5551.681,0,9.14,27570190.968,7.033
2168,40,28141.38,15668.48,76.286,538.029,172.346,8.503,23860295.48,10.979
2169,40,28415.002,15086.565,150.499,6487.195,0,11.227,41594767.976,5.143
2170,40,32510.057,26139.482,160.105,2914.739,0,3.731,4592903.472,6.62
2171,40,32903.846,27238.02,178.36,5655.399,0,9.936,32577590.588,6.897
2172,40,33323.37,27708.689,185.925,3225.362,0,6.262,12941555.733,8.881
2173,40,33517.317,27033.443,198.759,3896.232,0,6.701,14820188.43,8.793
2174,40,33760.057,28160.01,0.102,56.771,89.127,5.141,8722090.021,5.265
2175,40,34121.946,27644.703,152.072,2806.128,0,3.636,4363715.126,6.343
2176,40,34803.153,28558.629,8.093,46.388,96.648,8.894,26105790.668,9.258
2177,40,34923.598,29523.688,288.13,10476.051,0,6.025,11980060.622,7.035
2178,40,35125.795,30022.567,150.773,3197.014,0,6.685,14748090.054,6.841
2179,40,35420.601,28095.127,41.597,78.171,70.424,4.022,5337336.689,13.96
2180,40,35357.35,29276.13,4.017,52.898,135.971,6.236,12833374.065,6.171
2181,40,35594.712,27362.969,4.156,33.252,78.136,9.425,29313434.044,11.506
2182,40,35546.761,30404.137,68.93,298.384,89.801,9.794,31654594.846,17.054
2183,40,35687.603,26839.714,58.81,194.074,45.48,4.417,6439785.993,11.677
2184,40,35838.712,25542.615,85.309,343.43,34.22,4.104,5557477.748,12.364
2185,40,35838.441,26360.753,2.973,20.545,57.389,3.482,4000252.668,9.309
2186,40,35764.228,29921.21,8.762,42.467,81.645,4.799,7601132.887,7.278
2187,40,35946.997,24935.506,195.646,2978.31,0,4.883,7868935.137,9.095
2188,40,35940.308,28482.9,164.94,2751.437,0,5.284,9214926.681,7.843
2189,40,36133.668,27569.619,1.435,30.542,85.847,5.995,11858749.052,8.848
2190,41,9999.448,38939.486,166.274,6669.737,0,8.77,25381019.502,5.217
2191,41,9982.067,39369.915,170.014,4887.159,0,11.555,44064009.022,7.829
2192,41,10240.108,38396.951,6.289,95.325,198.362,16.604,90979709.897,7.382
2193,41,10248.511,39422.112,207.106,7680.37,0,12.059,47988379.295,7.648
2194,41,10436.608,37751.122,206.141,7854.335,0,6.577,14276789.16,5.625
2195,41,10539.439,33090.268,163.325,4193.845,0,8.578,24281895.865,7.033
2196,41,10539.639,33572.483,167.916,5703.811,0,7.177,16998701.168,5.466
2197,41,10722.958,34282.922,80.338,491.938,136.458,7.946,20836755.651,12.256
2198,41,10719.869,36734.949,257.034,14301.035,0,7.663,19380666.187,5.319
2199,41,10627.775,38685.049,221.892,10430.705,0,3.819,4814029.203,4.62
2200,41,10771.927,35538.014,165.712,7077.591,0,4.899,7919469.897,4.289
2201,41,10811.951,9653.525,50.205,74.06,40.715,4.728,7376134.578,20.52
2202,41,10823.767,33026.877,150.698,4260.783,0,12.71,53316457.77,7.657
2203,41,10936.896,37967.027,63.895,202.566,127.525,4.591,6954724.267,12.877
2204,41,11054.56,37222.075,175.834,6940.318,0,5.625,10441915.794,4.776
2205,41,11024.364,37583.29,243.899,10914.659,0,7.118,16719796.822,5.797
2206,41,11100.324,34047.46,184.708,8511.444,0,10.401,35700074.227,5.471
2207,41,11103.167,36795.913,156.207,2783.318,108.548,8.641,24642595.923,9.032
2208,41,11200.289,34539.285,183.826,7879.555,0,7.183,17029037.866,4.971
2209,41,11267.535,34991.296,219.483,11403.472,0,11.69,45097988.671,6.021
2210,41,11344.519,35811.217,166.638,6387.835,0,5.643,10510618.875,4.712
2211,41,21558.382,30161.41,208.302,5594.212,0,9.362,28924854.061,8.544
2212,41,21507.143,30569.08,116.524,970.814,19.276,4.088,5515232.614,9.14
2213,41,21757.947,29962.574,240.509,7423.254,0,3.444,3915357.547,6.055
2214,41,22081.533,30474.896,15.183,56.083,76.048,5.435,9750108.461,7.94
2215,41,22404.402,29663.673,8.021,31.537,102.269,7.461,18369491.899,11.332
2216,41,22477.865,29518.417,4.503,26.487,98.631,3.394,3801914.881,7.955
2217,41,22751.596,29345.635,156.873,2596.576,0,4.961,8120884.462,7.468
2218,41,22743.182,30163.063,126.569,2427.1,0,8.146,21897973.102,7.096
2219,41,23462.406,29675.26,237.837,6763.112,0,5.259,9127173.491,6.972
2220,41,23887.154,28988.88,249.551,7822.116,0,5.978,11794683.019,7.043
2221,41,23838.705,29357.261,4.842,42.793,110.828,3.441,3906960.884,5.915
2222,41,26845.938,13882.701,66.411,252.958,143.636,10.409,35757204.411,19.508
2223,41,26907.306,12639.452,223.191,7859.325,0,5.527,10082593.024,5.913
2224,41,27121.524,13039.728,2.027,70.921,102.362,7.667,19397502.351,5.333
2225,41,27231.096,14376.466,95.21,567.253,95.029,5.626,10445629.015,11.584
2226,41,27459.968,14749.13,42.145,73.791,157.13,6.61,14417244.344,20.166
2227,41,27525.151,13759.045,175.9,4274.567,0,8.181,22088354.9,7.556
2228,41,27720.707,15158.167,198.052,8277.951,0,11.443,43210411.973,6.512
2229,41,27920.035,14400.944,6.277,58.407,137.411,10.844,38805956.151,8.256
2230,41,28159.65,15679.056,3.564,84.038,180.947,10.665,37535765.903,5.695
2231,41,28405.561,15088.498,182.619,8119.404,0,8.939,26367170.473,5.215
2232,41,28915.379,16107.214,64.506,297.664,105.612,6.683,14740014.01,11.877
2233,41,28975.385,15669.583,134.698,3518.175,0,6.377,13419457.893,5.436
2234,41,30600.419,35103.951,93.556,511.67,0,1.887,1175784.903,8.865
2235,41,32455.833,26127.227,177.501,3591.654,0,5.325,9356796.003,7.247
2236,41,32870.44,27213.936,184.772,5908.781,0,14.732,71625572.084,9.014
2237,41,33439.983,27764.27,5.985,68.541,76.117,5.68,10647674.005,5.169
2238,41,33552.039,27073.867,172.606,3033.233,0,6.951,15947077.485,8.761
2239,41,33779.696,28190.722,42.959,116.172,79.014,4.185,5780394.862,11.093
2240,41,34159.98,27681.865,3.077,46.823,91.387,5.442,9773847.764,6.261
2241,41,34738.625,28521.24,39.546,72.987,101.875,7.373,17942095.712,20.17
2242,41,34957.784,29518.438,5.648,70.604,110.44,4.843,7740384.568,4.79
2243,41,35162.517,30034.361,252.965,8412.607,0,3.605,4287917.764,6.013
2244,41,35469.432,28055.723,69.819,155.649,62.264,3.319,3635739.119,15.159
2245,41,35520.034,30401.446,1.823,75.718,105.065,9.049,27025742.919,5.508
2246,41,36004.016,28562.463,66.435,175.841,57.018,2.02,1346791.955,11.364
2247,41,36108.082,24760.472,73.921,178.407,52.048,3.609,4298924.833,15.407
2248,41,36110.571,27551.639,121.046,1749.239,0,9.157,27671494.487,9.08
2249,41,37277.677,26237.855,6.095,24.32,49.291,3.628,4344783.248,8.925
2250,42,9996.317,38948.852,143.655,4978.706,0,8.896,26116409.396,5.262
2251,42,10415.642,39107.384,56.702,174.245,163.508,7.248,17337969.647,16.01
2252,42,10710.813,34283.254,53.313,227.792,148.128,7.13,16776330.825,11.605
2253,42,10714.576,34933.481,199.133,8603.998,0,9.669,30851795.576,5.852
2254,42,10725.276,35490.517,121.743,2343.779,96.575,7.175,16990980.414,6.518
2255,42,10705.193,36709.647,246.995,13837.473,0,12.267,49657395.617,6.385
2256,42,10603.167,38579.285,57.387,212.559,182.091,7.883,20506745.573,14.605
2257,42,10831.553,9646.14,118.766,900.484,0,2.4,1901723.161,8.648
2258,42,11040.333,37241.242,61.216,210.9,170.494,8.359,23059246.701,16.947
2259,42,11117.904,34070.215,174.326,7393.298,0,12.569,52139800.341,6.156
2260,42,11111.539,36770.598,89.643,548.431,141.808,7.439,18260879.075,12.752
2261,42,11175.222,34525.797,190.174,8938.217,0,10.532,36609723.659,5.539
2262,42,11276.495,34995.369,184.124,8782.994,0,12.709,53301282.403,5.892
2263,42,11357.326,35760.66,5.294,59.465,202.584,7.284,17507625.641,6.251
2264,42,21631.238,30537.527,205.105,5393.706,0,8.923,26276677.206,8.353
2265,42,21917.231,29824.059,190.471,4271.225,0,5.955,11702318.641,7.372
2266,42,22844.023,30117.118,59.699,242.237,99.331,5.949,11677845.27,11.697
2267,42,23500.938,29655.248,164.838,3775.453,0,3.832,4844888.358,5.904
2268,42,23843.643,29417.187,177.533,3915.767,0,6.661,14643667.192,7.431
2269,42,23913.666,28990.87,54.359,207.128,96.904,7.749,19815675.519,13.6
2270,42,26675.289,13323.698,195.326,7395.841,0,6.926,15831972.122,5.546
2271,42,26880.931,13921.303,3.14,99.522,145.157,10.266,34783315.82,4.851
2272,42,26881.882,12664.005,186.536,5952.05,0,10.732,38013244.551,7.41
2273,42,27166.29,13026.36,38.635,67.667,103.985,6.017,11949579.687,18.002
2274,42,27616.862,13992.22,166.652,4154,0,6.789,15210096.077,6.582
2275,42,27699.543,15137.653,211.594,8142.735,0,5.397,9611661.745,5.375
2276,42,27947.672,14501.714,195.209,6595.891,0,7.73,19719671.957,6.243
2277,42,28159.753,15638.576,1.212,69.625,193.208,10.496,36354678.652,6.388
2278,42,28323.876,15040.035,3.195,30.365,212.055,4.288,6069201.318,7.72
2279,42,28442.165,15910.81,133.984,3296.804,0,10.161,34077767.855,6.853
2280,42,28926.849,16108.321,120.559,1752.569,33.304,2.89,2756162.249,6.175
2281,42,32393.335,26154.893,219.981,5562.812,0,6.876,15601953.292,7.945
2282,42,32867.594,27190.125,204.109,6676.685,0,17.356,99412617.098,10.895
2283,42,33387.441,27700.291,199.183,3864.733,0,2.776,2542719.184,6.88
2284,42,33830.814,28175.577,198.505,3867.162,0,3.794,4751510.23,7.246
2285,42,34166.028,27764.393,234.34,5759.796,0,5.038,8376385.462,7.499
2286,42,34721.276,28477.253,10.161,100.042,80.141,7.767,19909897.898,5.075
2287,42,34961.852,29514.636,9.981,56.212,112.057,5.712,10768744.02,6.674
2288,42,35111.806,30019.973,170.328,3693.479,0,7.438,18256762.719,7.673
2289,42,35475.104,28005.658,201.759,3815.091,0,7.603,19079455.309,9.754
2290,42,35367.07,29341.057,122.926,919.37,76.613,3.788,4734248.955,9.907
2291,42,35546.641,30444.038,70.483,274.2,102.001,7.28,17490627.135,15.325
2292,42,35760.436,26469.399,9.321,47.948,67.121,3.924,5081396.883,6.377
2293,42,35757.519,29834.517,7.503,49.708,89.626,4.616,7031668.708,6.21
2294,42,36055.971,27532.814,230.353,5729.018,0,3.773,4696818.009,6.82
2295,42,36152.982,24728.074,55.718,147.72,56.644,8.098,21643515.906,19.485
2296,43,10011.611,38960.526,173.502,6827.288,0,8.345,22983189.022,5.338
2297,43,9975.552,39378.601,76.621,265.878,125.325,10.759,38202707.105,24.428
2298,43,10278.454,38513.683,335.6,20131.279,0,4.99,8218212.642,5.322
2299,43,10279.678,39427.452,108.567,744.033,114.831,3.319,3635387.934,9.339
2300,43,10642.074,33616.4,197.444,7731.492,0,4.282,6049716.291,4.878
2301,43,10703.372,36699.604,71.594,471.864,173.368,4.315,6144548.211,8.074
2302,43,10642.818,38575.838,63.557,311.835,158.25,4.421,6451097.263,9.254
2303,43,10800.44,35602.054,2.724,94.424,207.164,7.07,16496103.82,4.242
2304,43,10789.835,33034.414,183.85,5781.287,0,11.129,40872056.642,7.571
2305,43,10804.648,38331.774,200.674,7272.117,0,6.709,14855754.353,5.751
2306,43,10907.241,9721.805,58.679,103.593,25.421,1.75,1010228.238,13.211
2307,43,11037.709,37540.667,182.774,6121.729,0,7.823,20194186.223,6.032
2308,43,11080.037,34112.814,266.882,16865.348,0,11.922,46907721.418,6.073
2309,43,11092.826,36730.28,269.263,14802.216,0,6.233,12820247.062,5.179
2310,43,11209.274,34585.952,100.886,1143.175,147.798,4.063,5447395.576,6.87
2311,43,11268.384,36141.623,57.199,169.988,184.343,5.155,8771166.184,13.398
2312,43,11254.281,34944.47,275.692,18401.327,0,6.298,13089137.415,4.663
2313,43,11258.329,35414.997,282.951,15828.579,0,2.609,2246938.687,4.629
2314,43,11286.091,35818.957,147.151,3247.08,110.785,9.345,28820682.489,7.636
2315,43,21611.537,30065.239,186.923,4920.6,0,8.743,25229258.205,7.697
2316,43,21680.888,30559.737,2.644,83.229,107.001,8.961,26497090.404,5.143
2317,43,22557.816,29521.154,3.212,31.575,104.084,7.574,18929761.058,10.134
2318,43,22813.237,30115.408,131.672,2512.137,0,8.469,23668614.033,7.468
2319,43,23569.798,29580.321,44.154,58.517,105.257,9.889,32270642.847,37.199
2320,43,23873.275,29410.566,191.95,4805.971,0,4.742,7422186.658,6.412
2321,43,23961.209,28963.563,197.591,4338.247,0,5.442,9773185.657,7.418
2322,43,26572.719,12810.319,225.385,6598.07,0,6.739,14988027.174,7.215
2323,43,26699.764,13340.252,200.945,8789.048,0,10.215,34433927.839,5.993
2324,43,26878.668,12665.026,195.528,6871.346,0,11.136,40924175.757,7.274
2325,43,26920.896,13947.753,180.044,5713.145,0,6.384,13450015.838,5.758
2326,43,27188.611,14267.102,199.38,5615.88,0,8.284,22648691.777,7.464
2327,43,27520.05,14801.806,2.727,65.523,158.19,13.573,60797436.164,8.154
2328,43,27529.431,13669.88,143.656,3134.612,0,3.946,5138588.001,5.644
2329,43,27930.59,14494.629,205.247,8268.072,0,8.953,26453734.28,6.075
2330,43,28081.598,15598.489,188.561,8449.585,0,12.669,52972823.73,6.291
2331,43,28385.339,15102.312,286.11,17661.657,0,10.262,34756149.567,6.026
2332,43,28533.772,15904.908,199.486,5902.369,0,8.623,24538215.487,7.341
2333,43,28913.101,16071.189,154.028,3453.278,0,6.101,12285345.145,6.459
2334,43,28971.906,15656.027,187.38,5027.366,0,5.543,10138587.096,6.312
2335,43,32430.654,26139.397,125.681,1953.329,0,4.577,6912124.028,6.618
2336,43,32906.584,27253.786,174.35,5058.063,0,13.539,60493601.618,8.793
2337,43,33439.982,27756.193,206.078,4499.219,0,3.869,4941089.216,6.943
2338,43,33560.685,26999.071,187.65,3281.906,0,3.111,3193735.285,7.187
2339,43,34135.44,27670.909,161.56,3152.626,0,4.988,8211890.68,6.845
2340,43,34625.598,28482.557,212.867,5049.502,0,6.592,14338879.661,7.977
2341,43,34986.002,28817.803,213.73,4576.238,0,6.386,13460321.047,8.494
2342,43,35215.401,30077.785,198.562,4485.913,0,4.135,5641650.245,6.748
2343,43,35440.689,28061.73,201.133,3359.854,0,4.477,6615746.638,8.436
2344,43,35347.767,29324.47,182.465,4887.791,0,5.201,8927340.074,6.101
2345,43,35533.562,30413.174,179.574,4531.245,0,7.031,16313829.06,6.964
2346,43,35823.094,26516.518,201.555,3149.072,0,4.976,8170570.885,9.182
2347,43,35746.498,29233.474,105.449,679.491,41.088,4.537,6793389.3,10.614
2348,43,36136.574,27513.119,54.731,75.451,90.91,2.126,1491450.158,15.575
2349,43,36316.925,25283.358,6.454,70.629,59.744,8.373,23135579.451,6.067
2350,43,37339.918,25817.011,116.625,934.121,0,5.831,11220235.564,10.892
2351,43,37280.133,26238.097,4.329,60.782,48.359,4.884,7870473.804,5.152
2352,44,9977.319,39312.535,78.593,487.307,112.543,1.486,728682.518,7.443
2353,44,10038.005,38949.426,160.023,6077.749,0,11.646,44756691.035,6.027
2354,44,10249.857,38440.202,51.46,139.724,162.323,3.049,3067738.701,10.821
2355,44,10266.652,39430.908,154.331,4551.325,0,3.065,3101148.509,4.795
2356,44,10428.984,37840.098,233.881,11083.126,0,9.481,29661691.724,6.086
2357,44,10656.31,36811.339,79.708,502.235,154.989,14.361,68063053.791,18.57
2358,44,10725.648,34377.894,233.766,9901.271,0,8.208,22233169.394,6.186
2359,44,10725.438,34938.119,113.021,1237.971,144.695,11.311,42222305.884,12.466
2360,44,10657.316,38734.116,201.795,8681.202,0,7.241,17302507.87,5.281
2361,44,10800.327,35523.458,7.263,129.917,192.338,2.457,1992895.883,3.2
2362,44,10820.681,33065.933,40.677,92.835,149.108,10.851,38855089.254,23.083
2363,44,10861.17,38362.746,155.982,4387.458,0,7.111,16687993.697,5.896
2364,44,10959.994,33758.552,3.488,75.016,154.317,6.098,12270936.691,4.752
2365,44,11033.196,37254.35,281.973,16760.704,0,5.963,11734402.985,5.015
2366,44,11105.716,34086.012,230.35,10734.4,0,14.445,68859865.464,7.764
2367,44,11162.462,34570.835,261.314,16687.873,0,12.483,51427771.09,6.08
2368,44,11250.059,34999.412,211.667,12083.134,0,11.075,40474889.408,5.312
2369,44,11309.701,35809.055,64.596,406.739,203.944,8.917,26240704.839,11.044
2370,44,11702.433,9568.678,121.291,702.372,0,3.069,3108841.237,10.885
2371,44,21548.348,30097.212,178.882,4388.891,0,6.818,15343957.719,6.996
2372,44,21680.606,30561.616,3.371,70.827,105.419,5.532,10099066.174,4.771
2373,44,22000.252,29800.108,2.01,57.066,101.596,5.415,9675515.77,5.388
2374,44,22514.678,29557.806,61.497,126.11,97.087,7.085,16563844.776,23.661
2375,44,22789.61,30118.677,73.376,237.062,86.968,7.599,19056345.502,19.079
2376,44,23680.874,29520.82,3.219,74.283,110.843,7.499,18560760.597,5.176
2377,44,23899.885,29443.226,34.702,91.275,123.062,7.633,19226339.892,14.284
2378,44,26837.16,12686.358,186.056,5721.175,0,4.457,6555586.091,5.471
2379,44,26930.568,13928.112,24.64,39.172,138.608,6.172,12571968.209,16.806
2380,44,27037.067,12841.148,199.993,6115.049,0,7.237,17286107.45,6.631
2381,44,27515.459,14832.717,38.302,153.765,125.207,5.576,10260237.387,8.964
2382,44,27525.711,13744.072,180.089,5415.772,0,6.146,12466165.658,5.895
2383,44,27763.591,15283.956,9.103,85.684,126.934,13.05,56200369.001,7.44
2384,44,27955.683,14478.327,188.762,6969.733,0,10.387,35605102.005,6.557
2385,44,28060.735,15607.655,150.851,6362.252,0,6.813,15318540.575,4.373
2386,44,28317.378,14957.727,5.866,66.489,201.39,13.073,56403221.921,8.354
2387,44,28913.716,16075.657,184.491,6124.41,0,8.774,25405028.27,6.422
2388,44,28988.292,15732.714,225.303,7773.236,0,8.108,21693903.044,6.95
2389,44,32411.275,26160.995,36.132,78.439,91.256,7.495,18540161.674,16.927
2390,44,32899.858,27203.888,234.868,8521.711,0,10.269,34800980.905,7.804
2391,44,33432.856,27783.873,97.093,388.91,54.846,2.934,2840540.632,11.901
2392,44,33877.743,28329.383,137.85,1682.976,0,6.719,14896989.926,9.61
2393,44,34641.37,28473.797,195.33,3980.687,0,5.562,10211102.588,7.805
2394,44,34893.71,29475.463,96.62,604.248,78.211,10.212,34414100.926,16.593
2395,44,35039.861,28807.874,25.714,47.595,85.854,4.307,6122031.39,12.178
2396,44,35170.202,30113.631,179.608,3714.75,0,9.711,31118772.396,9.583
2397,44,35480.324,27796.868,187.508,3463.15,0,4.305,6115265.209,7.467
2398,44,35541.161,30402.401,126.069,2036.799,24.868,2.612,2252291.116,5.897
2399,44,35768.049,26617.448,55.594,123.956,53.02,5.874,11384912.54,17.932
2400,44,35919.612,24398.999,5.572,72.926,40.128,4.156,5700544.702,4.518
2401,44,37279.586,26260.346,140.701,1398.463,0,4.353,6252779.768,9.366
2402,44,37363.991,25787.351,192.386,2181.849,0,5.764,10964294.054,12.009
2403,45,10017.622,38954.417,103.969,1592.94,90.369,4.303,6109809.871,5.888
2404,45,9995.266,39316.775,58.717,178.84,139.993,4.142,5661222.795,12.014
2405,45,10272.932,39372.94,200.34,7868.707,0,7.946,20838792.822,5.783
2406,45,10449.395,37734.048,201.624,8616.888,0,11.143,40978026.136,6.395
2407,45,10555.552,37309.34,62.228,220.868,121.677,5.022,8322529.051,12.169
2408,45,10693.886,9546.646,104.606,291.283,25.863,3.204,3388502.827,16.562
2409,45,10717.188,34319.081,7.148,103.709,160.33,6.602,14382713.665,4.244
2410,45,10745.452,34910.182,152.872,3819.74,76.163,4.096,5535819.727,5.436
2411,45,10688.887,36722.337,71.279,322.148,187.865,5.81,11141620.614,11.928
2412,45,10654.801,38691.191,94.74,608.938,154.744,9.62,30542858.203,15.239
2413,45,10775.716,33032.09,67.741,240.94,129.014,7.534,18729765.429,16.449
2414,45,10799.219,35603.956,6.108,78.66,206.622,9.957,32719228.005,6.091
2415,45,10930.544,33353.793,121.534,1234.332,80.355,1.952,1256884.316,7.256
2416,45,11040.249,37233.551,213.469,10125.727,0,5.117,8641432.811,4.703
2417,45,11110.115,34038.276,86.781,584.317,133.75,9.803,31716045.485,13.847
2418,45,11234.774,34604.78,113.179,1232.7,145.783,7.107,16670282.444,9.352
2419,45,11281.468,35010.322,165.605,8189.986,0,10.118,33785816.956,4.758
2420,45,11311.192,35791.874,1.538,24.424,234.341,14.409,68517578.112,20.916
2421,45,21611.064,30091.026,217.881,6076.369,0,8.912,26211248.216,8.352
2422,45,21745.983,30540.126,222.834,6667.732,0,6.92,15805482.446,7.126
2423,45,21972.404,29799.92,196.701,5520.413,0,3.882,4972091.78,5.815
2424,45,22316.119,30319.037,9.886,52.977,101.679,6.532,14081241.574,7.391
2425,45,22695.25,29414.634,188.03,4065.473,1.677,6.4,13516295.567,7.713
2426,45,22916.327,30041.505,225.205,6019.166,0,8.237,22392730.398,8.479
2427,45,23497.967,28994.305,198.662,3856.233,0,5.982,11807826.019,8.411
2428,45,23565.307,29604.549,155.212,3764.676,0,4.375,6316933.658,5.65
2429,45,23873.491,28952.658,148.979,3051.12,0,4.213,5857781.815,6.06
2430,45,24131.922,29028.909,215.513,4486.457,0,6.291,13062281.748,8.662
2431,45,26572.174,12946.679,72.61,240.15,97.696,6.035,12020094.817,15.831
2432,45,26634.753,13382.896,62.346,263.316,127.76,5.159,8784706.216,10.848
2433,45,26919.121,13954.536,216.337,6890.013,0,6.836,15421952.229,6.649
2434,45,27057.957,12936.446,198.784,5980.047,0,7.553,18827168.904,6.8
2435,45,27439.897,14801.6,3.139,78.434,139.767,14.599,70340193.13,7.403
2436,45,27587.816,13990.126,232.408,7840.224,0,11.596,44377731.677,8.844
2437,45,27950.123,14515.851,62.183,181.281,150.493,8.227,22334201.348,19.602
2438,45,28094.782,15623.407,208.328,10848.288,0,9.574,30247336.292,5.257
2439,45,28406.7,15096.3,113.576,1723.153,107.747,8.339,22948603.954,7.919
2440,45,28937.685,16063.41,184.17,6303.261,0,9.182,27821611.273,6.407
2441,45,33843.054,28240.676,3.231,44.51,80.57,6.312,13149249.726,6.957
2442,45,34160.002,27680.21,1.684,86.317,87.179,4.234,5915200.43,3.881
2443,45,34648.793,28478.515,245.749,5277.203,0,6.276,12999258.912,9.299
2444,45,35040.869,28877.884,6.407,61.764,82.617,4.831,7701191.35,5.308
2445,45,35187.3,30104.671,161.551,2789.923,0,6.626,14487489.619,8.273
2446,45,35468.718,27778.095,62.641,197.224,63.771,1.972,1283215.316,9.93
2447,45,35458.425,28539.626,222.521,4324.156,0,4.958,8113466.018,8.439
2448,45,35737.157,29895.702,204.927,4405.196,0.3,0.787,204446.542,6.193
2449,45,35909.901,24458.173,131.092,1224.935,0,4.836,7717047.391,9.702
2450,45,36071.011,27383.101,216.545,6036.249,0,2.979,2928932.057,5.928
2451,45,36747.689,28511.282,114.382,753.086,19.458,3.866,4932610.456,10.376
2452,45,37381.419,25779.578,56.029,150.718,48.837,6.067,12146613.69,15.763
2453,46,10013.046,39247.687,102.38,533.888,126.507,8.01,21173359.451,16.995
2454,46,10044.911,38899.407,168.927,6284.731,0,10.921,39356745.418,6.161
2455,46,10316.909,38244.898,199.925,8705.289,0,9.939,32598905.08,5.911
2456,46,10450.579,37767.812,120.128,1000.922,132.727,5.527,10082138.782,10.521
2457,46,10618.379,33561.658,216.432,10595.564,0,4.33,6186600.771,4.527
2458,46,10745.492,34928.788,179.127,7000.837,0,11.458,43329642.133,6.361
2459,46,10677.071,36746.172,218.524,10827.171,0,10.581,36948650.285,5.909
2460,46,10641.689,38639.651,8.45,91.733,192.533,8.017,21210317.857,5.179
2461,46,11009.817,37234.485,65.078,320.812,169.004,8.321,22847156.293,12.994
2462,46,10948.153,38000.044,327.359,17041.754,0,7.52,18662727.44,6.527
2463,46,11111.652,34038.194,233.153,10671.925,0,13.087,56518785.049,7.459
2464,46,11099.969,36726.288,255.241,13596.294,0,9.851,32025300.974,6.06
2465,46,11219.816,34561.142,97.876,761.991,174.128,6.579,14283013.276,10.457
2466,46,11260.902,35007.761,146.246,3841.926,88.964,5.248,9090461.815,5.406
2467,46,11286.577,35841.414,8.568,52.165,229.934,9.751,31380977.154,9.076
2468,46,21527.311,30214.256,176.714,4357.146,0,6.327,13210263.857,6.717
2469,46,21710.176,30593.215,192.627,5083.314,0,6.91,15758680.396,7.033
2470,46,21910.531,29863.308,224.753,7759.749,0,10.832,38718722.214,8.095
2471,46,22761.942,30090.569,168.818,3775.211,0,6.507,13974020.742,7.042
2472,46,22868.677,29362.975,204.356,4328.264,0,6.359,13343431.807,8.276
2473,46,23614.722,29616.097,177.608,4464.301,0,8.812,25624439.167,7.706
2474,46,23730.48,28968.967,135.626,2734.398,0,7.94,20806598.458,7.096
2475,46,24166.127,29038.575,178.043,2895.062,0,5.043,8391666.46,8.257
2476,46,26658.602,13245.992,242.281,10161.881,0,8.68,24862536.999,6.553
2477,46,26768.402,13709.691,50.711,153.963,117.829,7.881,20499640.358,15.944
2478,46,26808.241,12686.122,66.637,269.887,117.923,2.501,2064646.295,9.203
2479,46,26900.362,13925.935,57.379,127.388,135.197,1.862,1143859.123,11.542
2480,46,27208.323,14417.925,124.127,1411.811,57.483,3.674,4455375.3,7.56
2481,46,27395.983,14679.98,40.528,91.526,141.728,4.092,5526733.311,12.15
2482,46,27460.326,13663.716,178.955,4500.083,0,5.608,10378355.034,6.417
2483,46,27779.144,15191.988,248.392,8962.917,0,7.859,20384349.997,7.113
2484,46,28360.192,15039.48,2.662,44.511,218.694,7.301,17593605.091,7.454
2485,46,28868.454,15590.407,202.225,6071.612,0,8.451,23567538.794,7.261
2486,46,28934.141,16098.641,155.592,4928.079,0,7.653,19329291.909,5.576
2487,46,32381.864,26174.72,69.793,195.655,65.109,3.329,3657870.97,12.918
2488,46,32883.581,27203.764,12.691,105.321,137.682,11.52,43799614.108,6.63
2489,46,33418.482,27758.667,150.843,2340.598,0,7.311,17640004.448,8.941
2490,46,33874.278,28313.495,202.422,3958.366,0,3.428,3878697.352,7.159
2491,46,34836.685,29563.009,1.925,22.463,103.391,7.477,18448670.487,13.187
2492,46,35036.838,28878.967,6.623,48.924,93.13,5.971,11767679.157,6.786
2493,46,35202.098,30154.051,4.672,23.007,88.165,8.001,21126755.815,14.201
2494,46,35325.473,29288.279,49.462,147.587,113.397,6.031,12002822.12,13.366
2495,46,35518.729,30470.255,9.839,87.714,100.688,9.689,30977988.416,6.19
2496,46,35647.974,29846.459,274.468,7537.157,0,2.411,1918847.578,6.651
2497,46,35837.815,25357.989,4.293,27.076,67.989,2.817,2618493.454,7.414
2498,46,35800.158,26679.632,78.007,286.862,48.278,1.864,1146106.215,10.07
2499,46,36071.821,27351.066,224.122,6941.453,0,3.405,3826173.012,5.795
2500,47,9936.053,39308.973,169.685,4646.618,0,5.167,8810179.342,5.743
2501,47,10039.207,38933.769,276.259,15162.879,0,10.244,34628912.889,6.407
2502,47,10321.981,38205.638,219.279,10100.082,0,3.212,3404045.142,4.558
2503,47,10264.292,39439.331,102.571,952.895,107.139,5.893,11462446.473,8.975
2504,47,10462.029,37755.462,67.848,194.735,165.393,7.017,16251053.252,18.813
2505,47,10490.335,39057.495,188.481,7161.175,0,9.822,31839685.561,6.23
2506,47,10711.866,34366.479,214.436,8925.091,0,10.208,34386450.516,6.525
2507,47,10697.147,36708.32,211.817,10389.156,0,6.427,13631411.252,4.829
2508,47,10650.731,38743.569,196.363,8354.339,0,9.09,27269733.101,5.698
2509,47,10771.701,35508.081,50.199,177.86,184.064,3.238,3460897.57,9.168
2510,47,10924.906,37974.063,56.609,66.843,146.501,6.349,13301422.33,33.533
2511,47,11031.009,33736.391,110.811,1569.463,79.512,4.457,6556564.188,6.462
2512,47,11041.841,37141.038,230.198,11454.827,0,8.033,21293430.568,5.42
2513,47,11016.138,37552.481,188.998,7078.993,0,9.544,30062665.106,6.222
2514,47,11108.048,34009.443,27.526,78.863,174.614,12.199,49112070.752,17.316
2515,47,11211.338,34517.837,205.494,10573.413,0,4.497,6673198.25,4.296
2516,47,11343.979,35073.078,0.248,3.614,234.237,15.532,80018743.564,144.67
2517,47,11314.28,35790.48,218.434,11709.245,0,8.584,24315956.088,5.095
2518,47,21514.399,30189.11,159.27,3331.695,0,6.642,14557330.92,7.15
2519,47,21864.028,29856.784,40.718,125.119,139.609,14.895,73221217.791,23.027
2520,47,21788.69,30635.441,232.994,7377.233,0,8.02,21225327.22,7.548
2521,47,22655.546,30217.979,43.629,131.611,103.232,13.132,56911109.645,21.878
2522,47,22828.105,29374.875,217.647,5687.871,0,5.344,9423228.81,6.993
2523,47,22948.745,29971.642,34.829,43.864,100.386,8.721,25097035.599,30.586
2524,47,23604.863,29554.765,216.51,6989.73,0,7.726,19697836.408,6.935
2525,47,23926.185,29360.587,169.714,4060.738,0,7.202,17118653.532,7.025
2526,47,26625.469,13321.725,188.549,6282.928,0,7.845,20308471.322,6.192
2527,47,26656.491,13120.861,7.347,51.479,162.85,3.69,4493585.526,5.675
2528,47,26888.931,13934.164,166.759,4771.783,0,9.257,28283053.397,6.839
2529,47,27057.506,12871.293,159.434,4140.812,0,6.668,14671084.26,6.171
2530,47,27351.45,14597.243,201.706,5909.692,0,8.218,22285998.436,7.281
2531,47,27525.157,14797.002,21.633,107.301,128.817,10.007,33044865.254,8.792
2532,47,27759.404,15286.108,7.26,55.502,114.218,10.779,38343933.947,8.842
2533,47,27986.852,14480.811,6.677,33.89,185.784,7.476,18443466.325,10.248
2534,47,28349.535,15031.726,248.768,13535.216,0,13.514,60267080.349,6.965
2535,47,28455.612,15914.744,165.139,3855.024,0,3.115,3201647.652,5.67
2536,47,28917.672,16094.147,165.79,5218.275,0,3.085,3140372.064,4.811
2537,47,29025.719,15813.351,187.979,5341.587,0,9.566,30198414.961,7.648
2538,47,32424.396,26157.805,76.489,312.668,67.842,7.141,16830349.24,15.404
2539,47,32911.606,27268.54,178.827,5981.512,0,11.912,46825524.943,7.345
2540,47,33448.722,26885.249,158.843,1767.472,28.439,0.997,327865.888,7.657
2541,47,33919.774,28322.932,3.433,44.331,65.186,3.897,5011607.267,5.833
2542,47,34159.054,27680.971,3.288,34.642,80.759,4.768,7502851.83,7.356
2543,47,34729.404,28545.614,51.356,91.976,80.352,2.538,2126341.102,13.41
2544,47,34872.1,29601.786,5.911,22.17,103.005,2.526,2105249.605,8.439
2545,47,34967.255,29877.896,162.374,2741.576,0,3.503,4050292.667,6.897
2546,47,35361.271,29361.748,5.945,80.845,103.082,1.076,382163.885,3.873
2547,47,35528.543,27856.89,60.364,170.816,59.718,5.607,10375466.933,15.122
2548,47,35536.281,30399.259,48.356,81.032,92.405,4.485,6639456.937,17.522
2549,47,35757.851,29832.168,6.969,26.587,92.711,5.537,10117216.116,10.456
2550,47,35889.861,25181.227,139.037,1960.391,0,4.677,7217643.159,7.543
2551,47,36108.283,27331.312,68.846,158.124,90.299,5.378,9546106.569,19.104
2552,48,9986.886,39296.835,192.956,7053.49,0,4.97,8150874.133,5.15
2553,48,10053.992,38917.896,101.154,995.711,120.522,5.371,9520385.667,8.215
2554,48,10239.086,39422.334,136.228,2220.796,93.511,5.08,8518023.18,6.947
2555,48,10397.996,37997.708,6.659,80.558,200.549,7.331,17735215.268,5.19
2556,48,10570.107,37149.601,172.754,5803.433,0,8.687,24904984.962,6.049
2557,48,10640.369,33525.632,8.707,59.244,173.149,6.376,13416858.83,6.467
2558,48,10719.585,34961.274,5.82,114.641,202.412,15.443,78703377.622,5.887
2559,48,10702.699,36701.71,53.117,140.728,195.705,12.066,48047914.042,26.169
2560,48,10615.554,38811.476,235.784,11160.563,0,14.406,68485333.115,7.797
2561,48,10719.541,9439.434,5.03,58.815,43.08,5.228,9019740.307,5.453
2562,48,10771.249,35581.399,210.092,11073.515,0,8.59,24349050.108,5.022
2563,48,11062.335,37227.55,230.138,10281.449,0,7.654,19334278.598,5.731
2564,48,11108.286,34048.165,199.151,8538.591,0,11.373,42687611.977,6.39
2565,48,11113.582,36819.644,263.197,14119.518,0,9.02,26852916.038,5.918
2566,48,11174.202,34542.582,214.588,11147.43,0,10.601,37087846.571,5.634
2567,48,11177.915,36347.137,236.469,10592.507,0,6.926,15832842.333,5.622
2568,48,11266.772,35001.376,100.451,942.873,165.482,8.39,23228763.659,10.574
2569,48,11309.777,35813.153,214.5,12131.902,0,6.983,16089919.251,4.547
2570,48,11701.555,9586.27,98.431,560.701,0,4.671,7199677.03,11.207
2571,48,21759.976,30557.104,26.996,72.617,104.258,4.367,6294350.541,9.479
2572,48,21822.006,29899.863,197.818,6781.009,0,4.975,8168144.473,5.437
2573,48,22639.404,30241.156,5.355,82.385,101.079,11.837,46238107.275,6.409
2574,48,23564.571,28969.878,77.017,275.912,67.231,6.357,13336368.921,15.994
2575,48,23598.233,29601.692,8.363,95.599,118.579,8.955,26464165.941,5.282
2576,48,23634.867,29460.843,171.38,4721.167,0,8.61,24465371.022,6.925
2577,48,23838.201,29039.828,1.621,45.656,111.605,7.293,17551840.226,7.227
2578,48,23965.302,29271.901,245.215,7673.576,0,5.586,10296051.897,6.807
2579,48,26611.495,12783.574,42.166,119.855,98.746,5.716,10781276.548,12.321
2580,48,26644.865,13306.682,190.193,6200.302,0,5.997,11867582.067,5.748
2581,48,26854.621,12660.323,160.555,3703.863,0,8.315,22816505.505,7.41
2582,48,26882.687,13887.014,191.57,6290.726,9.067,7.739,19763194.588,6.291
2583,48,27051.908,12827.479,160.405,3953.539,0,5.047,8405894.57,5.892
2584,48,27245.965,14453.906,162.985,4388.836,0,5.386,9574275.742,5.723
2585,48,27477.919,13767.932,274.738,12039.897,0,3.531,4113765.69,5.361
2586,48,27598.165,14826.141,72.456,290.862,108.452,9.369,28969110.794,18.301
2587,48,27698.965,15105.579,208.844,6143.258,0,6.981,16085024.573,6.919
2588,48,28004.136,15519.889,194.224,7273.743,0,6.842,15450211.363,5.544
2589,48,28018.961,14518.471,81.191,436.678,125.536,6.065,12140209.79,11.666
2590,48,28400.949,15043.56,15.549,117.339,189.512,13.907,63829862.395,7.785
2591,48,28959.912,16083.211,5.309,186.727,148.399,13.674,61704309.277,3.635
2592,48,28956.983,15698.682,191.531,5597.266,0,7.506,18592276.763,6.746
2593,48,32435.313,26189.116,80.575,448.213,56.486,4.466,6583493.769,9.829
2594,48,32543.888,26785.075,49.593,84.197,63.198,6.264,12947636.283,21.967
2595,48,32917.816,27286.093,53.669,293.201,126.225,10.924,39378783.843,12.63
2596,48,34159.547,27671.924,138.048,2236.786,0,6.47,13815411.79,7.682
2597,48,34642.532,28480.285,7.339,76.065,92.699,6.045,12059342.904,5.097
2598,48,34971.602,29873.561,103.649,787.797,57.696,2.328,1789177.06,7.983
2599,48,35254.254,30179.86,168.78,2989.153,0,3.29,3572635.992,6.778
2600,48,35384.238,29385.485,56.302,190.301,97.856,4.602,6989476.874,11.393
2601,48,35553.599,30438.347,166.44,3757.066,0,4.486,6640531.907,6.185
2602,48,35684.398,29913.671,7.481,28.811,93.641,2.87,2717714.712,7.685
2603,48,35847.372,24755.062,172.627,2262.594,0,4.248,5954888.423,8.817
2604,48,35973.446,30351.647,194.016,3167.782,0,6.665,14659090.001,9.879
2605,48,36081.451,27361.452,2.197,40.761,105.371,3.372,3751853.579,5.845
2606,48,36327.159,25618.639,149.644,2341.585,0,5.816,11163526.965,7.963
2607,49,9931.036,39297.665,178.261,5495.864,0,5.018,8309876.651,5.46
2608,49,10017.45,38930.089,83.467,729.692,110.706,5.349,9441401.677,7.878
2609,49,10182.808,38522.099,84.495,392.291,128.14,3.88,4967730.288,10.874
2610,49,10255.694,39422.701,168.491,5305.404,15.344,6.867,15561650.473,5.678
2611,49,10382.567,37964.146,184.903,8055.172,0,16.779,92915292.849,7.594
2612,49,10640.821,33477.129,243.916,12167.939,0,7.589,19004823.489,5.51
2613,49,10738.838,34927.317,236.486,12086.989,0,6.656,14621376.73,5.091
2614,49,10735.228,36705.685,232.247,11068.298,0,9.876,32190593.565,6.149
2615,49,10625.397,38836.262,216.768,9438.97,0,9.341,28792669.049,6.087
2616,49,10778.712,33023.317,87.614,478.959,95.48,3.024,3017325.214,9.27
2617,49,10817.88,35539.977,242.528,14111.724,0,12.995,55729693.606,6.317
2618,49,10963.05,37942.722,198.454,7009.686,0,9.539,30026675.092,6.735
2619,49,11031.006,37171.231,336.933,21651.991,0,4.078,5488603.008,4.937
2620,49,11123.613,34064.77,197.782,8085.567,0,11.069,40436655.478,6.498
2621,49,11175.335,34552.308,109.612,854.99,176.311,3.728,4585622.943,8.931
2622,49,11201.794,36309.156,270.334,12268.324,0,7.89,20541784.115,6.415
2623,49,11301.979,35075.58,123.461,3607.558,52.093,5.427,9718043.812,4.619
2624,49,11310.408,35840.81,213.195,11411.456,0,9.069,27139777.754,5.124
2625,49,11705.135,9579.608,48.816,85.483,35.838,5.798,11092542.323,20.04
2626,49,21732.133,30599.406,161.724,3486.881,0,3.636,4363776.051,5.996
2627,49,21809.683,29885.214,183.832,5716.489,0,8.999,26725114.701,6.804
2628,49,22176.338,30390.4,179.489,3972.566,0,2.635,2290985.506,5.998
2629,49,22609.993,30188.569,242.145,7545.092,0,5.54,10127760.266,6.752
2630,49,22680.83,29421.064,61.398,196.705,86.944,5.396,9610306.974,13.555
2631,49,22881.473,30053.464,47.413,64.81,88.945,5.068,8477656.958,22.119
2632,49,23602.404,29600.934,9.189,55.251,118.305,10.449,36030176.566,9.275
2633,49,23977.358,29224.534,274.492,8753.934,0,4.02,5332648.611,6.605
2634,49,26600.81,13238.463,248.182,5893.765,64.618,5.953,11696182.274,8.501
2635,49,26860.822,13904.487,96.879,1099.557,87.95,5.26,9131770.729,7.203
2636,49,27071.821,12960.593,215.016,6545.852,0,4.901,7927724.344,6.135
2637,49,27277.951,14469.679,5.043,48.732,132.513,5.706,10743665.381,6.423
2638,49,27666.446,15143.834,163.899,4010.393,0,6.29,13056152.694,6.41
2639,49,27959.269,14526.849,177.62,6058.431,0,11.761,45646094.112,7.138
2640,49,28082.909,15657.51,33.046,127.263,174.584,15.045,74699940.134,16.87
2641,49,28396.236,15076.779,165.421,6325.35,0,9.965,32768104.744,5.682
2642,49,28915.561,16080.513,163.678,4295.686,0,6.729,14942482.314,6.255
2643,49,28973.024,15755.663,218.45,7663.584,0,3.991,5256232.857,5.447
2644,49,32401.379,26162.154,5.334,42.548,81.556,6.381,13436360.996,7.529
2645,49,32584.721,26686.733,123.013,654.842,59.14,4.235,5919265.014,13.121
2646,49,32902.619,27266.422,199.326,7463.209,0,14.404,68468513.412,8.264
2647,49,33372.064,27702.59,64.25,148.645,61.711,4.253,5969071.114,15.764
2648,49,33444.511,26850.364,168.425,2744.668,0,8.24,22407920.084,9.99
2649,49,34082.776,27671.072,5.066,45.051,81.108,5.527,10079599.595,6.704
2650,49,34641.035,28547.037,74.827,165.916,83.239,4.723,7360983.818,19.198
2651,49,34806.584,29566.593,226.255,6541.434,0,3.524,4097477.149,6.095
2652,49,35035.178,29939.873,192.201,4199.091,0,6.352,13317444.781,7.75
2653,49,35329.431,29379.721,69.042,299.344,90.442,4.151,5685189.185,10.33
2654,49,35464.06,28773.777,168.512,2176.608,26.066,4.171,5742302.246,8.715
2655,49,35808.568,24796.219,166.504,2168.828,0,3.243,3471812.578,8.055
2656,49,35921.995,24441.95,96.498,396.803,30.85,2.466,2007417.025,11.135
2657,49,35884.327,25277.95,102.62,796.695,38.038,5.684,10661706.535,10.065
2658,49,36158.555,27452.01,188.025,3972.246,22.098,5.553,10177518.933,7.419
2659,49,36317.773,25547.436,78.737,296.755,62.932,2.778,2547417.505,10.773
2660,49,37288.515,26181.029,137.416,1389.81,0,3.892,4999605.726,8.794
2661,50,9948.443,39298.84,157.695,4341.173,0,3.959,5173277.42,5.2
2662,50,10009.597,38936.682,107.085,1566.576,68.11,5.334,9387822.131,6.512
2663,50,10213.679,39446.228,84.453,919.132,103.61,7.998,21111383.843,8.095
2664,50,10425.716,37991.35,265.081,15207.716,0,9.341,28794752.785,5.755
2665,50,10637.917,33464.634,259.089,14426.726,0,8.619,24513341.451,5.589
2666,50,10711.015,34287.771,109.002,1226.072,105.674,9.928,32530094.903,10.808
2667,50,10715.671,34920.974,189.654,8522.38,0,6.449,13725519.835,4.769
2668,50,10669.46,36760.353,170.719,6581.21,0,15.731,81663324.674,7.538
2669,50,10621.366,38806.418,280.443,14592.807,0,14.422,68645717.804,8.325
2670,50,10768.353,32954.467,129.586,3139.686,0,8.203,22205485.006,6.108
2671,50,10791.209,35791.531,241.89,12027.044,0,7.061,16451499.648,5.357
2672,50,10782.976,36202.123,43.397,123.902,143.571,2.045,1380401.016,8.926
2673,50,10803.292,9614.583,9.701,63.803,37.682,4.538,6796758.467,5.598
2674,50,11059.257,37152.3,42.638,108.835,167.509,9.69,30986207.55,19.515
2675,50,11046.843,37440.197,8.787,99.637,159.034,7.455,18341816.904,4.782
2676,50,11133.248,34109.559,125.997,1982.38,103.055,9.205,27962681.941,8.776
2677,50,11207.889,34477.4,209.642,9498.26,0,9.885,32244297.269,5.926
2678,50,11292.808,35006.3,99.575,1438.561,130.948,8.34,22954881.448,7.486
2679,50,11290.275,35856.204,267.748,16112.639,0,8.482,23742413.952,5.381
2680,50,11731.456,9616.544,134.047,1031.076,0,4.611,7016367.749,11.084
2681,50,21681.27,30586.673,1.569,53.186,101.412,3.338,3677664.144,4.945
2682,50,21877.786,29848.629,162.917,4114.514,0,8.543,24085684.908,7.093
2683,50,22158.83,30481.73,7.855,87.59,92.203,9.251,28242245.038,5.651
2684,50,22305.049,29649.13,214.333,5144.062,0,8.321,22847826.878,8.922
2685,50,22510.44,30248.431,134.713,2486.074,0,6.476,13842392.031,6.899
2686,50,22775.352,29367.404,155.863,3383.353,0,8.63,24579014.894,7.735
2687,50,23576.693,29631.024,132.531,3050.769,0,9.069,27141804.7,6.744
2688,50,23993.988,29182.915,150.191,3578.041,0,7.33,17730949.345,6.525
2689,50,26644.874,12799.581,189.159,5864.943,0,8.383,23189520.782,6.729
2690,50,26883.231,13900.468,66.057,327.193,114.961,10.914,39306197.32,15.938
2691,50,27103.868,13007.184,203.615,5130.238,0,6.579,14282494.359,7.4
2692,50,27264.173,14499.947,68.84,277.269,109.057,6.256,12916495.34,13.298
2693,50,27464.297,13681.659,174.168,4958.107,0,9.942,32620734.654,7.363
2694,50,27994.082,14505.788,46.665,100.639,131.469,10.932,39442475.972,26.648
2695,50,28145.959,15687.943,162.481,5616.715,0,10.978,39773654.518,6.349
2696,50,28396.572,15078.88,128.566,2678.295,87.182,16.396,88722034.157,10.447
2697,50,28991.55,15733.563,86.262,628.776,94.224,8.877,26008096.732,12.027
2698,50,32447.602,26163.884,145.361,2148.93,0,4.931,8024332.662,7.649
2699,50,32981.688,27300.086,77.953,600.206,108.233,8.438,23498581.037,10.337
2700,50,33536.277,27030.517,237.147,5068.968,0,4.802,7610379.011,8.164
2701,50,33872.563,28182.987,205.379,3464.878,0,2.468,2010083.541,7.458
2702,50,34154.671,27708.577,41.853,132.888,78.382,5.733,10846280.958,11.288
2703,50,34652.285,28463.582,102.548,332.513,68.707,2.931,2835272.666,14.171
2704,50,35136.06,30046.267,62.956,160.616,100.431,8.618,24509157.312,23.112
2705,50,35366.887,29431.547,249.657,7473.144,0,4.543,6810520.082,6.672
2706,50,35600.014,27600.706,5.841,71.472,74.723,4.405,6403443.455,4.66
2707,50,35518.401,28799.007,3.261,51.385,100.548,5.559,10199349.852,5.932
2708,50,35631.004,30505.318,63.053,307.963,83.794,2.617,2260756.657,8.079
2709,50,35822.861,24763.35,109.761,333.431,39.853,4.741,7418286.497,19.797
2710,50,35839.357,25256.045,202.193,3195.281,0,3.55,4158540.688,8.209
2711,50,35761.312,26559.525,1.987,36.409,78.552,4.326,6175727.812,6.744
2712,50,35872.212,24373.229,60.495,163.246,35.268,3.993,5261359.642,13.129
2713,50,36030.908,27518.355,267.892,8558.647,0,7.459,18362100.708,8.02
2714,50,36327.857,25523.345,8.473,42.105,74.94,7.647,19299146.062,9.21
2715,50,37291.151,26232.911,177.157,1930.959,0,2.35,1822498.666,8.747
2716,51,10007.137,39296.757,198.501,6057,0,7.155,16895828.537,6.576
2717,51,10046.991,38919.418,260.255,11911.194,0,8.845,25817305.051,6.531
2718,51,10244.339,39425.671,141.433,3112.811,61.644,6.628,14495485.423,6.368
2719,51,10388.816,37964.383,205.845,8312.953,0,12.557,52032673.245,7.283
2720,51,10627.41,33424.998,52.249,126.257,176.301,2.909,2793617.76,11.6
2721,51,10647.57,33943.915,58.041,132.999,150.497,5.734,10850718.715,17.75
2722,51,10713.206,34320.451,6.483,72.587,166.598,6.876,15604027.81,5.415
2723,51,10714.42,35001.16,155.471,4745.941,60.364,5.773,10999206.502,5.231
2724,51,10723.686,36699.383,236.024,12313.29,0,9.585,30316392.028,5.739
2725,51,10632.465,38507.926,235.553,10860.291,0,10.763,38229628.24,6.661
2726,51,10795.948,35556.768,242.053,13446.395,0,10.59,37008822.713,5.852
2727,51,10818.919,9648.787,154.38,1203.962,0,3.616,4314624.875,10.985
2728,51,10976.334,37946.53,153.614,4305.382,0,8.499,23836072.084,6.287
2729,51,11059.693,37209.486,200.623,8276.542,0,7.467,18402238.785,5.468
2730,51,11013.852,37457.385,279.071,13967.031,0,6.618,14454483.471,5.737
2731,51,11124.737,34131.076,183.643,7792.922,0,12.694,53174594.417,6.442
2732,51,11118.584,36884.441,8.389,78.023,168.43,11.98,47363178.186,7.399
2733,51,11205.604,34545.783,232.944,11626.449,0,7.072,16507222.903,5.217
2734,51,11282.017,34997.328,171.77,7974.714,11.137,6.468,13808253.777,4.401
2735,51,11288.427,35802.459,84.524,456.849,176.807,7.426,18197701.907,13.496
2736,51,11295.653,36046.142,205.599,9250.951,0,6.631,14510034.204,5.051
2737,51,21601.19,30077.968,7.099,54.928,104.208,7.852,20345423.525,7.246
2738,51,21679.797,30586.575,41.905,73.895,83.256,3.522,4094349.181,13.812
2739,51,21838.721,29840.791,6.705,89.649,118.08,10.265,34773620.938,5.682
2740,51,22185.65,30419.857,183.328,3725.79,0,5.318,9334517.889,7.378
2741,51,22469.713,29675.5,67.195,118.793,98.662,3.096,3163226.353,16.965
2742,51,22823.236,29339.775,72.335,322.58,78.372,8.682,24876420.342,15.74
2743,51,22882.826,30075.427,6.272,35.194,101.956,7.207,17140047.107,9.595
2744,51,23564.278,29638.864,153.728,3588.653,0,9.465,29566072.364,7.607
2745,51,24000.025,29199.801,6.714,103.227,105.971,2.964,2899702.863,3.619
2746,51,26596.595,13122.884,95.401,530.651,103.49,3.223,3428452.965,9.793
2747,51,26723.992,12778.257,242.138,8690.874,0,5.276,9184950.821,6.071
2748,51,26783.885,13643.947,52.042,132.954,124.019,7.365,17902397.834,17.912
2749,51,26913.575,13903.468,73.85,289.249,112.511,11.03,40148602.708,21.663
2750,51,27120.793,12960.67,5.401,44.158,110.567,8.366,23095400.496,8.566
2751,51,27218.825,14414.614,35.425,115.184,129.979,7.167,16950175.279,11.616
2752,51,27434.665,13784.734,164.552,2499.777,63.586,3.15,3274785.613,7.255
2753,51,27492.536,14792.216,41.373,80.106,133.851,7.878,20481019.859,20.855
2754,51,27678.451,15150.291,152.422,4380.547,0,6.638,14543534.144,5.592
2755,51,27965.771,14516.138,76.661,387.003,133.747,2.967,2904877.574,8.994
2756,51,28384.012,15099.086,223.812,11646.797,0,9.369,28970601.847,5.481
2757,51,28883.382,16046.002,214.628,7524.358,0,8.688,24909924.316,6.851
2758,51,29038.851,15762.678,3.669,53.92,137.802,6.682,14736683.773,6.245
2759,51,32472.758,26212.637,162.185,2503.272,0,2.049,1385075.122,6.759
2760,51,32920.982,27259.426,166.971,5247.609,0,7.556,18839158.969,5.849
2761,51,34169.32,27711.91,143.55,2510.448,0,6.295,13078761.609,7.392
2762,51,34601.689,28486.511,176.347,3017.664,0,4.413,6426213.047,7.598
2763,51,35103.87,30043.395,168.922,4107.272,0,7.155,16892663.909,6.903
2764,51,35516.632,29574.975,168.186,3278.248,0,7.286,17517162.234,8.144
2765,51,35749.729,27640.934,80,253.349,74.904,3.136,3246536.914,12.633
2766,51,35862.734,25230.647,175.744,2669.403,0,4.624,7057756.472,8.317
2767,51,36331.021,25574.424,57.127,185.535,72.414,7.077,16527823.016,15.11
2768,52,10019.387,38937.417,174.139,6252.747,0,6.978,16071365.407,5.344
2769,52,10191.203,38514.482,195.129,7421.323,0,15.566,79969444.578,8.46
2770,52,10253.814,39435.742,150.844,5006.478,0,12.843,54437816.789,6.773
2771,52,10486.546,37541.513,71.918,311.803,127.228,6.991,16128879.786,13.836
2772,52,10446.313,39008.091,254.661,13464.42,0,8.472,23685200.371,5.687
2773,52,10645.027,33519.914,258.172,13053.964,0,8.33,22901805.016,5.885
2774,52,10695.553,34991.251,180.114,7401.241,0,13.941,64135579.421,6.893
2775,52,10721.575,36723.617,6.011,42.207,182.006,6.632,14514198.474,7.86
2776,52,10649.507,38839.462,230.261,10561.765,0,8.281,22632597.555,5.806
2777,52,10800.401,33041.147,11.404,142.318,123.835,8.781,25447433.811,4.345
2778,52,10798.892,35521.125,8.14,90.344,201.897,7.782,19985146.208,5.118
2779,52,10809.228,36270.305,141.86,1390.435,98.366,3.75,4642049.77,9.056
2780,52,10927.828,37958.874,197.747,6869.36,0,6.992,16135289.847,5.945
2781,52,11141.007,34120.708,173.422,3974.216,90.195,4.462,6569532.975,6.273
2782,52,11277.848,34559.417,2.553,77.752,179.038,10.564,36831571.116,5.938
2783,52,11288.534,34936.941,191.358,9183.818,0,8.797,25536580.179,5.074
2784,52,11285.113,35756.692,7.858,94.88,219.36,5.268,9159609.022,4.29
2785,52,11721.227,9651.265,147.288,916.387,0,4.18,5767446.372,13.208
2786,52,21680.944,30001.863,6.45,61.723,112.502,10.659,37495575.265,7.826
2787,52,21656.431,30569.308,150.39,2775.921,3.884,4.978,8177763.308,6.779
2788,52,22825.73,30086.112,205.81,4779.121,0,6.929,15846525.772,8.088
2789,52,23530.812,29618.317,214.363,6302.216,0,4.408,6412225.686,6.101
2790,52,23842.265,29037.703,5.985,37.95,96.239,4.046,5401101.727,6.845
2791,52,23902.354,29301.795,45.838,120.495,110.045,4.957,8108676.299,12.671
2792,52,24135.158,29026.2,178.151,3437.006,0,7.869,20434491.907,8.905
2793,52,26598.151,13189.854,22.455,28.27,135.92,9.473,29612142.204,28.514
2794,52,26684.074,12795.896,86.858,341.046,120.854,6.883,15633154.214,17.097
2795,52,26800.524,13724.391,90.255,824.245,91.579,11.011,40014531.335,11.944
2796,52,27124.085,12937.461,160.317,3149.518,0,8.12,21759877.856,8.255
2797,52,27468.7,13750.627,186.883,5243.196,0,6.291,13059904.643,6.374
2798,52,27542.921,14838.552,73.961,307.608,129.02,8.561,24186453.726,16.828
2799,52,27743.476,15186.684,205.775,7833.041,0,9.203,27952133.87,6.426
2800,52,28236.312,15737.278,232.229,9915.132,0,10.307,35057005.422,6.83
2801,52,28398.012,15069.2,52.164,264.332,166.495,12.438,51056680.417,14.62
2802,52,28969.629,16075.922,149.667,3327.914,0,11.32,42293293.111,8.611
2803,52,32559.44,26798.154,8.707,49.079,67,3.772,4695666.381,6.103
2804,52,32951.364,27249.911,166.921,5069.132,0,6.441,13689138.229,5.661
2805,52,34126.025,27686.012,176.49,3810.901,0,8.176,22062067.832,8.28
2806,52,34800.793,29633.964,176.038,3915.929,0,9.508,29833078.99,8.784
2807,52,34903.816,29303.613,64.377,177.146,103.717,7.397,18055536.063,19.517
2808,52,35193.185,30083.392,194.531,5814.938,0,8.186,22115514.765,6.975
2809,52,35455.956,28589.019,155.399,2269.908,0,7.25,17346790.066,9.528
2810,52,35595.821,30452.455,192.968,4081.706,0,6.17,12564528.924,7.856
2811,52,35641.451,27757.649,188.171,3319.051,0,5.774,11003729.221,8.541
2812,52,35828.921,25238.951,39.698,66.016,62.943,5.59,10310869.956,18.141
2813,52,35835.35,26034.655,205.291,3120.459,0,4.127,5621194.33,8.863
2814,52,36167.701,27247.016,239.923,5483.428,0,4.003,5288645.373,7.465
2815,52,36333.04,25592.496,179.698,3407.862,0,2.74,2478343.112,6.57
2816,52,37178.076,25456.917,205.082,1997.017,0,3.092,3154990.594,10.848
2817,52,37221.503,26343.266,156.074,1399.922,0,4.383,6341144.584,10.803
2818,53,10020.8,38927.644,162.405,4947.173,0,2.853,2685418.938,4.811
2819,53,10237.044,38541.988,221.836,10496.725,0,6.958,15979216.932,5.207
2820,53,10247.915,39419.543,181.391,6879.777,0,6.284,13032080.683,5.13
2821,53,10430.345,37947.107,233.314,10554.449,0,5.744,10887299.091,5.241
2822,53,10557.061,37159.532,157.113,4112.163,0,5.64,10496507.567,5.768
2823,53,10639.263,33524.208,24.975,105.981,159.474,6.925,15825741.845,8.23
2824,53,10647.443,36846.147,202.635,7915.671,0,6.808,15293912.783,5.533
2825,53,10563.795,38842.589,311.224,18863.498,0,10.111,33740536.842,6.457
2826,53,10740.162,34409.4,295.372,15744.178,0,6.562,14209907.16,5.696
2827,53,10715.962,36633.678,9.923,75.763,172.521,5.732,10841322.381,5.423
2828,53,10792.058,35559.841,91.156,731.508,168.521,5.583,10285114.389,9
2829,53,10799.25,36242.535,6.836,87.644,152.129,6.197,12674788.831,4.611
2830,53,10801.946,33039.727,133.472,2259.07,31.998,7.019,16259923.385,7.535
2831,53,10899.379,33505.027,197.158,7111.545,0,7.567,18894842.712,5.954
2832,53,10944.531,38007.056,72.948,424.031,128.673,6.281,13018838.461,10.414
2833,53,11041.688,37277.988,4.144,61.96,166.935,4.764,7491010.26,5.035
2834,53,11132.554,34127.479,202.936,8725.061,0,4.104,5559295.883,4.666
2835,53,11109.673,36892.365,224.976,8375.764,0,4.389,6358360.422,5.442
2836,53,11315.159,35022.628,197.341,10129.3,0,10.864,38948843.076,5.411
2837,53,11302.814,35871.591,190.016,8898.492,0,6.637,14538404.403,4.687
2838,53,21858.745,29864.923,123.139,1978.021,46.456,10.431,35904117.615,9.149
2839,53,22161.663,30477.754,7.38,91.15,106.674,8.47,23677254.047,5.169
2840,53,22545.143,29479.766,210.877,5301.609,0,4.309,6126363.47,6.617
2841,53,22588.941,30128.232,250.579,7428.431,0,5.068,8477572.154,6.938
2842,53,22879.057,30078.462,5.387,77.398,95.04,8.967,26533309.9,5.711
2843,53,22918.717,29312.143,193.986,4588.319,0,9.461,29540267.754,8.996
2844,53,23533.054,29623.612,145.599,3016.505,0,3.7,4518575.23,5.799
2845,53,23919.622,29351.029,3.321,55.224,131.903,5.564,10216581.072,5.65
2846,53,26598.589,13121.861,25.225,70.572,133.795,6.709,14853734.323,11.203
2847,53,26896.316,13758.004,257.464,10351.951,0,1.994,1312538.392,5.167
2848,53,27236.243,14432.382,79.899,621.349,112.378,9.666,30836669.19,11.39
2849,53,27462.107,13707.047,42.971,107.028,110.232,7.502,18573158.668,16.494
2850,53,27482.937,14762.522,48.516,102.871,142.984,2.863,2704617.058,12.11
2851,53,27664.673,13982,158.621,3334.122,0,5.657,10560577.844,6.701
2852,53,27784.611,15215.696,198.935,6885.405,0,8.184,22103859.031,6.371
2853,53,28934.483,15677.106,283.513,11160.435,0,8.507,23883143.502,7.637
2854,53,28980.576,16080.208,160.751,3726.081,0,4.917,7977723.83,6.091
2855,53,32508.669,26177.919,176.608,2877.883,0,5.797,11091207.071,8.66
2856,53,32922.211,27239.42,65.527,220.537,143.341,7.788,20017443.815,17.243
2857,53,34124.876,27654.05,155.211,2843.524,0,9.115,27421047.985,9.069
2858,53,34635.929,28533.069,29.718,10.183,80.932,0.415,56860.143,21.618
2859,53,34815.548,29594.513,52.981,185.017,100.24,4.305,6116444.277,10.454
2860,53,34931.571,29299.77,63.338,117.055,106.408,2.387,1879554.005,14.418
2861,53,35042.328,28879.129,7.86,42.822,99.409,6.212,12734901.072,7.913
2862,53,35159.431,30053.971,171.191,4499.337,0,10.562,36812645.129,8.01
2863,53,35643.02,27756.735,84.332,306.608,60.818,2.882,2741090.959,11.585
2864,53,35777.515,24771.992,59.026,150.034,48.827,1.871,1155301.087,10.824
2865,53,35839.754,25238.891,138.959,1860.004,0,3.151,3276377.488,7.095
2866,53,36356.523,25618.964,122.326,1893.966,0,8.159,21971977.251,8.135
2867,53,37149.824,26466.238,139.153,1406.266,0,3.002,2974115.362,8.314
2868,54,10022.998,38982.686,91.171,767.493,112.596,4.541,6804591.237,8.064
2869,54,10265.429,38567.986,332.727,19699.651,0,4.682,7234935.303,5.266
2870,54,10246.322,39439.397,8.687,80.547,181.849,9.69,30988923.189,6.361
2871,54,10476.35,37679.646,2.56,58.686,146.057,7.148,16860375.503,5.965
2872,54,10445.141,37893.774,272.132,14195.666,0,8.016,21207705.013,5.879
2873,54,10564.378,38918.585,222.265,9830.981,0,10.546,36704164.918,6.51
2874,54,10725.352,34302.334,40.137,145.285,135.196,4.49,6654583.13,9.015
2875,54,10696.547,34987.116,131.42,3580.564,51.67,6.775,15149904.033,5.304
2876,54,10704.285,36630.449,210.36,8506.439,0,8.218,22286750.666,5.94
2877,54,10723.315,36879.361,7.869,59.146,169.063,7.037,16344092.434,6.61
2878,54,10786.736,35620.587,91.51,413.054,196.22,16.749,92582391.358,32.812
2879,54,10803.693,36245.942,7.902,51.491,160.192,7.944,20826544.831,7.868
2880,54,10819.163,33044.1,241.49,8304.341,0,9.753,31388365.743,8.076
2881,54,10880.075,33527,5.903,55.072,163.993,7.957,20894404.051,7.051
2882,54,11193.16,34160.347,7.853,31.673,185.924,17.701,103397275.738,22.807
2883,54,11109.915,36851.596,333.378,17233.169,0,5.695,10704465.774,6.018
2884,54,11319.609,35039.007,2.221,52.41,196.375,12.368,50481996.394,9.188
2885,54,11293.223,35818.648,42.891,173.196,210.891,9.473,29616919.181,12.864
2886,54,11707.796,9614.518,171.829,1206.441,0,2.352,1825527.929,11.148
2887,54,21512.206,30181.801,149.481,2805.092,0,6.748,15026090.057,7.44
2888,54,21657.253,30475.697,200.861,4886.549,0,7.396,18052430.777,7.919
2889,54,21842.374,29849.869,62.945,219.337,123.393,5.53,10091188.421,13.079
2890,54,22168.099,30433.445,146.399,3278.691,0,11.496,43614422.271,8.495
2891,54,22635.437,29438.41,22.479,51.52,106.651,4.658,7160479.49,10.52
2892,54,22922.963,29306.846,176.33,3951.919,0,6.226,12792271.023,7.119
2893,54,23036.057,29845.112,7.664,36.352,97.635,6.042,12048801.716,8.785
2894,54,23793.1,28936.856,61.256,147.391,78.873,5.065,8464736.821,16.354
2895,54,23922.269,29347.373,107.447,687.442,118.603,8.272,22580141.969,15.169
2896,54,26650.897,13049.715,338.4,15608.743,0,6.696,14796047.601,6.938
2897,54,26710.479,13324.693,310.256,13045.579,0,3.219,3418802.104,5.805
2898,54,27206.772,14414.708,35.044,125.965,163.103,7.207,17142384.783,10.704
2899,54,27697.743,13986.428,133.279,2311.936,0,4.907,7944900.566,6.518
2900,54,27980.067,14511.918,248.286,9523.205,0,3.537,4129546.593,5.464
2901,54,28222.231,15748.22,211.215,9363.365,0,14.244,66960118.578,7.467
2902,54,28270.423,14972.989,170.447,6198.657,0,10.56,36802107.155,6.201
2903,54,28925.05,15577.181,92.733,535.158,75.698,8.63,24579616.826,15.193
2904,54,29055.131,16000.777,182.073,4380.28,0,6.32,13181752.817,6.967
2905,54,32457.91,26200.758,189.944,3270.037,0,4.305,6115826.714,7.875
2906,54,32949.502,27293.678,148.839,5001.428,0,5.81,11141633,4.806
2907,54,33522.93,27714.259,217.091,4112.236,0,4.338,6211707.29,8.08
2908,54,33638.657,26978.862,161.289,2439.179,0,4.477,6613765.418,7.812
2909,54,34647.051,28456.541,169.919,2933.965,0,5.427,9719910.739,7.891
2910,54,34828.528,29535.465,182.232,4541.988,0,9.563,30178839.423,8.273
2911,54,35700.97,27734.566,25.522,49.23,85.783,6.883,15632747.413,15.512
2912,54,35603.808,29651.558,159.518,2646.577,0,7.096,16618262.625,8.724
2913,54,35834.779,25197.845,178.763,3071.907,0,5.558,10194406.326,8.268
2914,54,36162.294,27439.407,5.961,36.489,101.791,5.4,9623097.443,7.892
2915,54,36396.098,25597.267,2.635,22.816,59.306,3.258,3503845.354,8.43
2916,55,10040.474,38938.929,68.381,344.396,146.767,4.934,8033011.256,9.909
2917,55,10241.882,39442.072,158.17,5174.965,0,5.077,8506266.657,4.918
2918,55,10499.158,37580.473,212.479,7225.534,0,9.112,27397890.387,7.123
2919,55,10659.973,34013.929,65.892,252.595,115.147,6.133,12412277.238,13.27
2920,55,10562.13,38878.697,6.652,80.28,168.922,5.675,10626702.123,4.727
2921,55,10703.414,34991.152,61.666,248.171,163.306,4.624,7057352.805,10.625
2922,55,10703.788,36845.192,46.937,72.505,174.811,4,5281079.965,17.209
2923,55,10614.921,38600.467,239.237,10899.081,0,5.042,8389265.841,5.141
2924,55,10805.19,9561.532,70.618,157.867,24.795,4.591,6956704.736,18.004
2925,55,10759.823,33037.269,80.955,380.443,99.227,4.658,7161224.502,11.302
2926,55,10771.199,35555.776,169.611,7188.963,0,5.414,9674140.385,4.444
2927,55,10798.749,36243.268,4.96,74.643,172.516,11.595,44368844.102,6.798
2928,55,10807.566,38410.262,81.621,461.822,117.063,5.834,11233083.438,11.035
2929,55,10948.774,37988.37,38.11,115.978,147.87,8.471,23679099.505,14.197
2930,55,11105.403,34086.76,291.077,16536.451,0,14.477,69165317.076,7.995
2931,55,11139.937,36903.819,178.53,5909.586,0,5.076,8503353.005,5.246
2932,55,11206.211,34629.33,208.525,8289.583,0,3.667,4437503.254,4.879
2933,55,11315.16,35075.769,174.977,7098.339,21.558,6.701,14817612.674,4.891
2934,55,11279.699,35768.757,3.702,62.449,236.396,6.842,15449824.034,5.674
2935,55,21697.419,30516.345,102.29,789.229,78.541,5.676,10632616.583,10.082
2936,55,21834.108,29862.675,41.868,100.935,129.073,3.252,3491035.292,10.803
2937,55,22093.498,30496.184,143.942,3172.007,0,11.287,42043070.732,8.396
2938,55,22546.062,29496.222,209.34,5457.877,0,7.775,19950299.191,7.943
2939,55,22666.102,30165.016,141.164,2735.176,0,6.132,12410953.003,6.744
2940,55,22877.552,29352.126,8.295,51.691,101.069,7.706,19597182.351,7.804
2941,55,23518.278,29621.5,32.658,45.369,95.336,3.757,4657695.444,15.198
2942,55,23803.764,28960.853,126.314,1241.859,39.813,3.621,4326235.568,8.334
2943,55,23823.328,29344.517,262.936,10555.057,0,11.275,41956627.261,8.325
2944,55,26586.404,13078.843,204.555,6148.844,0,4.813,7646079.591,5.97
2945,55,26750.355,12692.413,173.916,3638.437,1.473,5.878,11401899.127,7.238
2946,55,26967.892,13931.113,72.002,396.078,102.049,6.443,13697612.138,10.915
2947,55,27210.936,14409.246,176.194,6074.769,0,6.964,16004567.209,5.529
2948,55,27524.236,14822.351,40.457,106.839,112.335,3.958,5169192.88,10.719
2949,55,27595.496,13990.947,238.845,7446.391,0,3.184,3346055.529,5.928
2950,55,27845.262,15316.008,88.056,400.648,103.426,5.95,11682103.557,13.936
2951,55,27940.001,14410.554,193.584,4812.825,0,7.44,18268031.153,7.609
2952,55,28237.149,15755.55,5.53,61.967,172.417,5.292,9243089.367,5.343
2953,55,28305.397,14988.915,73.824,268.991,175.569,7.99,21070385.106,17.917
2954,55,28923.02,15620.194,174.016,4319.872,0,7.634,19233736.762,7.143
2955,55,29030.233,16012.194,210.676,6090.149,0,8.582,24306401.158,7.762
2956,55,32436.493,26164.267,56.956,123.64,61.891,3.328,3655553.414,13.698
2957,55,32954.905,27305.758,64.516,515.608,126.46,9.594,30374380.76,9.512
2958,55,33640.79,26971.776,178.72,2916.709,0,3.57,4205811.24,7.479
2959,55,34239.966,27841.919,6.311,31.266,72.721,5.205,8942130.337,8.773
2960,55,35014.717,28949.044,219.767,5818.501,0,5.51,10020601.318,7.048
2961,55,35201.166,30077.076,197.601,5105.647,0,9.861,32092395.102,8.718
2962,55,35532.679,30482.779,32.098,78.583,70.121,1.975,1287151.269,8.675
2963,55,35819.677,26566.89,168.26,2429.175,0,3.927,5090380.13,7.962
2964,55,35889.515,24845.331,53.789,68.162,62.719,2.251,1671766.658,16.609
2965,55,35868.78,25223.517,164.381,2517.017,0,6.166,12546070.229,8.847
2966,55,35988.534,30297.646,171.391,2326.49,0,6.674,14700624.609,10.375
2967,55,36126.074,27518.039,55.517,182.263,94.143,8.888,26072049.72,17.284
2968,55,36474.142,27720.532,51.682,126.467,64.72,4.563,6870083.821,13.711
2969,55,37062.683,26452.93,197.641,2565.869,0,6.108,12311665.68,11.395
2970,56,9950.18,39270.122,130.13,1445.034,71.717,2.755,2504607.787,7.457
2971,56,10022.503,38935.363,154.003,4979.158,0,8.046,21364625.223,5.564
2972,56,10239.283,38562.524,4.279,67.688,169.387,10.701,37788407.18,6.891
2973,56,10242.396,39425.889,106.069,1172.178,136.248,5.302,9275363.375,7.786
2974,56,10374.608,37898.276,175.933,6089.313,0,13.23,57766415.268,7.53
2975,56,10551.395,38981.941,192.381,7059.815,0,12.423,50932623.505,7.409
2976,56,10741.944,34692.584,86.193,567.444,139.767,9.385,29065559.464,13.61
2977,56,10716.962,34944.296,219.005,9679.967,0,7.407,18104920.402,5.517
2978,56,10731.02,36718.265,308.136,19273.622,0,10.161,34071498.64,6.274
2979,56,10760.467,33001.6,151.618,2910.345,30.589,9.71,31114398.843,8.91
2980,56,10783.595,35535.612,219.803,11582.637,0,4.624,7055829.914,4.42
2981,56,10790.539,36195.587,67.32,392.338,123.86,6.556,14185068.854,10.081
2982,56,10720.698,38492.767,65.768,248.149,136.768,4.443,6514982.221,11.371
2983,56,10936.871,37980.245,173.61,5473.974,14.938,4.6,6983003.297,5.207
2984,56,11047.064,37469.557,181.832,6235.525,0,10.879,39061042.216,6.92
2985,56,11129.128,34125.832,224.771,10465.497,0,8.786,25472854.586,5.79
2986,56,11222.082,36233.066,235.271,10203.037,0,9.741,31317038.214,6.617
2987,56,11285.103,35077.341,41.37,173.519,191.163,4.972,8157759.436,8.583
2988,56,11306.768,35839.132,60.509,181.948,200.402,3.47,3973260.192,11.504
2989,56,21869.163,29884.216,145.151,3563.082,0,9.632,30614729.456,7.079
2990,56,22085.517,30479.804,10.127,42.329,110.684,9.958,32724435.159,11.684
2991,56,22541.104,29479.436,155.653,3458.618,0,5.866,11355796.107,6.456
2992,56,22931.695,29272.046,134.041,2098.437,0,8.437,23489453.486,8.784
2993,56,23795.925,28914.845,85.832,379.976,62.511,6.703,14826062.547,15.059
2994,56,24005.167,29286.712,6.586,31.91,123.073,7.306,17615140.263,10.583
2995,56,26575.818,13089.914,171.354,5125.627,0,6.53,14072890.71,5.842
2996,56,26821.046,13639.756,200.121,5701.795,0,13.581,60866735.15,10.041
2997,56,26829.888,12644.93,179.57,3985.658,0,7.333,17746421.985,7.782
2998,56,27198.86,14416.465,179.437,5993.14,0,10.855,38889079.001,6.984
2999,56,27454.299,13717.095,242.182,9694.805,0,6.1,12280454.464,5.904
3000,56,27816.863,15200.134,215.625,6577.257,0,7.814,20150547.424,7.243
3001,56,27999.681,14615.007,146.106,2096.484,73.525,2.809,2603283.114,6.884
3002,56,28224.426,15754.103,184.875,7572.128,0,9.562,30172135.551,5.74
3003,56,28257.199,14992.227,272.791,14942.781,0,4.551,6835170.476,4.881
3004,56,28942.792,15602.23,69.919,252.157,91.76,5.682,10654865.965,13.865
3005,56,28948.549,16115.535,41.138,88.899,107.966,4.663,7175182.482,13.464
3006,56,29092.74,15972.134,153.671,3490.366,0,5.64,10496813.46,6.233
3007,56,30428.563,35184.74,122.623,710.977,0,3.074,3118195.917,10.955
3008,56,32535.409,26126.823,358.685,11310.663,0,3.988,5248972.012,7.829
3009,56,32955.758,27323.727,144.269,4029.859,25.665,7.139,16818878.342,5.635
3010,56,33437.625,27840.464,7.016,47.523,79.855,3.293,3577616.987,5.762
3011,56,33664.383,27100.28,182.195,2737.144,0,4.076,5482046.926,8.243
3012,56,34253.865,27876.474,160.1,2184.414,0,4.324,6170996.008,8.228
3013,56,35042.225,28878.79,3.887,77.632,107.071,8.363,23080156.966,5.331
3014,56,35283.108,30156.837,7.562,43.041,114.489,9.479,29652030.037,10.128
3015,56,35575.673,28348.718,154.534,2486.34,0,4.885,7875445.927,7.499
3016,56,35604.054,29725.853,61.934,141.843,73.181,5.962,11729739.244,19.051
3017,56,35792.676,26538.458,33.857,67.806,67.399,3.875,4955525.141,11.967
3018,56,35864.554,25185.802,155.375,2237.524,0,4.905,7939013.041,8.113
3019,56,35970.519,30300.72,132.937,943.014,36.912,2.235,1648777.451,9.464
3020,56,36152.95,27522.647,10.103,47.237,107.657,6.27,12975223.072,7.954
3021,57,10059.457,38946.246,105.216,1109.423,112.261,8.048,21372454.126,9.733
3022,57,10268.285,38427.936,67.864,255.436,155.289,7.52,18663730.382,15.678
3023,57,10225.666,39428.089,125.012,2284.288,98.586,6.222,12776629.942,6.516
3024,57,10404.796,37809.27,183.533,6175.478,0,9.756,31409892.378,6.67
3025,57,10520.252,37417.65,196.14,5577.535,0,3.967,5192675.809,5.783
3026,57,10544.568,39003.007,83.175,652.794,129.484,11,39930806.477,12.762
3027,57,10680.824,34591.431,174.715,5950.453,0,6.755,15059483.158,5.488
3028,57,10704.361,34939.891,168.776,5802.093,0,8.677,24845128.101,5.851
3029,57,10745.898,36691.899,215.839,10022.16,0,9.837,31934974.571,5.931
3030,57,10771.431,32998.851,143.717,3975.603,0,8.115,21732417.836,5.941
3031,57,10785.834,35538.834,70.662,459.803,179.506,4.001,5283952.193,7.905
3032,57,10796.557,36185.913,227.494,9687.955,0,4.95,8086676.126,5.176
3033,57,10703.562,38522.595,62.887,349.326,137.483,9.435,29377530.551,12.502
3034,57,10775.774,33612.987,189.77,3546.924,85.656,4.024,5343526.044,7.336
3035,57,10958.783,37996.853,8.537,182.221,141.25,9.532,29986579.659,3.433
3036,57,11024.367,37325.847,44.104,177.98,144.952,4.566,6879891.466,8.799
3037,57,11164.719,34138.577,58.859,233.783,150.096,7.558,18851389.735,13.619
3038,57,11147.278,36905.992,86.131,258.114,133.947,4.538,6796871.176,16.31
3039,57,11180.035,34515.85,228.053,11584.721,0,11.111,40741787.649,6.138
3040,57,11245.226,35022.108,332.547,22202.023,0,9.254,28259833.457,6.044
3041,57,11295.858,35804.421,251.067,15156.679,0,6.357,13334773.894,4.697
3042,57,21522.333,30253.078,231.065,6853.63,0,3.386,3782572.233,6.039
3043,57,21854.164,29913.219,57.273,137.916,114.693,4.079,5490801.407,13.947
3044,57,22112.429,30494.934,164.582,3430.505,0,8.355,23034625.206,8.167
3045,57,22504.414,30220.463,167.281,3203.718,0,5.02,8316050.578,7.097
3046,57,22566.308,29515.97,18.867,68.067,114.721,6.779,15166500.263,8.903
3047,57,22801.028,29356.98,2.219,38.597,101.126,5.69,10683501.765,7.263
3048,57,23724.694,28968.356,121.941,1076.774,44.28,5.748,10901928.474,10.378
3049,57,23859.953,29367.406,269.749,11753.345,0,4.16,5710599.901,5.46
3050,57,26562.795,13199.359,6.435,59.44,134.3,11.902,46745205.915,8.731
3051,57,26780.829,13632.766,147.991,2993.096,0,9.537,30014939.949,8.302
3052,57,26974.738,13896.913,225.828,7720.339,0,3.404,3823639.824,5.501
3053,57,27075.174,12863.518,78.114,354.067,98.039,7.735,19746953.93,15.148
3054,57,27433.195,13653.147,222.89,6748.588,0,6.521,14032337.898,6.901
3055,57,28238.812,15727.549,89.961,494.869,150.746,4.19,5793947.326,10.36
3056,57,28273.552,14955.357,248.841,12011.147,0,7.588,19002934.985,5.712
3057,57,29118.59,35520.822,2.819,28.021,29.661,3.408,3831841.129,7.482
3058,57,32483.266,26159.211,5.614,41.27,77.437,2.707,2417729.347,5.851
3059,57,32949.53,27295.242,134.48,4021.173,0,10.171,34142232.35,5.933
3060,57,33425.891,27801.731,203.556,3633.092,0,4.413,6426067.679,8.101
3061,57,34882.127,29446.18,8.789,57.774,115.531,6.592,14340800.598,6.707
3062,57,35038.77,28958.995,1.22,28.218,106.629,4.5,6681744.451,8.135
3063,57,35560.996,28367.067,106.855,1007.199,21.192,5.242,9069976.892,8.692
3064,57,35544.81,30483.265,131.646,1666.707,26.444,9.85,32017688.856,11.311
3065,57,35598.504,29678.284,176.645,3262.44,0,6.406,13545468.455,8.268
3066,57,35838.829,26482.819,2.665,39.002,75.402,4.456,6553474.739,6.55
3067,57,35861.55,24630.652,40.878,49.457,61.518,4.022,5337615.111,19.406
3068,57,35861.519,25159.287,145.174,1928.268,0,6.114,12335338.112,8.952
3069,57,36412.098,25697.653,156.643,1653.428,0,3.976,5215841.582,9.354
3070,57,37039.959,26554.183,8.519,78.977,43.841,6.906,15738787.156,5.414
3071,58,10046.553,38942.992,172.045,6489.283,0,8.255,22488712.34,5.442
3072,58,10250.757,39457.216,159.815,5948.022,0,10.489,36310501.355,5.795
3073,58,10422.145,37811.723,220.426,8432.716,0,9.801,31701663.284,6.953
3074,58,10645.764,33562.798,129.111,1632.381,74.044,7.811,20135924.789,9.664
3075,58,10611.914,33922.011,1.772,15.873,137.829,6.823,15361121.145,16.648
3076,58,10718.616,34880.769,6.903,109.494,173.109,6.879,15618482.097,4.123
3077,58,10798.888,35546.71,51.601,108.421,219.142,3.274,3538439.03,13.184
3078,58,10783.806,36196.79,266.689,12207.168,0,5.41,9658318.179,5.567
3079,58,10805.797,33058.81,165.694,4038.957,15.617,4.114,5585475.147,5.782
3080,58,10948.647,33506.467,26.142,95.515,137.086,4.883,7868680.526,7.939
3081,58,10960.341,37999.11,4.762,77.587,153.717,6.079,12196272.954,4.742
3082,58,11109.519,34144.721,208.775,9124.095,0,9.754,31398806.379,6.03
3083,58,11109.995,36944.284,68.438,136.079,158.204,3.943,5132011.055,17.722
3084,58,11214.929,34529.061,178.521,7722.016,0,10.047,33310916.233,5.503
3085,58,11287.217,35021.003,80.087,600.847,174.074,9.447,29455096.717,11.578
3086,58,11312.175,35803.816,81.196,776.27,153.643,2.494,2052109.728,6.235
3087,58,21848.005,29878.99,33.922,94.067,132.584,8.903,26160491.418,15.082
3088,58,22135.784,30499.925,35.792,91.24,92.718,6.731,14950406.166,13.676
3089,58,22544.681,29492.729,115.526,1393.292,51.277,10.136,33903736.707,10.823
3090,58,23039.982,29239.93,2.505,49.4,89.811,7.44,18268254.088,6.933
3091,58,23387.622,29754.107,196.366,3903.303,0,9.181,27814572.59,10.259
3092,58,26572.185,12780.744,172.506,3262.417,0,4.061,5442071.599,6.887
3093,58,26606.742,13299.451,143.424,3681.187,0,2.915,2803604.961,4.953
3094,58,27213.766,14434.325,29.191,87.778,163.719,7.003,16184828.885,11.307
3095,58,27460.009,13645.598,206.183,6199.357,0,8.593,24368397.214,7.419
3096,58,27636.22,14020.677,95.974,430.629,90.833,4.189,5790117.317,12.473
3097,58,27864.005,15311.181,179.289,5191.941,0,5.638,10490582.987,5.871
3098,58,27922.666,14400.056,178.419,4717.451,0,7.744,19790297.122,6.991
3099,58,28209.828,15773.424,152.403,4825.699,0,5.692,10690521.866,5.033
3100,58,28285.78,14977.064,234.214,11259.054,0,10.444,35999934.556,6.323
3101,58,28915.094,15632.148,42.028,67.489,120.961,2.087,1437664.306,12.415
3102,58,28984.81,16082.34,156.555,3887.713,0,12.404,50773333.717,8.648
3103,58,32273.333,26421.637,180.974,2678.098,0,3.501,4045423.162,7.966
3104,58,32474.452,26208.405,68.802,168.397,87.956,2.788,2564345.97,13.191
3105,58,32591.408,26864.481,38.54,70.519,76.387,3.722,4571979.514,13.249
3106,58,32959.741,27278.118,7.277,152.599,149.367,7.05,16404164.407,3.379
3107,58,33439.828,27858.644,1.499,27.21,75.403,6.923,15817250.921,10.596
3108,58,34878.501,29677.287,4.482,44.638,84.602,6.982,16086221.38,7.475
3109,58,35039.25,28959.671,72.679,189.971,89.272,3.479,3995070.891,14.157
3110,58,35291.718,30148.027,52.359,129.816,98.844,4.443,6514904.751,13.497
3111,58,35747.354,26276.329,47.906,40.529,70.979,2.538,2125730.598,21.745
3112,58,35924.867,24428.941,84.393,192.557,50.968,4.231,5908843.797,19.134
3113,58,35859.622,25095.627,57.694,65.449,61.399,2.054,1392829.623,18.013
3114,58,35920.456,25521.223,3.571,38.838,57.415,6.59,14330946.011,7.933
3115,58,35985.859,30320.141,171.134,2754.729,0,5.333,9387794.842,8.266
3116,58,36130.143,27444.755,65.389,144.269,90.851,3.325,3648449.774,14.68
3117,58,37039.241,26557.739,4.706,49.013,42.621,3.325,3649059.834,5.393
3118,59,10056.142,38946.355,190.867,7615.915,0,2.851,2681804.024,4.531
3119,59,10226.859,38441.509,177.124,7281.568,0,4.081,5495206.623,4.434
3120,59,10393.607,37822.665,183.297,4915.355,26.987,3.758,4659459.295,5.703
3121,59,10510.876,37419.887,184.772,5242.837,0,8.33,22899925.598,7.041
3122,59,10633.818,33917.276,7.073,50.077,138.516,7.088,16579523.01,7.352
3123,59,10699.017,34612.19,66.007,333.835,149.47,7.608,19103949.1,12.123
3124,59,10715.147,35001.537,69.971,464.125,117.296,5.444,9781088.582,8.616
3125,59,10715.054,36694.192,120.747,1538.743,122.499,11.961,47213158.725,12.025
3126,59,10753.854,33023.08,224.184,7593.991,0,7.104,16652454.886,6.627
3127,59,10781.449,35525.241,164.917,7653.197,0,9.675,30891017.244,4.872
3128,59,10780.222,36121.676,68.34,219.131,135.488,4.565,6877422.591,13.288
3129,59,10716.973,38557.726,10.572,74.985,158.753,10.735,38033184.285,7.696
3130,59,10964.646,37982.344,70.417,302.157,129.983,2.229,1639495.564,8.977
3131,59,11131.595,34149.024,189.415,7961.782,0,8.241,22411065.492,5.386
3132,59,11181.116,34442.916,122.648,1947.776,113.629,4.308,6123399.086,6.341
3133,59,11324.633,35068.937,54.855,238.235,193.164,7.408,18112738.519,11.935
3134,59,11279.776,35839.967,8.957,107.743,197.354,10.368,35473223.757,5.31
3135,59,21518.724,30399.11,5.436,34.85,81.017,2.274,1705985.912,6.257
3136,59,21823.929,29899.186,288.947,11445.117,0,6.969,16025840.779,7.029
3137,59,22111.342,30464.922,167.386,3370.9,0,8.055,21413203.63,8.329
3138,59,22525.255,29506.94,118.673,1844.847,24.806,6.061,12124648.52,6.965
3139,59,22720.391,30161.03,5.223,66.554,100.842,6.145,12462528.72,5.337
3140,59,23121.588,29279.067,4.408,72.849,87.158,4.987,8207916.143,4.619
3141,59,23361.16,29110.343,6.472,55.036,87.349,4.987,8206817.957,5.796
3142,59,23927.983,28887.54,216.262,4527.673,0,7.185,17036240.014,9.222
3143,59,23938.149,29319.849,205.855,6579.818,0,7.309,17628296.181,6.583
3144,59,26633.977,13285.229,20.767,80.073,126.249,3.73,4590241.291,6.775
3145,59,26747.713,12632.142,156.062,3783.769,0,5.074,8494757.081,5.862
3146,59,27086.524,12853.729,37.495,61.477,119.851,3.032,3034585.277,13.017
3147,59,27228.179,14425.636,188.883,6763.799,0,10.681,37651338.211,6.818
3148,59,27369.621,14624.208,210.415,8026.015,0,4.521,6744643.201,5.186
3149,59,27458.053,13591.385,142.403,3085.855,0,7.765,19900767.774,6.897
3150,59,27644.117,13990.686,94.671,752.935,84.864,10.013,33089379.244,13.045
3151,59,27932.004,14510.493,55.063,157.281,135.871,7.233,17267036.72,16.68
3152,59,28050.011,14751.963,42.365,115.981,150.76,8.392,23241353.971,16.357
3153,59,28226.819,15732.259,196.693,7525.84,0,7.397,18055092.596,5.66
3154,59,28318.622,14991.436,183.835,7405.73,0,6.971,16037843.385,5.129
3155,59,28970.441,16021.242,211.044,6379.576,0,7.296,17566646.51,6.964
3156,59,32483.752,26682.452,144.317,1961.834,0,4.626,7062347.827,7.884
3157,59,32524.941,26149.598,168.979,2856.493,0,2.898,2771719.33,6.829
3158,59,32955.476,27262.614,227.137,8925.569,0,3.72,4566212.337,5.161
3159,59,33440.427,27880.82,2.271,37.236,77.613,8.928,26302889.324,9.743
3160,59,34158.979,27766.004,5.015,44.48,73.837,4.95,8085328.471,6.463
3161,59,34721.471,28397.634,5.033,59.697,68.644,10.331,35221438.663,7.596
3162,59,34959.539,29838.026,148.806,2367.197,0,6.551,14164873.593,8.244
3163,59,35040.846,28927.942,236.151,7187.141,0,3.273,3536253.06,5.995
3164,59,35274.053,30178.047,173.743,3931.761,0,6.883,15636729.804,7.288
3165,59,35498.017,28368.854,193.409,2863.604,0,6.481,13862471.747,10.463
3166,59,35708.689,27549.372,59.418,112.779,80.795,1.948,1252127.514,13.006
3167,59,35863.742,24968.954,160.351,1494.262,23.435,2.714,2431160.79,9.293
3168,59,35845.038,25597.581,6.938,61.398,60.486,2.679,2368258.179,4.795
3169,59,35957.314,24432.456,49.567,94.266,65.666,3.871,4944324.444,14.899
3170,59,35964.74,30253.872,156.719,2433.493,0,3.656,4410150.225,7.166
3171,59,36133.481,27562.092,65.684,181.211,83.476,5.736,10858815.996,16.572
3172,59,36400.022,25681.022,2.655,42.537,49.557,3.32,3637901.959,5.701
3173,60,9947.986,39249.008,128.025,1978.923,54.919,5.306,9292578.543,7.012
3174,60,10058.422,38950.279,53.388,123.495,175.923,4.068,5461348.303,13.769
3175,60,10210.353,39439.954,65.875,464.159,117.322,4.365,6288936.269,7.403
3176,60,10376.263,37844.271,60.313,290.998,118.986,5.918,11559693.976,10.291
3177,60,10593.766,33462.622,274.753,11135.394,0,6.678,14716382.451,6.568
3178,60,10563.736,37430.812,8.547,35.324,132.994,4.739,7411045.085,8.192
3179,60,10714.873,9381.509,152.677,1233.624,0,4.139,5654919.619,11.19
3180,60,10709.092,34527.534,149.605,2820.241,78.844,8.252,22471762.755,8.162
3181,60,10709.712,34910.977,111.375,1090.631,111.659,10.976,39760710.46,13.278
3182,60,10699.7,36854.724,181.333,7236.345,0,5.636,10481164.956,4.835
3183,60,10801.061,33038.399,3.53,92.68,133.577,9.828,31873463.193,5.035
3184,60,10797.979,35574.383,66.678,397.969,187.945,4.625,7059051.886,8.466
3185,60,10744.69,36276.743,43.399,112.783,160.232,9.241,28179269.757,18.689
3186,60,10895.94,33653.218,207.378,8029.162,0,7.039,16350334.562,5.715
3187,60,11053.499,37189.111,243.087,10295.731,0,6.61,14420225.188,5.851
3188,60,11145.631,34224.137,60.26,211.29,198.388,7.523,18677506.652,15.314
3189,60,11112.737,36910.279,198.671,8023.271,0,7.68,19467302.3,5.568
3190,60,11207.714,34698.797,200.824,8372.628,0,11.091,40592168.517,6.482
3191,60,11298.793,35085.755,63.164,274.552,183.499,9.367,28955555.051,15.403
3192,60,11336.262,35866.733,80.061,526.654,184.019,4.975,8168597.367,9.087
3193,60,21532.024,30204.142,302.23,9638.565,0,4.16,5711213.78,7.061
3194,60,22548.868,29480.143,191.094,4790.934,0,5.395,9604783.166,6.626
3195,60,22719.882,30169.093,5.438,75.5,125.899,7.989,21061348.746,5.492
3196,60,23221.087,29161.984,206.568,4493.401,0,4.928,8014799.321,7.435
3197,60,23949.011,29361.546,191.611,6310.94,0,10.635,37324372.768,7.34
3198,60,26592.053,13292.021,143.278,3142.372,0,7.123,16746019.986,6.62
3199,60,26686.006,12707.168,156.993,3547.371,0,8.906,26177613.78,7.668
3200,60,26723.165,13612.958,149.482,2772.963,0,6.497,13931324.732,7.384
3201,60,27272.688,14489.018,183.469,5902.028,0,15.004,74296964.391,9.033
3202,60,27438.98,13607.455,8.384,26.06,133.544,7.56,18859797.47,13.62
3203,60,27666.558,14003.13,164.11,4064.915,0,8.052,21394675.232,7.032
3204,60,27957.741,14444.853,174.017,5402.936,0,5.789,11060556.202,5.552
3205,60,29020.88,15962.414,69.826,181.367,116.201,11.533,43893246.165,31.549
3206,60,32936.37,27267.612,82.146,475.162,85.807,7.138,16813648.602,12.2
3207,60,33434.854,27870.922,44.007,117.147,58.815,5.828,11210611.992,13.42
3208,60,34239.73,27771.158,229.125,4702.467,0,8.223,22316211.296,10.561
3209,60,35075.595,29008.615,95.828,350.312,107.995,6.654,14612380.486,19.151
3210,60,35285.648,30132.062,111.467,564.646,61.909,2.644,2306846.488,10.822
3211,60,35453.131,28403.414,31.436,62.259,64.968,5.003,8259174.757,13.284
3212,60,35539.42,30511.321,204.62,3103.151,0,5.182,8861341.38,9.632
3213,60,35784.033,27449.862,204.614,4377.757,0,6.112,12329702.452,8.085
3214,60,36122.268,24602.145,138.243,2274.956,0,4.695,7273123.536,6.81
3215,60,36382.274,25653.538,191.306,2233.422,0,2.138,1508009.433,8.664
3216,60,37095.925,26603.166,113.913,1047.883,0,2.419,1931017.609,7.577
3217,60,37139.469,25776.323,248.957,3427.212,0,3.869,4939945.668,10.521
3218,61,10068.024,38915.015,66.279,172.261,162.479,4.029,5356105.702,14.334
3219,61,10237.72,38402.796,7.469,106.653,168.047,7.74,19769420.507,4.45
3220,61,10227.33,39427.158,109.772,1753.252,90.861,2.848,2676985.64,5.565
3221,61,10409.844,37734.139,46.821,143.469,114.259,3.874,4953613.668,10.3
3222,61,10577.614,33433.092,80.962,304.944,116.546,9.203,27947881.253,20.838
3223,61,10494.477,39064.787,153.605,4791.91,0,4.827,7690691.716,4.926
3224,61,10673.315,36917.114,189.785,7907.588,0,7.349,17823283.185,5.208
3225,61,10709.147,34588.362,214.483,9204.322,0,5.975,11779815.346,5.195
3226,61,10752.662,34998.386,166.582,2870.272,89.274,14.081,65434893.024,13.724
3227,61,10768.105,9472.321,201.638,1965.668,0,3.172,3320218.749,10.804
3228,61,10775.151,35561.574,185.254,8693.925,0,6.292,13065851.523,4.547
3229,61,10813.828,33043.263,210.347,5822.511,0,9.518,29893774.36,8.487
3230,61,10952.841,33525.25,17.595,66.376,143.046,2.524,2102822.311,6.31
3231,61,10966.27,38016.128,149.452,4461.373,0,8.368,23106835.325,5.856
3232,61,11134.097,34138.856,199.134,8785.932,0,13.06,56286761.496,6.767
3233,61,11125.731,36998.354,183.021,6345.595,0,7.637,19246052.66,5.839
3234,61,11182.65,34520.633,224.848,10408.634,0,5.635,10480137.359,5.027
3235,61,11291.601,35077.482,239.54,12113.511,0,11.292,42081063.906,6.449
3236,61,11280.976,35839.371,2.511,108.608,221.409,8.763,25339186.62,4.179
3237,61,21634.247,30048.114,192.118,4095.744,0,4.012,5312029.41,6.808
3238,61,21674.671,30557.061,9.261,21.059,110.947,5.348,9438264.161,13.29
3239,61,21912.06,29847.817,231.21,8015.048,0,8.367,23101933.653,7.163
3240,61,22181.882,30426.759,162.673,2823.575,0,5.999,11877891.613,7.936
3241,61,22575.869,29467.311,65.097,237.192,101.189,8.013,21189582.752,16.36
3242,61,22804.614,30153.188,8.909,49.797,126.717,9.341,28796067.177,9.276
3243,61,23097.175,29883.237,36.628,68.08,94.13,4.371,6305079.487,13.819
3244,61,23997.912,29336.953,33.089,108.272,142.897,5.235,9043023.587,9.507
3245,61,26632.354,12780.478,180.003,4523.408,0,12.288,49833071.932,9.534
3246,61,26625.597,13290.493,119.642,1304.457,62.89,6.11,12318412.834,9.025
3247,61,26950.285,13928.853,215.336,5873.958,0,10.754,38164645.944,9.431
3248,61,27063.277,12892.051,25.694,36.505,116.305,5.326,9362348.323,16.889
3249,61,27196.883,14400.5,7.419,82.808,148.482,8.77,25379622.995,5.659
3250,61,27430.511,13536.909,41.637,95.717,114.991,6.506,13967382.823,15.719
3251,61,27950.192,14576.664,46.157,95.612,152.895,8.576,24274316.861,22.418
3252,61,28020.783,15418.695,252.728,9547.92,0,7.741,19777216.542,6.919
3253,61,28181.155,15700.928,59.307,83.002,134.241,3.064,3097219.909,18.55
3254,61,28596.208,16005.617,178.594,4027.804,0,7.042,16364146.811,7.522
3255,61,28799.777,15520.335,2.987,98.74,99.029,5.277,9189039.093,3.792
3256,61,28961.529,16030.1,3.205,38.496,129.023,6.862,15540134.94,8.124
3257,61,32285.528,26341.999,140.184,1497.727,0,4.151,5685523.446,8.763
3258,61,32709.173,26148.01,157.881,2539.633,0,4.472,6600808.285,7.404
3259,61,32879.891,27199.574,2.815,99.204,111.295,6.669,14676476.963,4.026
3260,61,34247.177,27802.493,29.49,45.884,80.071,5.957,11710909.069,17.575
3261,61,34674.504,28549.578,214.911,4048.73,0,6.48,13855603.167,9.433
3262,61,34800.055,29467.676,72.5,224.921,76.627,2.08,1427439.685,10.885
3263,61,35026.074,28986.709,170.242,4072.519,0,4.954,8098929.274,6.197
3264,61,35335.553,30219.91,164.352,2782.908,0.589,4.538,6796109.24,7.377
3265,61,35499.265,28252.905,154.893,2215.019,0,3.352,3707526.469,7.346
3266,61,35511.772,29477.857,190.973,3635.063,0,6.445,13706911.329,8.572
3267,61,35758.715,26308.946,10.015,48.512,56.261,2.879,2734633.634,6.026
3268,61,35759.762,27439.608,0.846,45.936,94.597,4.829,7696602.31,5.949
3269,61,35851.818,25595.743,34.912,31.06,56.101,2.303,1750218.619,17.359
3270,61,36011.763,24512.888,62.901,134.032,65.209,6.826,15375323.051,22.599
3271,61,37164.504,26589.225,138.422,1453.879,0,3.347,3697466.968,8.29
3272,62,10037.598,38921.952,190.363,6573.115,0,9.723,31198908.815,6.709
3273,62,10236.365,39435.163,174.341,7122.775,0,7.027,16298383.755,4.925
3274,62,10435.948,37744.543,262.23,10458.836,0,6.851,15490276.59,6.496
3275,62,10563.235,33410.784,47.74,129.255,116.925,2.93,2832189.896,10.329
3276,62,10491.267,39019.417,244.861,11745.944,0,9.654,30758635.284,6.292
3277,62,10616.075,33998.653,1.492,35.125,129.268,8.765,25354203.716,10.034
3278,62,10721.792,34491.72,216.989,9421.697,0,9.027,26893805.84,6.009
3279,62,10743.254,35059.778,235.685,10496.684,0,8.117,21745042.966,5.976
3280,62,10600.129,38644.719,94.74,444.952,134.72,3.772,4695103.119,11.474
3281,62,10721.514,35523.572,3.778,101.408,211.586,7.16,16920223.722,4.119
3282,62,10821.344,9485.488,102.455,565.716,8.27,2.9,2776264.322,9.984
3283,62,10970.899,33501.132,166.854,4384.144,0,10.682,37657073.366,7.906
3284,62,10982.66,37973.05,98.325,1157.087,80.153,6.092,12246988.75,7.482
3285,62,11101.34,36888.256,226.044,10012.221,0,7.547,18795949.351,5.666
3286,62,11162.559,34212.504,184.152,7018.622,0,8.036,21313261.389,5.6
3287,62,11282.209,35040.643,5.755,95.109,221.854,10.632,37304776.951,5.396
3288,62,11310.58,35817.939,48.791,162.851,216.451,5.465,9857645.771,11.509
3289,62,21546.575,30357.597,101.848,487.59,60.993,2.588,2210599.682,10.578
3290,62,21908.812,29799.135,165.385,4128.263,0,4.581,6926568.121,5.821
3291,62,22144.23,30447.597,68.226,141.448,89.418,3.646,4386311.503,16.452
3292,62,22788.425,30102.682,87.12,659.557,97.864,6.543,14127109.618,9.818
3293,62,23250.929,29195.029,148.376,2385.497,0,6.456,13753271.648,8.112
3294,62,23981.717,29312.439,42.66,62.786,141.802,5.51,10020835.262,20.697
3295,62,26609.894,13292.922,136.921,3243.609,0,7.501,18569427.025,6.209
3296,62,26728.446,12683.076,150.271,1678.991,63.341,4.588,6948061.487,9.205
3297,62,27067.693,14098.127,222.417,6682.565,0,9.046,27005883.143,8.074
3298,62,27085.903,13002.834,206.869,6110.694,0,9.876,32188503.939,8.131
3299,62,27442.112,14804.235,140.601,2216.673,33.806,2.544,2135933.734,6.318
3300,62,27428.395,13532.759,112.369,538.238,88.826,2.936,2845015.518,11.588
3301,62,27937.168,15455.549,180.766,4316.139,0,9.278,28408932.189,8.358
3302,62,27899.837,14460.332,228.88,8513.427,0,6.971,16036921.758,6.253
3303,62,28260.622,15773.328,213.546,7314.631,0,4.683,7238742.049,5.62
3304,62,29040.914,15916.564,5.236,74.394,117.088,9.212,28002634.82,5.956
3305,62,32881.558,27198.558,3.195,28.926,128.883,4.632,7081477.49,8.254
3306,62,33393.537,27760.371,173.721,2797.507,0,2.716,2433925.881,7.065
3307,62,34203.859,27767.719,64.646,212.623,72.317,6.607,14405873.752,15.54
3308,62,34625.003,28589.646,157.424,2629.609,0,5.568,10231822.677,7.744
3309,62,35039.741,29051.27,0.678,23.451,107.537,6.219,12761989.084,11.124
3310,62,35276.989,30164.388,6.786,61.055,85.44,7.967,20945440.698,6.668
3311,62,35485.491,28199.838,64.479,131.84,76.969,8.141,21873872.938,27.461
3312,62,35759.573,26401.272,1.985,44.809,62.644,5.913,11538694.351,6.614
3313,62,35908.925,25034.371,11.399,36.445,61.209,7.468,18404196.404,11.39
3314,62,35999.953,24480.096,7.88,38.514,55.473,4.515,6726278.048,7.406
3315,62,35893.821,30334.846,200.621,3555.513,0,4.814,7647598.923,8.295
3316,62,36163.277,27522.567,8.465,60.529,80.539,5.358,9472492.309,5.889
3317,62,36430.944,28314.164,79.895,161.888,62.746,3.525,4099650.727,18.262
3318,62,37096.613,26589.605,148.793,1405.887,0,3.025,3019202.349,9.024
3319,63,10039.54,38936.829,171.137,5201.762,0,4.55,6830942.448,5.267
3320,63,10267.936,38412.799,229.472,11453.24,0,10.203,34355626.397,5.983
3321,63,10220.167,39452.871,102.279,1326.024,94.631,7.018,16253747.168,7.61
3322,63,10408.692,37894.262,223.46,8348.311,0,6.67,14683248.544,6.038
3323,63,10561.418,33427.025,38.179,141.053,116.177,5.227,9017780.4,9.237
3324,63,10734.932,34434.853,232.82,10043.163,0,8.643,24650417.758,6.227
3325,63,10721.566,35040.867,10.36,113.676,143.498,12.89,54831997.173,6.099
3326,63,10738.154,36775.165,201.883,8612.816,0,8.218,22290226.468,5.561
3327,63,10665.13,38597.721,225.888,9521.054,0,10.803,38517580.4,6.93
3328,63,10776.993,32968.392,66.079,384.593,79.417,8.147,21905057.357,11.296
3329,63,10773.191,35548.188,189.787,9505.522,0,10.284,34900668.658,5.222
3330,63,10783.553,33712.526,432.014,29043.028,0,4.673,7205478.795,5.704
3331,63,11039.424,33516.069,5.29,42.212,129.91,12.761,53742398.505,12.095
3332,63,11204.359,34216.681,238.451,12137.175,0,11.818,46090009.025,6.558
3333,63,11300.244,35035.198,37.773,174.706,202.707,7.553,18825789.326,9.329
3334,63,11302.187,35856.881,192.419,7899.319,28.276,8.299,22730791.16,5.549
3335,63,21479.95,30272.047,94.605,563.7,59.152,5.205,8941868.064,11.097
3336,63,22035.867,30448.595,168.226,3815.254,0,11.191,41327887.283,9.232
3337,63,22691.371,29388.239,109.071,1161.042,45.023,7.726,19698829.441,9.694
3338,63,22837.676,30097.107,149.037,3376.401,0,11.833,46206666.916,8.696
3339,63,23252.621,29130.166,159.53,2768.14,0,5.819,11175607.738,7.739
3340,63,24011.954,29330.983,137.216,2942.872,16.314,7.018,16253659.359,6.492
3341,63,26608.083,13283.078,101.202,994.041,73.863,4.158,5706842.881,7.572
3342,63,26678.026,12733.103,83.636,647.568,106.298,4.606,7001244.521,8.125
3343,63,27035.486,14071.748,253.179,8908.334,0,3.005,2979781.791,5.68
3344,63,27120.528,12959.204,6.257,78.719,136.566,10.303,35028765.212,6.237
3345,63,27234.462,14342.69,250.794,9268.545,0,10.595,37048093.614,8.249
3346,63,27403.774,13540.63,103.69,873.866,87.281,8.688,24910430.814,12.097
3347,63,27444.768,14804.007,186.878,4853.344,0,7.845,20310442.12,7.365
3348,63,27955.778,14568.329,31.839,91.884,173.162,10.219,34460859.691,15.731
3349,63,28214.203,15724.524,224.084,8278.016,0,11.944,47081714.333,8.123
3350,63,28321.293,15026.531,219.814,8159.908,0,7.6,19061477.917,6.3
3351,63,28487.413,15979.747,55.924,172.959,97.586,7.939,20800958.71,16.827
3352,63,28886.693,15570.879,214.497,5370.7,0,9.538,30020878.106,9.348
3353,63,28999.976,15997.207,188.817,5633.675,0,7.396,18054238.94,6.541
3354,63,32479.343,26733.948,176.109,2348.157,0,7.299,17580306.668,11.292
3355,63,32695.853,26167.229,65.832,226.112,70.141,4.891,7893444.422,12.754
3356,63,32915.837,27235.827,164.843,4338.545,0,10.175,34165294.279,7.604
3357,63,34164.152,27765.141,10.283,47.397,76.236,3.898,5013404.621,6.609
3358,63,34720.813,28642.604,8.432,60.629,75.001,7.562,18873713.095,6.852
3359,63,35068.124,29009.729,100.729,669.192,73.863,2.582,2200379.552,8.63
3360,63,35469.402,28143.121,127.354,1891.154,0,3.875,4956190.914,6.599
3361,63,35473.394,30279.123,200.538,3900.691,0,4.295,6088606.051,7.531
3362,63,35522.031,29515.792,9.117,64.435,84.085,4.809,7631165.76,5.557
3363,63,35749.42,27505.322,189.946,4052.203,0,5.577,10265807.809,7.432
3364,63,35699.388,29832.366,207.272,3963.501,0,3.662,4426781.168,7.463
3365,63,35839.248,25488.385,180.732,2316.051,0,4.142,5660499.446,9.145
3366,63,35864.609,24646.606,56.991,90.032,63.905,3.068,3107187.253,16.597
3367,63,35942.503,24403.063,98.303,304.216,38.747,2.559,2161775.859,13.61
3368,63,36240.152,24711.416,7.196,40.059,59.575,4.522,6747923.483,7.075
3369,63,37118.232,26565.093,7.834,66.488,40.176,1.753,1013776.606,4.534
3370,64,10012.98,39294.781,159.765,4527.699,0,9.986,32907744.709,6.941
3371,64,10067.168,38913.607,152.502,4685.281,8.103,5.06,8449204.71,4.996
3372,64,10212.48,39409.957,87.278,632.709,115.898,3.627,4341082.111,8.113
3373,64,10404.262,37730.972,195.889,5838.77,0,6.731,14951846.751,6.468
3374,64,10475.741,39065.811,214.242,8286.819,0,9.135,27536155.327,6.517
3375,64,10703.968,34556.676,112.364,1131.906,114.315,12.197,49098809.902,14.132
3376,64,10713.921,34997.977,118.339,1652.197,81.925,2.683,2375407.466,6.198
3377,64,10721.804,36542.473,155.292,5159.214,0,6.6,14376828.662,5.138
3378,64,10613.577,38567.611,43.59,153.335,142.332,6.496,13927618.213,11.409
3379,64,10792.748,33645.275,52.284,87.317,149.795,6.061,12123184.017,22.509
3380,64,10792.762,35551.958,42.827,226.027,212.675,7.091,16596047.708,8.67
3381,64,10813.579,32999.238,195.229,4508.379,0,5.76,10948423.391,7.256
3382,64,10942.422,33564.725,248.878,9121.719,0,6.206,12709382.369,6.409
3383,64,10967.816,37974.753,229.24,8165.982,0,6.739,14985667.199,6.368
3384,64,11082.021,37296.331,333.909,19769.87,0,7.513,18627284.821,6.044
3385,64,11132.665,34222.17,210.441,9643.865,0,9.866,32122375.414,5.888
3386,64,11274.379,35024.167,218.168,11585.426,0,9.276,28397204.159,5.284
3387,64,11289.106,35967.64,89.892,480.903,185.392,4.036,5376382.323,10.409
3388,64,11719.916,9666.477,77.614,208.765,23.379,7.001,16174868.232,21.986
3389,64,21551.87,30348.721,240.22,6153.79,0,8.998,26721765.18,9.691
3390,64,21810.28,30542.866,162.035,3246.174,0,4.126,5617310.199,6.426
3391,64,22634.398,29404.343,163.278,3227.597,0,9.459,29527157.215,9.075
3392,64,22802.146,30163.045,6.761,84.064,113.621,13.743,62332635.641,7.256
3393,64,23281.97,29161.566,3.445,32.289,100.32,4.092,5526827.573,7.296
3394,64,26652.318,12768.074,193.902,6288.945,0,7.781,19980624.902,6.414
3395,64,26603.083,13280.447,140.183,3372.56,0,7.158,16910540.287,6.128
3396,64,27050.4,12952.989,169.89,4492.957,0,8.735,25179104.843,7.144
3397,64,27359.21,13523.764,3.754,53.917,137.675,7.052,16410134.558,6.42
3398,64,28169.569,15699.522,212.469,7880.993,0,11.774,45752371.298,7.689
3399,64,28363.491,15057.417,45.425,67.604,145.24,10.252,34688521.145,35.06
3400,64,28499.577,16004.11,67.803,154.5,103.668,4.671,7199115.731,17.421
3401,64,28821.789,15481.897,172.746,3756.705,0,6.906,15737329.281,7.479
3402,64,28960.241,15806.896,64.818,271.735,107.28,2.693,2393670.367,9.015
3403,64,28956.648,16084.686,9.614,53.879,129.554,7.834,20254237.088,7.978
3404,64,32698.087,26145.906,142.123,2524.154,0,4.348,6239123.271,6.475
3405,64,32930.95,27272.177,144.562,3871.058,0,8.714,25057408.02,6.297
3406,64,33456.572,26861.262,146.334,1783.556,0,8.372,23132766.019,11.418
3407,64,34196.651,27781.625,97.082,824.261,28.67,8.447,23546246.993,11.227
3408,64,34707.126,28572.217,46.779,109.227,72.469,7.828,20222199.153,18.929
3409,64,35354.5,30251.277,10.11,46.348,95.97,10.033,33221237.678,10.85
3410,64,35447.593,28156.535,89.029,458.425,47.503,6.229,12803230.668,13.08
3411,64,35491.856,29481.887,228.521,5813.331,0,3.268,3524006.552,6.522
3412,64,35680.047,27438.87,6.383,50.13,80.859,3.938,5117276.491,5.725
3413,64,35839.153,25582.56,154.63,1803.941,0,1.592,836312.599,7.521
3414,64,35759.148,29842.082,4.488,44.766,79.319,6.847,15473182.507,7.381
3415,64,35905.503,24604.798,146.018,2121.21,0,2.377,1864335.967,6.698
3416,65,10080.27,38944.885,223.067,7944.387,0,6.905,15733201.643,6.309
3417,65,10239.362,38486.723,8.5,73.273,186.621,16.129,85855560.644,9.818
3418,65,10219.161,39425.084,155.538,5393.737,0,3.87,4943921.647,4.512
3419,65,10398.953,37890.917,200.463,7315.748,0,9.047,27011890.241,6.452
3420,65,10557.171,37439.503,3.529,43.39,127.08,5.25,9096511.376,6.552
3421,65,10471.674,39042.064,270.918,13618.113,0,7.402,18082301.485,5.832
3422,65,10745.345,34989.972,216.988,8542.052,0,4.211,5852757.655,5.119
3423,65,10740.589,36584.485,208.273,9608.379,0,5.222,9000507.258,4.732
3424,65,10718.867,38689.12,3.209,59.7,153.774,11.548,44009323.972,7.91
3425,65,10790.836,33028.417,45.364,79.531,108.131,4.369,6298180.594,16.069
3426,65,10802.483,35598.05,22.412,157.335,204.419,10.462,36121875.196,6.853
3427,65,10964.722,38007.464,225.975,8481.12,0,7.926,20730857.623,6.487
3428,65,11075.376,37287.837,197.965,7029.378,0,5.812,11149387.511,5.531
3429,65,11194.16,34255.305,11.413,66.828,186.782,16.599,90922675.625,12.291
3430,65,11115.417,36931.658,235.8,9877.536,0,6.266,12957179.673,5.68
3431,65,11274.727,35012.618,222.077,11763.434,0,6.788,15205164.516,4.808
3432,65,11359.262,35919.935,6.294,78.852,204.546,8.545,24098062.846,5.615
3433,65,21518.464,30283.069,171.1,3301.973,0,2.486,2039457.923,6.266
3434,65,21885.083,29836.809,142.822,3539.336,0,9.934,32568952.519,7.059
3435,65,21862.492,30512.665,162.848,3208.039,0,4.997,8239473.443,6.841
3436,65,22267.616,30409.138,169.075,2780.25,0,7.658,19351636.391,9.542
3437,65,22720.594,29380.336,50.91,135.027,106.199,9.52,29908823.256,20.794
3438,65,22777.506,30107.881,191.586,5377.709,0,8.46,23619734.235,7.343
3439,65,23739.559,28968.544,150.129,2230.507,0,5.809,11137162.417,8.272
3440,65,23840.171,29363.673,4.102,87.313,111.206,7.811,20136395.795,4.757
3441,65,24009.821,29298.953,199.461,5192.695,0,6.364,13364890.146,7.037
3442,65,26575.854,13283.561,163.542,3984.754,0,6.101,12285764.249,6.352
3443,65,26683.03,12718.099,150.08,3683.746,0,9.592,30364415.04,7.241
3444,65,27016.951,14084.123,199.533,5430.155,0,6.887,15653398.637,7.042
3445,65,27011.708,12825.963,57.744,128.867,101.214,4.049,5409452.776,14.777
3446,65,27216.656,14386.083,200.28,6785.533,0,6.217,12754922.07,5.859
3447,65,27448.779,13566.067,89.724,911.279,88.745,6.955,15965291.237,8.29
3448,65,27526.909,14855.064,193.792,5905.187,0,7.043,16369264.5,6.434
3449,65,27947.631,14630.189,234.318,10482.456,0,11.256,41809358.927,6.963
3450,65,28157.92,15650.867,202.589,7578.613,0,11.291,42077945.982,7.175
3451,65,28331.359,14998.144,154.75,4398.89,0,12.609,52470254.117,7.746
3452,65,28506.041,16010.617,48.576,136.571,100.259,10.37,35491650.167,20.495
3453,65,28801.683,15510.459,46.347,99.956,101.476,2.961,2893895.754,11.835
3454,65,29013.975,16018.106,188.753,5198.308,0,7.379,17970262.698,6.915
3455,65,32587.758,26785.836,315.487,6943.041,0,5.263,9140566.638,10.092
3456,65,32737.211,26175.968,154.343,2434.99,0,6.155,12503591.475,8.278
3457,65,32951.126,27290.74,150.867,3963.007,0,9.371,28983867.914,6.82
3458,65,33322.688,26904.614,299.338,7303.536,0,3.238,3460727.189,7.818
3459,65,34240.148,27764.507,4.69,47.559,79.463,7.923,20716163.185,7.676
3460,65,34726.186,28562.532,8.251,71.608,75.951,6.315,13162197.088,5.547
3461,65,35040.089,28963.276,6.643,60.113,110.352,7.448,18304680.758,6.486
3462,65,35123.434,30001.175,6.324,66.323,92.271,8.781,25447398.881,6.517
3463,65,35425.057,28083.659,172.604,2702.994,0,6.583,14302009.958,9.295
3464,65,35524.239,27643.957,46.811,116.742,60.575,2.93,2833308.917,10.785
3465,65,35678.048,27280.504,4.853,46.459,73.693,4.027,5352498.583,5.85
3466,65,35841.457,25561.839,131.073,1336.93,0,2.423,1937155.226,7.715
3467,65,35870.328,25235.818,144.82,1548.854,0,3.917,5063033.964,8.782
3468,65,35845.021,29963.27,158.202,2179.456,0,5.099,8579000.713,8.581
3469,65,35933.799,24614.962,25.954,57.927,89.53,7.806,20109226.384,15.033
3470,65,35930.635,30172.335,148.831,2059.332,0,4.269,6015030.305,7.757
3471,65,36113.06,27710.786,74.968,238.661,62.958,2.22,1626832.073,11.048
3472,66,10042.051,38966.937,61.848,167.707,126.57,4.736,7402968.559,14.426
3473,66,10210.248,38486.086,115.897,1325.825,110.893,9.575,30253346.727,10.917
3474,66,10209.286,39433.314,164.077,6249.763,0,8.34,22955353.403,5.256
3475,66,10542.777,33402.73,220.194,7006.438,0,6.318,13172320.995,6.538
3476,66,10626.893,34049.577,63.018,142.517,115.882,3.506,4055440.035,14.429
3477,66,10735.846,34603.238,212.708,9281.917,0,10.013,33088836.831,6.198
3478,66,10692.597,35075.207,69.989,349.107,124.734,7.445,18291071.536,12.596
3479,66,10719.265,36642.278,8.716,120.992,179.509,18.169,108943226.537,6.94
3480,66,10753.155,33055.676,269.467,9765.452,0,3.535,4124138.91,5.914
3481,66,10764.122,35547.963,60.113,165.918,194.949,5.508,10012869.142,15.221
3482,66,10700.101,38598.587,208.116,7217.599,0,2.375,1860835.295,5.048
3483,66,10780.262,38345.481,235.702,9069.366,0,5.889,11444302.739,5.889
3484,66,10937.182,33479.655,210.175,6676.306,0,7.48,18464489.647,6.774
3485,66,10960.14,38001.834,7.627,77.207,131.503,7.899,20588627.411,5.694
3486,66,11166.562,34237.508,37.985,127.335,170.35,3.757,4658998.605,8.726
3487,66,11283.089,34957.633,8.377,114.593,182.674,17.222,97876262.365,6.905
3488,66,11347.71,35957.727,154.086,5265.576,0,5.939,11638688.871,4.882
3489,66,21745.605,30547.264,173.753,3616.847,0,4.263,5998976.749,6.594
3490,66,21879.381,29842.572,172.852,5199.732,0,10.799,38486123.659,7.346
3491,66,22789.003,30146.181,195.581,5229.707,0,13.262,58044263.912,10.225
3492,66,23723.924,28972.668,116.654,744.991,46.155,4.304,6113471.87,11.181
3493,66,24080.492,29285.669,5.987,31.147,118.001,9.731,31247239.085,13.052
3494,66,26584.647,12867.333,274.531,10209.931,0,5.059,8444540.866,6.351
3495,66,26628.944,13250.234,161.276,3814.703,0,4.236,5922074.414,5.828
3496,66,27037.742,12808.105,8.854,68.226,103.701,6.663,14652697.211,5.983
3497,66,27217.043,14440.61,185.567,5719.029,1.794,6.253,12903929.428,5.947
3498,66,27209.037,13266.051,118.351,1165.598,56.831,7.388,18012249.808,10.671
3499,66,27448.316,13543.695,38.409,106.113,130.677,6.437,13672228.81,12.883
3500,66,27512.32,14873.588,173.843,4857.413,0,6.701,14818053.763,6.23
3501,66,27940.668,14453.018,203.095,7754.201,0,7.006,16196805.431,5.681
3502,66,28183.231,15682.362,258.514,12202.615,0,8.843,25808235.619,6.353
3503,66,28316.524,14962.38,20.22,88.779,149.649,10.867,38973459.587,10.245
3504,66,28509.693,15980.92,111.096,749.987,74.592,4.607,7005051.518,10.702
3505,66,29038.34,16001.54,180.876,5298.52,0,9.863,32101740.099,7.378
3506,66,32479.55,26238.429,6.995,63.046,72.932,5.896,11472991.088,5.692
3507,66,32537.133,26800.87,216.699,3571.069,0,3.638,4368818.281,8.398
3508,66,32737.983,26143.463,149.002,2124.288,0,5.829,11211598.741,8.485
3509,66,32924.689,27288.017,106.45,1963.501,32.741,8.907,26178581.388,6.751
3510,66,33439.385,26877.498,6.49,50.74,63.407,3.24,3464654.141,5.453
3511,66,33831.974,28180.663,159.616,1976.082,0,2.918,2809248.734,7.933
3512,66,34163.928,27737.325,77.071,334.473,62.966,4.384,6342868.794,11.293
3513,66,35235.015,30133.394,37.335,87.531,96.811,8.814,25634954.863,18.16
3514,66,35290.973,29064.621,186.571,4409.41,0,4.799,7600340.683,6.554
3515,66,35372.229,28156.947,9.313,36.982,62.486,3.743,4622932.913,7.442
3516,66,35879.283,25260.906,109.946,1099.868,0,3.665,4433205.914,7.614
3517,66,35919.648,30032.578,38.587,60.386,55.681,8.516,23930955.78,25.872
3518,66,36090.95,24560.148,75.664,346.2,70.065,5.753,10922841.944,12.235
3519,66,37394.24,25364.131,36.764,37.347,32.37,3.628,4343804.916,19.931
3520,67,10063.776,38952.181,181.613,5270.009,0,8.282,22638162.031,6.822
3521,67,10229.553,38457.544,185.847,6443.348,0,8.706,25014558.74,6.233
3522,67,10418.668,37881.373,242.821,10648.654,0,8.211,22250609.078,6.199
3523,67,10483.95,39035.833,217.011,8495.245,0,9.083,27227516.655,6.502
3524,67,10611.431,33469.506,230.312,8611.223,0,6.857,15518460.933,6.22
3525,67,10637.207,34060.627,57.33,164.837,111.04,2.786,2562210.748,10.753
3526,67,10639.624,36957.268,10.701,127.95,152.829,9.706,31090548.169,4.788
3527,67,10731.827,34836.946,71.55,254.728,159.771,9.381,29043446.096,20.196
3528,67,10793.103,9563.38,98.971,550.388,5.027,3.499,4040939.798,10.258
3529,67,10811.255,33013.143,107.829,357.348,105.198,3.521,4090560.116,15.548
3530,67,10807.914,36195.742,224.517,8531.942,0,13.03,56027212.9,8.411
3531,67,10852.812,35499.048,218.937,10682.749,0,11.292,42083155.857,6.191
3532,67,10958.518,37963.907,118.429,1464.489,82.245,8.424,23419332.295,9.624
3533,67,11198.525,34240.184,2.785,105.094,169.416,9.96,32738276.741,4.56
3534,67,11177.498,36762.949,69.008,313.573,104.6,4.567,6882403.307,10.379
3535,67,11324.615,35024.668,58.239,238.061,172.842,11.276,41963967.489,17.713
3536,67,11289.079,35891.202,208.555,9149.191,0,7.246,17328954.511,5.328
3537,67,11702.974,9679.085,28.11,31.293,36.192,4.569,6888419.874,19.173
3538,67,21891.439,29799.449,156.454,3794.342,0,8.396,23264407.893,7.04
3539,67,22299.463,30333.308,210.039,4186.56,0,2.9,2775822.027,7.025
3540,67,22777.01,29365.856,159.75,3286.333,0,6.311,13144724.563,7.103
3541,67,22810.927,30083.529,164.496,3579.489,0,9.654,30755423.311,8.557
3542,67,23140.62,29918.089,170.134,3088.064,0,10.235,34567643.161,10.567
3543,67,24049.6,29267.097,40.003,90.988,112.536,10.73,37997860.1,22.719
3544,67,26629.325,13242.517,67.275,388.73,121.741,8.283,22640168.988,11.626
3545,67,26976.24,12773.135,61.809,194.963,83.07,5.158,8779371.749,13.44
3546,67,27061.143,14074.961,196.609,5666.113,0,3.083,3137102.754,5.539
3547,67,27201.994,14402.675,8.862,92.346,124.98,6.536,14098581.25,4.804
3548,67,27444.614,13567.713,101.144,696.39,88.016,3.444,3913336.943,9.014
3549,67,27529.693,14863.041,210.596,6988.987,0,9.979,32860135.746,7.569
3550,67,27903.793,14539.099,75.135,271.123,147.319,6.43,13645193.335,15.733
3551,67,28209.066,15773.967,169.976,5137.518,0,9.028,26894745.009,6.575
3552,67,28374.653,15028.796,41.833,98.693,154.487,7.328,17721417.414,16.736
3553,67,28527.968,15986.799,145.01,2802.147,7.001,3.103,3178482.927,5.869
3554,67,29031.28,15993.583,181.426,4689.276,0,10.52,36527616.349,8.475
3555,67,32490.626,26815.764,137.654,1611.219,0,7.531,18719078.756,10.552
3556,67,32559.669,26160.155,0.656,41.952,62.242,3.751,4642776.649,5.84
3557,67,32904.202,27261.905,160.486,4990.315,0,14.138,65967973.269,7.983
3558,67,33452.755,26867.867,165.217,2187.745,0,4.025,5347665.973,8.377
3559,67,34179.741,27772.944,90.596,419.793,61.72,2.714,2430606.797,10.201
3560,67,34698.45,28539.486,194.445,3276.142,0,3.175,3327642.98,7.529
3561,67,34942.14,29795.417,222.937,5196.343,0,5.851,11295944.867,7.936
3562,67,35139.092,29028.564,182.063,4331.29,0,5.903,11497992.42,6.848
3563,67,35199.971,30079.764,4.897,49.758,96.469,5.604,10362282.402,6.262
3564,67,35441.573,28026.969,215.626,3391.935,0,6.934,15865011.894,11.253
3565,67,35410.328,30324.262,174.283,2925.061,0,4.812,7640678.313,7.843
3566,67,35670.723,27329.752,69.415,182.242,53.456,2.549,2143638.801,12.33
3567,67,35910.584,30043.705,183.165,2889.541,0,6.009,11916933.219,9.24
3568,67,36019.237,24527.413,153.941,2841.154,0,5.423,9706728.834,7.067
3569,67,36137.851,27731.329,45.568,50.87,69.66,3.823,4822293.331,21.288
3570,67,36401.208,28243.229,2.106,37.964,59.125,4.358,6266746.75,6.58
3571,68,10078.761,38958.292,7.111,92.232,147.379,6.31,13140743.372,4.516
3572,68,10217.461,38421.409,69.124,294.652,146.807,5.72,10797864.616,12.122
3573,68,10212.923,39442.096,138.316,4108.62,0,7.213,17172053.324,5.281
3574,68,10433.256,37899.081,214.566,8154.706,0,8.967,26533238.662,6.551
3575,68,10375.568,38128.164,173.106,5825.062,0,9.424,29309652.136,6.282
3576,68,10402.712,39037.403,9.671,73.382,162.41,6.688,14759842.268,5.841
3577,68,10632.408,33432.387,8.292,43.094,165.454,9.325,28693675.092,10.247
3578,68,10637.124,33991.827,8.29,63.776,125.902,8.973,26569600.483,7.223
3579,68,10666.159,37041.337,291.481,14128.762,0,10.817,38617269.799,7.575
3580,68,10734.548,34513.163,245.985,10639.491,0,10.457,36085264.798,7.121
3581,68,10718.202,34875.946,4.499,77.366,163.373,9.7,31051547.14,5.853
3582,68,10732.431,36609.504,229.45,11037.94,0,7.535,18734651.87,5.407
3583,68,10799.994,33036.806,9.278,61.903,108.775,6.338,13254795.65,6.364
3584,68,10780.185,36227.453,157.171,4751.635,0,8.8,25553511.968,6.143
3585,68,10825.294,9571.001,142.804,1312.049,0,1.98,1294388.499,8.363
3586,68,10945.764,33609.135,31.915,114.03,120.336,10.064,33427825.018,12.906
3587,68,11170.75,34369.033,231.199,10628.869,0,9.82,31824881.504,6.278
3588,68,11268.886,36237.943,16.492,68.49,156.663,10.132,33876539.058,10.277
3589,68,11301.769,35027.724,238.267,12205.611,0,7.208,17146167.68,5.236
3590,68,11292.859,35839.732,8.093,78.974,191.647,10.714,37884614.202,6.736
3591,68,11701.743,9757.528,145.033,1165.419,0,6.349,13303319.047,13.39
3592,68,21736.174,29956.885,198.447,5498.723,0,9.823,31844094.983,8.255
3593,68,21758.22,30479.83,4.272,67.099,109.483,8.513,23915636.552,6.053
3594,68,21918.762,29842.933,14.713,95.801,112.799,8.355,23036916.838,6.447
3595,68,22286.152,30295.388,309.418,8455.117,0,6.02,11958036.048,9.036
3596,68,22639.336,29438.419,2.91,35.355,104.8,12.16,48797263.958,13.009
3597,68,22800.461,30079.023,3.945,116.321,108.7,9.523,29927322.142,4.212
3598,68,23463.402,29554.04,187.902,4052.052,0,5.731,10839015.912,7.397
3599,68,24014.715,28855.739,143.967,1918.76,0,4.512,6718327.262,7.912
3600,68,24001.223,29359.971,1.892,60.841,132.519,6.043,12053101.115,5.366
3601,68,26631.739,13168.217,218.271,7856,0,5.068,8476042.794,5.625
3602,68,26982.958,12865.083,109.291,766.644,67.639,6.132,12410642.717,11.811
3603,68,27039.381,14032.653,214.029,6116.539,0,11.075,40481372.75,9.206
3604,68,27200.701,14397.737,5.878,110.418,138.538,8.655,24721539.371,4.363
3605,68,27435.998,13565.784,142.753,3276.692,0,5.657,10562338.442,5.916
3606,68,27596.332,14864.054,254.091,9033.845,0,10.354,35379844.898,8.479
3607,68,28005.452,14563.755,158.921,5023.787,0,5.168,8813191.187,5.054
3608,68,28276.418,15745.671,264.746,11919.631,0,9.41,29223751.263,6.902
3609,68,28282.351,14959.1,2.926,33.228,177.532,7.915,20674309.81,9.959
3610,68,29048.57,15978.873,190.638,5645.476,0,7.999,21116012.618,6.849
3611,68,32490.789,26811.118,148.722,1822.409,0,2.937,2847531.445,7.673
3612,68,32943.996,27301.21,75.103,350.28,121.408,15.769,82059127.748,25.438
3613,68,33279.066,27597.278,8.457,81.324,78.002,4.333,6195908.814,4.581
3614,68,33788.632,28169.911,101.937,589.812,25.679,3.622,4328277.151,10.289
3615,68,34183.398,27762.564,141.07,1921.691,0,6.11,12320319.743,8.613
3616,68,34715.556,28610.466,151.796,2264.815,0,2.68,2370245.992,6.834
3617,68,34917.654,29793.3,130.717,1984.262,0,7.158,16908875.582,8.112
3618,68,35172.723,30043.195,157.538,3332.221,0,5.146,8739230.71,6.454
3619,68,35410.556,28097.133,38.773,58.475,60.909,1.592,836572.902,11.856
3620,68,35397.978,30315.799,87.391,532.182,54.833,6.649,14591665.04,11.741
3621,68,35558.347,27710.956,142.312,2141.555,0,3.195,3369111.296,6.731
3622,68,35520.063,29520.204,1.487,73.483,84.836,3.152,3278546.375,4.066
3623,68,35816.63,25380.353,139.141,1490.722,0,3.879,4965043.962,8.531
3624,68,36107.834,24484.621,123.703,863.847,26.875,4.749,7444311.202,11.39
3625,69,10085.265,38984.395,278.558,13142.861,0,5.812,11148426.55,5.723
3626,69,10279.719,38434.85,283.569,14516.532,0,5.403,9634471.009,5.391
3627,69,10227.908,39447.488,114.551,1452.924,91.039,6.927,15836862.892,8.309
3628,69,10473.577,37953.851,43.01,89.438,156.961,10.209,34397423.58,24.692
3629,69,10414.032,39114.202,244.562,11191.544,0,9.928,32528975.931,6.604
3630,69,10640.023,33520.758,7.982,54.488,150.414,6.383,13445893.444,6.724
3631,69,10682.032,34618.818,234.838,9481.496,0,7.368,17916768.354,6.142
3632,69,10740.748,34917.26,109.157,1456.208,97.815,3.143,3259861.476,6.213
3633,69,10756.621,36533.794,203.462,8530.926,0,9.843,31976149.934,6.129
3634,69,10700.259,36933.032,156.287,4084.253,42.122,6.035,12018624.557,5.87
3635,69,10797.24,33039.703,4.925,62.783,114.983,6.873,15587239.361,5.794
3636,69,10817.494,35550.816,82.9,427.848,158.227,10.087,33577654.106,17.226
3637,69,10835.249,36209.908,301.544,14341.367,0,6.982,16085666.071,6.375
3638,69,10823.545,9579.542,116.931,974.865,0,7.568,18901630.08,12.256
3639,69,10957.025,33507.64,213.074,6458.285,0,7.626,19193957.989,7.135
3640,69,10964.374,37923.715,6.554,76.009,134.955,9.754,31400585.542,6.259
3641,69,11050.51,37361.791,294.424,15784.165,0,6.696,14796091.792,5.699
3642,69,11187.516,34324.153,188.532,8214.246,0,7.669,19407228.881,5.106
3643,69,11317.84,35005.547,161.806,6057.621,0,9.382,29051053.79,5.528
3644,69,11308.072,35861.287,90.285,955.778,128.356,6.185,12625532.862,7.671
3645,69,11685.723,9746.938,145.086,1224.61,0,3.984,5238710.212,10.345
3646,69,21535.442,30355.913,200.966,4650.559,0,5.212,8965581.48,7.138
3647,69,21797.111,29895.223,162.544,4659.544,0,12.214,49230946.924,7.839
3648,69,21778.363,30444.527,47.595,100.563,114.342,7.315,17658998.921,19.848
3649,69,22327.2,30322.111,223.397,4723.313,0,5.362,9489716.302,8.221
3650,69,22785.767,29372.226,184.207,4195.266,0,9.448,29461388.596,8.897
3651,69,22799.478,30082.171,4.023,69.958,107.655,10.071,33471525.685,6.424
3652,69,23455.929,29653.289,210.153,4784.48,0,5.738,10866305.956,7.689
3653,69,23600.492,28904.541,1.74,37.775,72.115,4.601,6987575.633,6.713
3654,69,24021.748,29282.708,196.823,5324.981,0,11.308,42197197.365,9.121
3655,69,26655.043,13322.328,232.251,7729.35,0,6.129,12397879.489,6.503
3656,69,26879.215,13920.138,7.101,93.769,97.065,9.785,31600231.758,5.403
3657,69,27017.189,12906.942,175.504,4704.468,0,4.375,6319233.952,5.719
3658,69,27210.267,14397.316,192.684,6138.87,0,7.349,17825059.527,6.318
3659,69,27210.613,13172.723,198.272,4766.369,0,9.302,28557969.863,8.943
3660,69,27448.107,13560.246,157.77,4203.695,0,7.586,18990979.051,6.325
3661,69,27785.155,15274.863,82.81,254.51,88.952,6.557,14187071.807,19.622
3662,69,28004.473,14550.805,159.367,5235.878,0,9.817,31802723.138,6.143
3663,69,28253.602,14997.344,251.059,11260.417,0,7.674,19434321.035,6.073
3664,69,28472.355,15357.661,258.152,9731.714,0,5.362,9489942.347,6.155
3665,69,29027.242,15946.877,172.452,4845.211,0,4.391,6363244.216,5.507
3666,69,32745.988,26155.584,118.733,1403.055,0,4.314,6142445.048,7.487
3667,69,32921.137,27267.476,130.641,3475.784,0,12.948,55325075.39,7.277
3668,69,33229.074,27553.477,156.944,2854.03,0,7.931,20760715.805,8.513
3669,69,34163.013,27923.505,5.381,38.319,64.868,2.965,2901109.716,6.188
3670,69,34721.795,28631.728,6.378,49.259,81.274,4.951,8089490.303,6.217
3671,69,35157.289,30054.069,59.595,236.109,95.589,7.836,20262400.168,14.1
3672,69,35300.139,29169.496,198.22,4777.256,0,4.973,8163071.223,6.791
3673,69,35418.861,28148.147,60.373,146.682,53.366,3.146,3266703.473,12.822
3674,69,35396.549,30289.268,190.627,3973.704,0,7.81,20127158.379,8.794
3675,69,35598.452,27382.38,77.389,228.581,62.325,5.439,9762447.242,17.016
3676,69,35560.378,29560.236,188.626,3690.433,0,5.256,9118085.054,7.681
3677,69,35624.902,27678.153,267.66,6909.002,0,3.653,4402914.111,7.246
3678,69,35831.499,25396.053,58.582,162.549,38.324,4.098,5542920.49,12.771
3679,69,35933.131,30289.995,84.072,273.242,51.395,4.809,7633576.293,15.547
3680,69,36060.61,24465.797,189.386,2889.494,0,3.437,3899414.88,8.001
3681,69,36457.859,28251.852,214.105,3535.158,0,8.673,24825210.306,12.354
3682,69,36866.372,28625.473,82.555,195.067,34.616,3.253,3491858.65,16.034
3683,70,10118.281,38996.829,327.045,18480.568,0,8.345,22980167.307,6.433
3684,70,10204.933,39454.184,120.115,3408.586,0,11.789,45868207.138,6.139
3685,70,10479.785,37926.165,334.17,18217.402,0,7.717,19651490.455,6.479
3686,70,10402.971,39092.702,116.226,677.599,134.632,4.419,6444315.917,12.038
3687,70,10708.703,34914.722,91.059,942.658,100.576,8.106,21685247.24,8.929
3688,70,10632.158,38708.602,297.544,14055.932,0,7.497,18546208.415,6.529
3689,70,10739.291,33012.717,145.384,3219.959,0,3.463,3958864.592,5.52
3690,70,10790.723,35580.798,105.132,1309.928,118.679,5.221,8994314.364,7.106
3691,70,10799.834,36921.705,2.593,31.017,171.794,4.82,7668277.669,7.926
3692,70,10820.858,9654.242,120.57,1040.365,0,2.795,2577369.042,8.298
3693,70,10970.049,33478.448,66.62,201.431,97.617,4.093,5527522.657,12.966
3694,70,10925.664,37958.113,208.365,6913.726,0,8.911,26203697.863,7.072
3695,70,11019.744,37363.257,70.573,193.977,158.065,6.212,12733858.458,18.436
3696,70,11160.108,34303.509,312.344,19313.018,0,13.519,60315505.533,7.546
3697,70,11331.039,35837.147,79.354,436.346,176.419,7.581,18965971.414,12.873
3698,70,21748.472,30493.217,261.089,9712.204,0,8.261,22519899.36,7.386
3699,70,21878.886,29896.548,181.766,5469.224,0,7.245,17322320.479,6.282
3700,70,22813.863,29361.499,199.155,4952.643,0,4.323,6166179.561,6.438
3701,70,22799.378,30156.128,22.471,110.815,107.116,9.154,27652097.714,8.393
3702,70,23171.762,29192.067,138.367,2273.096,0,3.788,4734990.458,6.486
3703,70,24037.497,28943.855,231.135,5104.939,0,4.823,7677871.509,7.865
3704,70,24074.634,29277.834,23.863,54.37,108.869,7.392,18032978.793,13.95
3705,70,26558.56,13121.426,7.572,77.407,112.535,7.879,20484465.758,5.666
3706,70,26628.666,13321.264,59.335,259.756,101.102,4.749,7442550.746,9.895
3707,70,26779.795,12751.713,180.837,3641.641,0,5.491,9951696.289,7.439
3708,70,26801.502,13723.329,174.744,3749.094,0,5.714,10776075.047,7.065
3709,70,27200.785,14402.422,6.034,88.518,133.094,9.088,27254659.233,5.275
3710,70,27160.385,13161.389,98.192,652.703,76.017,7.35,17827044.794,12.664
3711,70,27445.665,13626.006,201.587,7370.858,0,7.214,17172580.48,5.881
3712,70,28001.145,14550.28,181.79,5530.208,0,4.871,7830778.813,5.533
3713,70,28161.533,15768.038,4.511,54.79,125.205,6.182,12612168.616,6.049
3714,70,28308.086,14963.033,45.364,134.982,154.76,7.284,17510569.807,14.346
3715,70,29047.86,15960.052,183.481,5305.814,0,5.606,10372939.928,5.953
3716,70,32627.118,26154.374,27.556,37.908,77.352,6.112,12329723.232,19.435
3717,70,32887.483,27268.632,215.661,8178.552,0,11.08,40517769.966,7.37
3718,70,33278.757,27601.289,5.915,72.149,85.448,5.737,10860975.323,5.003
3719,70,34238.996,27840.942,1.996,40.126,72.966,5.085,8534781.67,6.708
3720,70,34650.382,28552.316,214.045,3650.652,0,6.163,12533367.425,9.883
3721,70,34790.008,29316.796,189.592,3869.626,0,4.647,7126653.567,7.206
3722,70,35193.748,30123.996,58.16,164.646,90.374,7.657,19350958.57,18.175
3723,70,35426.813,27989.266,97,310.958,40.372,2.921,2816298.714,13.77
3724,70,35441.891,30322.12,4.26,56.839,76.632,8.091,21605511.38,6.693
3725,70,35523.164,29519.854,7.786,36.137,95.264,5.87,11369421.631,8.721
3726,70,35705.585,27379.193,233.158,4990.806,0,4.578,6916941.689,7.941
3727,70,35760.047,26455.738,101.649,338.511,35.064,3.126,3225410.836,14.172
3728,70,35967.175,30317.44,88.824,406.307,47.442,2.693,2392631.543,10.149
3729,70,36133.965,24495.531,35.403,46.093,52.163,2.53,2112076.631,13.948
3730,70,36475.068,28282.888,40.971,74.506,61.923,1.913,1207125.3,11.199
3731,70,37036.034,26324.515,7.018,35.083,55.032,2.835,2652066.315,6.709
3732,71,10080.435,38911.331,174.143,5474.669,0,4.407,6408152.512,5.185
3733,71,10197.959,39442.857,149.836,4461.974,0,11.757,45616818.047,6.97
3734,71,10294.152,38361.502,239.044,10695.043,0,14.476,69157347.979,8.298
3735,71,10408.751,37754.819,136.34,2116.051,46.981,6.966,16013915.648,8.117
3736,71,10413.915,39141.924,160.882,5314.589,0,7.98,21014876.358,5.628
3737,71,10567.662,33404.924,44.814,106.252,118.446,7.295,17560036.573,17.281
3738,71,10575.747,37335.77,37.771,67.893,122.192,10.292,34958406.041,26.411
3739,71,10603.645,33801.626,192.794,5424.103,0,8.311,22794678.894,7.3
3740,71,10740.754,36548.452,189.077,7410.952,0,7.224,17223070.703,5.381
3741,71,10719.644,36959.806,5.276,52.962,162.526,5.743,10883368.645,6.101
3742,71,10755.901,33021.632,84.947,341.464,89.195,5.051,8417863.839,13.645
3743,71,10792.535,35549.13,72.697,376.608,155.374,4.091,5523747.354,9.39
3744,71,10884.411,9733.254,63.746,145.81,36.864,2.354,1828189.32,12.572
3745,71,10796.278,38389.071,204.2,6746.803,0,7.652,19324083.134,6.517
3746,71,10873.702,38086.285,9.512,44.039,135.113,6.402,13524016.972,8.307
3747,71,11163.031,34319.479,2,70.881,184.332,6.984,16099120.694,5.116
3748,71,11121.906,37325.348,88.593,686.882,116.961,3.568,4201782.38,7.816
3749,71,11197.394,36768.695,104.749,1051.547,69.926,9.403,29177150.821,11.11
3750,71,11302.615,34999.024,93.593,725.2,154.323,4.462,6570276.539,8.609
3751,71,11300.592,35849.516,71.049,329.181,172.942,9.262,28310985.271,15.755
3752,71,21726.425,30497.502,48.585,124.627,107.708,6.988,16116998.655,16.463
3753,71,21899.982,29948.972,209.288,6487.145,0,3.855,4903830.95,5.679
3754,71,22059.756,29790.115,207.002,4649.454,21.353,4.284,6056432.168,7.008
3755,71,22731.862,29393.849,51.156,111.233,87.789,6.565,14225382.09,18.734
3756,71,23171.408,29171.628,180.87,3326.201,0,6.663,14649867.869,8.586
3757,71,23562.594,29586.854,45.53,62.951,95.213,2.913,2800058.154,15.791
3758,71,24025.501,28910.454,208.196,4145.937,0,5.728,10826397.02,8.381
3759,71,23990.252,29318.986,61.076,170.086,96.358,5.723,10807741.026,15.632
3760,71,26721.156,13520.355,3.417,51.867,118.193,8.313,22807239.969,7.198
3761,71,27061.098,12919.803,145.629,3349.706,0,7.757,19856983.374,6.708
3762,71,27198.856,14396.914,7.869,151.743,124.422,4.439,6501857.839,3.141
3763,71,27466.9,13654.119,127.88,2673.332,18.951,7.599,19056075.995,6.509
3764,71,27983.456,14497.309,33.408,73.704,141.849,6.394,13490619.539,14.454
3765,71,28220.422,15767.73,166.858,4998.406,0,5.804,11117727.685,5.537
3766,71,28256.2,14943.785,150.621,2126.863,87.71,5.433,9741130.633,8.364
3767,71,28986.053,15904.822,25.478,31.956,127.13,2.657,2330333.878,13.116
3768,71,32594.83,26191.873,157.679,2655.056,0,3.823,4822152.353,6.912
3769,71,32911.398,27259.162,126.627,2932.556,0,7.632,19221062.386,6.027
3770,71,33856.535,28234.631,192.541,2910.705,0,3.28,3551029.788,8.043
3771,71,34196.861,27891.25,175,2464.53,0,4.37,6303167.908,8.561
3772,71,34967.425,29775.719,193.982,3579.164,0,7.137,16809563.123,9.327
3773,71,35124.828,30080.046,3.634,61.116,87.795,8.338,22942434.366,6.36
3774,71,35520.666,29532.671,28.249,81.673,90.449,5.065,8466432.45,9.711
3775,71,35681.224,27328.171,49.658,108.576,75.517,4.286,6062622.708,14.133
3776,71,35779.067,30536.368,175.642,2199.177,0,4.209,5845987.811,9.165
3777,71,36020.816,24499.163,49.819,79.392,70.485,5.872,11377800.798,22.199
3778,71,35960.256,25271.936,132.932,1375.677,0,6.039,12035965.835,10.047
3779,71,36029.895,30247.278,142.166,1960.567,0,6.062,12128373.348,8.554
3780,71,36492.436,28256.444,38.47,55.153,57.605,2.72,2441392.242,13.866
3781,71,37160.501,26526.258,128.047,1046.143,0,4.567,6883964.066,10.254
3782,72,10111.266,38940.092,231.813,8624.031,0,4.506,6700157.232,5.57
3783,72,10269.469,38414.434,52.385,109.669,162.679,4.456,6552017.016,15.375
3784,72,10268.989,39425.817,168.924,4710.793,0,9.103,27348287.296,6.979
3785,72,10480.162,37920.24,1.957,61.813,145.3,7.205,17131861.321,5.727
3786,72,10523.971,33483.718,107.869,1356.195,63.56,5.905,11507874.383,7.499
3787,72,10450.357,39097.972,229.405,9455.722,0,7.574,18929712.117,6.022
3788,72,10670.151,32976.002,155.663,3313.606,0,5.896,11471948.417,6.655
3789,72,10717.846,35004.39,206.778,8341.148,0,8.928,26307903.056,6.094
3790,72,10682.611,36987.123,118.313,1155.316,101.317,4.471,6597057.804,8.553
3791,72,10839.522,35489.271,180.907,8051.958,0,7.344,17798532.233,4.833
3792,72,10826.963,38417.102,177.63,4882.3,0,5.135,8700268.096,5.883
3793,72,10959.023,9842.887,3.262,35.329,41.321,3.965,5188457.473,6.777
3794,72,10927.227,37977.379,259.314,10224.274,0,9.147,27612999.329,7.406
3795,72,11198.545,34314.999,7.402,55.76,178.368,7.747,19808531.485,7.172
3796,72,11165.54,34647.367,250.674,12379.993,0,12.094,48269887.933,7.079
3797,72,11204.374,36768.919,176.368,4504.873,0,4.88,7859380.378,6.055
3798,72,11320.512,35012.064,65.743,391.815,167.284,7.575,18936097.803,10.568
3799,72,11280.859,35839.346,4.876,128.006,201.216,10.986,39831511.183,4.281
3800,72,21745.493,30541.277,186.56,4359.667,0,6.509,13982848.828,7.313
3801,72,21863.096,29902.958,0.387,23.539,129.848,7.953,20872347.654,13.13
3802,72,22710.833,29375.778,96.934,568.377,59.346,4.361,6275179.063,10.56
3803,72,22741.092,30160.339,139.737,2627.747,0,10.252,34685385.701,8.788
3804,72,23056.793,29927.772,191.967,4101.278,0,10.133,33884270.667,10.113
3805,72,23160.925,29185.008,196.149,3721.703,0,4.349,6241598.634,7.572
3806,72,23657.15,28884.286,86.036,380.549,41.108,3.18,3336384.317,10.629
3807,72,24022.812,28903.506,55.289,129.137,70.346,3.962,5179837.087,13.78
3808,72,26628.274,12952.584,274.569,10273.61,0,4.458,6559706.874,6.131
3809,72,26750.408,13552.941,50.164,101.046,126.65,4.106,5563028.758,14.794
3810,72,26816.284,12823.828,226.428,7686.556,0,7.614,19133419.056,6.86
3811,72,26986.093,12871.744,141.536,1456.217,76.145,7.831,20236722.982,12.243
3812,72,27167.368,13209.345,54.031,55.334,110.943,5.418,9686836.679,32.492
3813,72,27183.33,14337.276,188.628,4890.29,0,5.706,10743443.142,6.542
3814,72,27460.266,13623.702,234.14,7167.36,0,7.171,16968922.179,7.371
3815,72,27604.91,14894.166,181.53,5101.228,0,3.012,2993822.066,5.364
3816,72,27737.794,15111.102,225.797,6806.226,0,5.398,9614705.321,6.541
3817,72,27876.338,14327.703,202.387,6139.067,0,7.195,17084622.127,6.707
3818,72,28258.372,15753.467,243.466,9668.965,0,11.841,46272684.265,8.141
3819,72,28240.273,14975.588,238.827,10801.112,0,10.747,38115461.773,6.827
3820,72,28959.976,15996.222,9.979,32.305,83.506,6.436,13669996.063,10.819
3821,72,32527.136,26207.017,176.454,3108.881,0,2.17,1553707.766,6.611
3822,72,32913.107,27233.933,194.896,5608.475,0,3.588,4247340.913,5.628
3823,72,33299.818,27664.186,65.655,223.2,64.498,5.258,9122737.917,13.328
3824,72,35200.693,29040.112,8.301,51.894,98.624,7.252,17356830.226,7.52
3825,72,35159.647,30078.441,31.097,61.259,83.124,4.574,6905097.616,12.673
3826,72,35504.263,27770.535,16.236,32.045,59.442,5.966,11745848.155,13.432
3827,72,35446.235,30397.439,82.858,388.012,59.162,4.289,6071780.94,11.102
3828,72,35664.623,27282.78,229.918,4010.927,0,5.694,10700464.503,9.861
3829,72,35953.534,24501.279,257.723,4052.677,0,4.932,8028881.365,10.815
3830,72,35999.53,25204.111,2.361,47.338,53.46,2.881,2738607.629,5.195
3831,72,36001.834,30325.837,7.519,36.145,71.089,8.527,23993056.923,10.893
3832,72,36479.852,28320.917,3.863,68.547,63.952,2.494,2053347.865,4.223
3833,72,37124.632,26692.895,258.362,3597.774,0,2.196,1591477.597,9.316
3834,73,10080.405,38963.03,5.559,70.517,131.335,8.618,24512148.395,6.031
3835,73,10326.849,38325.191,17.698,81.241,156.876,10.607,37127767.827,9.691
3836,73,10399.838,37761.459,4.578,84.42,120.285,5.74,10871392.611,4.387
3837,73,10406.328,39243.525,64.118,272.815,132.098,10.573,36890555.597,17.414
3838,73,10641.442,32968.816,6.004,58.368,118.558,7.516,18642573.432,6.553
3839,73,10747.049,34567.505,73.595,429.724,118.24,3.449,3925767.5,8.328
3840,73,10723.25,34916.313,160.154,5245.528,0,9.199,27925930.801,5.992
3841,73,10720.65,37026.987,7.224,75.593,164.382,6.937,15882924.398,5.386
3842,73,10960.498,37958.636,95.305,631.107,105.929,5.906,11512744.849,10.972
3843,73,11200.445,34639.339,0.612,41.279,185.559,8.941,26380488.632,8.836
3844,73,11194.007,36741.6,166.346,3955.147,0,6.213,12739688.68,6.571
3845,73,11280.97,34991.729,167.804,7373.641,0,7.198,17097987.794,4.619
3846,73,11312.042,35864.605,73.738,546.955,155.021,2.431,1950004.44,6.818
3847,73,22766.082,29348.693,147.579,2770.118,0,8.905,26169170.588,8.448
3848,73,22720.784,30160.544,2.883,59.998,102.254,9.222,28063184.736,6.763
3849,73,22977.518,29977.706,189.287,4599.521,0,4.73,7383802.133,6.474
3850,73,23143.421,29175.638,250.963,6497.776,0,5.074,8497235.635,7.596
3851,73,24159.777,29038.935,2.384,70.339,82.68,7.794,20047534.598,5.427
3852,73,26649.865,13308.168,167.923,3891.34,0,5.237,9050159.39,6.366
3853,73,26783.61,13621.73,90.995,642.614,85.665,7.903,20611788.498,11.917
3854,73,27199.309,14400.364,6,99.601,122.93,5.033,8358830.609,3.932
3855,73,27429.564,13690.194,340.366,13486.095,0,6.927,15833553.523,7.875
3856,73,27770.99,15148.738,46.511,138.36,96.3,6.388,13465759.695,13.382
3857,73,27998.903,14626.891,220.785,7865.421,0,11.123,40833117.426,7.909
3858,73,28198.684,15680.619,1.781,21.591,139.071,2.058,1397599.998,7.727
3859,73,28851.531,16091.531,148.747,2594.285,0,5.677,10635557.356,7.293
3860,73,28987.718,15812.677,208.219,5500.421,0,6.016,11943854.702,7.023
3861,73,32520.934,26132.768,97.561,356.424,58.643,2.585,2205072.557,12.21
3862,73,32911.824,27263.15,173.356,4289.619,0,7.378,17962410.727,7.033
3863,73,33295.575,27589.255,59.644,103.661,70.627,3.699,4515958.272,17.384
3864,73,33865.456,28341.637,162.724,2223.306,0,6.854,15504690.833,10.073
3865,73,34045.809,27557.751,187.198,2764.458,0,4.469,6591770.52,8.732
3866,73,34234.937,27879.054,189.803,2977.733,0,6.318,13174579.361,9.75
3867,73,35208.912,30074.036,191.893,3699.35,0,5.665,10592451.124,8.07
3868,73,35469.672,30413.595,143.977,2663.593,0,3.036,3041460.183,5.975
3869,73,36040.036,30286.152,76.529,288.784,53.272,2.045,1379478.424,9.959
3870,73,36320.81,27442.267,2.1,28.952,66.35,4.847,7754460.745,8.312
3871,73,36583.747,28442.61,70.471,169.128,44.605,3.974,5212022.015,15.717
3872,73,37158.126,26667.358,131.653,1104.609,0,3.92,5071133.945,9.698
3873,74,10081.941,38889.238,48.577,162.087,150.858,3.898,5015166.709,9.926
3874,74,10408.542,39187.03,176.623,5532.88,0,6.716,14886248.995,5.832
3875,74,10546.147,33028.964,158.166,3495.469,0,5.697,10712397.669,6.485
3876,74,10638.314,33598.877,3.901,60.276,133.293,11.219,41535537.908,7.781
3877,74,10642.073,34005.333,7.341,94,114.238,6.243,12863551.962,4.472
3878,74,10668.574,37055.156,239.96,10362.138,0,8.171,22032352.67,6.203
3879,74,10751.188,36522.994,108.228,904.01,124.048,12.477,51378835.905,16.488
3880,74,10633.387,38806.738,201.233,6338.83,0,8.707,25019902.627,7.084
3881,74,10764.609,33662.054,36.751,82.639,141.214,4.521,6745080.725,12.204
3882,74,10824.12,35498.7,118.615,1232.927,147.434,3.108,3188778.73,7.509
3883,74,10840.808,38360.516,57.363,80.438,134.813,7.56,18860128.238,33.441
3884,74,10961.768,33572.18,177.266,5043.223,0,7.071,16499582.68,6.361
3885,74,11076.962,37303.548,237.635,9718.299,0,7.173,16977795.714,6.075
3886,74,11170.663,34294.822,75.886,362.077,149.489,13.513,60262391.559,21.92
3887,74,11270.885,34979.07,206.862,10435.803,0,8.046,21364409.716,5.001
3888,74,11440.311,9595.907,4.45,49.204,40.881,5.734,10851733.977,6.317
3889,74,22640.991,29438.233,9.376,93.759,81.39,7.337,17764413.702,5.053
3890,74,22811.402,30092.724,184.189,5175.529,0,7.034,16328412.434,6.572
3891,74,23643.893,28883.843,173.261,2640.484,0,5.633,10470300.969,8.853
3892,74,23854.682,29438.858,210.696,5434.586,0,10.871,39002052.144,9.773
3893,74,24040.414,28862.015,126.965,1969.806,0,4.321,6161267.841,6.571
3894,74,26676.06,12845.157,192.716,6683.053,0,8.746,25242874.207,6.408
3895,74,26768.642,13610.932,169.85,3967.356,0,6.777,15156073.448,6.971
3896,74,27210.36,14376.453,69.109,186.13,108.579,7.101,16639427.763,20.324
3897,74,27183.228,13235.167,108.462,1027.481,63.344,11.597,44385926.272,13.939
3898,74,27584.635,14900.435,192.417,5626.435,0,4.809,7631728.928,5.85
3899,74,27927.717,14476.433,251.09,8724.498,0,5.821,11182054.497,6.538
3900,74,28241.213,15841.568,2.846,60.666,158.075,13.702,61959901.75,8.803
3901,74,29055.61,15947.25,202.305,5037.232,0,4.422,6451795.091,6.53
3902,74,32515.129,26149.121,53.901,104.617,70.091,2.654,2325091.161,13.226
3903,74,32958.551,27278.236,9.239,128.849,114.371,13.422,59448327.996,5.418
3904,74,33354.885,27701.683,193.416,3636.304,0,11.937,47025019.502,12.725
3905,74,33452.457,26794.209,21.897,51.717,59.637,0.843,234460.453,7.653
3906,74,33916.897,28316.42,8.564,26.088,56.862,2.476,2022964.114,8.129
3907,74,34023.332,27576.085,184.323,3177.682,0,8.326,22878279.242,10.309
3908,74,35024.62,28938.883,227.512,5301.054,0,4.57,6893697.228,7.393
3909,74,35133.135,30046.171,212.542,4629.848,0,4.986,8203868.079,7.596
3910,74,35410.915,30412.503,129.316,1675.11,0,3.544,4145097.994,7.097
3911,74,35515.571,28161.622,33.314,82.017,64.734,4.788,7564449.66,11.262
3912,74,35569.945,27840.641,197.763,3602.467,0,5.545,10148438.772,8.499
3913,74,35788.125,26462.611,154.649,2147.389,0,5.977,11791306.506,8.971
3914,74,35999.64,30279.516,3.157,49.625,65.624,4.409,6415819.699,5.598
3915,74,36453.749,28288.625,125.891,1470.471,0,6.147,12470879.442,8.918
3916,74,37284.239,26272.377,51.652,85.211,32.643,2.696,2398906.054,14.489
3917,74,37391.011,25413.992,110.685,583.433,0,2.87,2718864.791,10.732
3918,75,9999.096,38963.22,10.194,118.013,125.926,12.395,50699652.667,5.733
3919,75,10302.51,38405.364,257.072,11780.169,0,12.018,47665154.43,7.641
3920,75,10406.542,37873.398,141.305,2596.552,39.776,6.669,14675408.452,7.23
3921,75,10383.774,39178.546,222.79,7832.244,0,11.678,45003929.845,8.299
3922,75,10565.385,33009.197,166.606,4012.673,0,7.015,16238555.208,6.828
3923,75,10576.05,33473.826,169.733,4201.607,0,5.045,8400359.341,6.083
3924,75,10636.975,34004.724,6.548,52.048,111.656,7.031,16313525.699,7.004
3925,75,10640.432,37042.055,3.75,56.104,152.25,18.283,110318155.631,12.163
3926,75,10712.386,34844.271,112.665,1522.062,92.678,12.027,47732326.48,10.849
3927,75,10804.501,35473.252,160.215,3492.365,73.834,6.044,12057311.019,6.733
3928,75,10729.476,36561.333,6.907,45.156,200.256,7.49,18511664.135,8.184
3929,75,10888.377,9724.368,131.105,834.045,0,2.892,2761185.85,10.578
3930,75,10875.598,33613.444,10.103,48.101,133.951,4.697,7281001.419,6.916
3931,75,10880.997,38080.257,3.016,80.562,145.782,8.173,22046414.441,5.061
3932,75,11083.201,37287.166,203.893,7805.303,0,5.412,9666981.531,5.275
3933,75,11161.019,34210.71,147.419,4672.408,0,5.114,8630298.016,4.818
3934,75,11307.616,35025.767,184.006,7841.037,0,11.887,46633647.836,6.195
3935,75,21556.999,30291.009,90.34,225.609,69.809,3.569,4203839.555,17.077
3936,75,22357.829,30337.003,147.025,2561.041,0,8.354,23031253.582,8.618
3937,75,22699.859,29420.399,181.188,3415.132,0,5.112,8624143.699,7.597
3938,75,22741.04,30137.309,102.517,979.913,75.521,4.878,7854090.756,8.162
3939,75,24033.187,29373.305,143.556,2782.802,0,7.553,18827244.206,7.428
3940,75,24091.193,28883.442,149.645,2470.073,0,3.189,3357069.74,6.561
3941,75,26644.967,12832.707,199.588,7411.539,0,8.177,22064315.895,6.071
3942,75,26808.161,13597.691,212.608,5804.076,0,9.342,28803566.919,8.559
3943,75,26879.109,13846.375,5.201,40.511,112.201,3.944,5132816.476,6.395
3944,75,27121.526,14321.39,7.478,70.083,127.428,10.423,35851475.219,7.156
3945,75,27158.844,13182.895,96.82,672.431,71.029,7.177,17000988.12,11.921
3946,75,27626.377,14812.918,355.569,18615.287,0,3.615,4312591.94,5.626
3947,75,27928.661,14386.113,183.729,4960.236,0,10.122,33811090.825,8.078
3948,75,28208.271,14969.498,99.167,585.897,109.001,1.895,1185583.306,8.759
3949,75,28203.258,15796.461,335.684,20507.582,0,6.896,15693515.045,5.755
3950,75,29091.692,15896.264,44.402,123.687,85.344,5.832,11223560.142,13.014
3951,75,32582.148,26915.86,57.369,110.92,62.497,5.8,11100174.285,20.467
3952,75,33472.424,26836.743,190.922,2981.867,0,3.774,4700222.743,8.107
3953,75,33919.164,28317.504,1.973,28.963,59.44,5.035,8365039.012,8.45
3954,75,34722.108,28639.436,7.791,83.389,80.002,4.472,6598666.571,4.461
3955,75,34942.277,29421.828,37.084,51.678,101.708,1.786,1052159.105,12.446
3956,75,35060.787,28915.378,176.5,3828.089,0,8.572,24248072.044,8.463
3957,75,35106.862,30037.531,70.867,339.429,59.062,4.101,5550531.778,9.759
3958,75,35502.208,27812.871,149.887,2150.76,0,5.018,8309761.686,8.007
3959,75,35571.484,28153.479,145.274,2051.432,0,4.638,7099233.812,7.728
3960,75,35532.696,29505.508,38.758,62.87,83.73,4.63,7072943.75,16.263
3961,75,35738.59,26484.38,65.537,274.983,51.136,2.894,2764181.059,9.203
3962,75,35755.554,29201.657,5.619,37.943,82.04,3.771,4692810.725,6.642
3963,75,35873.401,24677.545,58.334,156.914,48.726,3.815,4803028.971,12.627
3964,75,36449.082,28281.351,50.349,140.027,60.878,6.204,12700630.719,14.545
3965,76,10078.542,38955.582,6.364,92.667,160.789,7.621,19166751.33,4.739
3966,76,10282.444,38294.487,214.464,8852.991,0,10.04,33268822.875,6.511
3967,76,10302.421,39375.884,56.8,156.225,128.786,6.331,13227883.091,16.053
3968,76,10550.12,33043.406,175.528,4273.522,0,5.523,10068429.151,6.443
3969,76,10756.709,34477.416,243.933,8664.155,0,3.802,4769210.701,5.717
3970,76,10701.51,34920.871,163.392,5583.956,0,6.424,13619454.697,5.168
3971,76,10720.406,36647.435,9.402,96.985,166.974,16.518,90044900.476,8.047
3972,76,10632.789,38696.294,91.757,469.496,111.085,5.409,9656084.265,12.416
3973,76,10870.104,35529.887,284.999,17055.257,0,6.906,15738613.038,5.24
3974,76,10805.949,38484.362,8.009,54.53,134.649,6.032,12009172.318,6.555
3975,76,10907.415,33610.25,82.918,450.451,102.881,8.353,23027506.524,14.337
3976,76,11080.511,37337.604,317.904,18205.586,0,4.546,6819627.689,5.199
3977,76,11130.146,34178.516,71.999,486.858,143.969,5.641,10500673.256,8.78
3978,76,11308.263,35014.224,168.777,6980.895,0,8.132,21824952.281,5.016
3979,76,21548.648,30275.762,228.322,5183.659,0,4.352,6251579.043,7.431
3980,76,21811.03,29928.527,90.638,190.415,114.425,3.981,5231295.649,20.755
3981,76,22285.308,30323.07,208.622,5122.715,0,11.012,40017789.054,10.188
3982,76,22568.951,29478.9,212.067,4472.321,0,4.987,8207056.744,7.75
3983,76,22783.309,30157.856,230.19,7287.779,0,4.788,7564706.358,6.207
3984,76,22878.821,29279.754,5.458,68.685,92.904,6.178,12593956.967,5.259
3985,76,23121.05,29919.066,5.213,54.935,98.557,9.463,29554452.648,7.715
3986,76,23552.142,28933.503,71.081,225.025,59.864,4.625,7060688.725,13.856
3987,76,24088.472,28885.194,92.282,579.368,44.237,4.899,7921157.217,10.224
3988,76,26635.268,13083.302,163.277,4148.793,0,2.996,2963009.383,5.352
3989,76,26776.251,13556.342,198.684,5008.371,0,5.774,11000631.841,6.924
3990,76,26920.691,13865.41,171.345,4158.798,0,3.253,3492720.589,5.692
3991,76,27180.319,14345.986,222.529,7790.546,0,7.188,17050405.9,6.474
3992,76,27186.291,13244.684,83.019,297.961,93.45,3.543,4143106.992,12.408
3993,76,27503.944,13813.655,216.497,6513.011,0,8.214,22264476.055,7.517
3994,76,27617.79,14880.166,242.15,8842.869,0,4.187,5785797.332,5.697
3995,76,27820.752,14327.492,271.3,10144.609,0,12.2,49116763.073,9.538
3996,76,28268.711,15729.117,57.114,183.049,167.602,7.857,20374504.32,16.431
3997,76,28880.201,15680.442,3.331,53.358,117.263,8.083,21561045.267,6.915
3998,76,28922.375,15988.244,311.694,12200.753,0,8.469,23668026.957,8.219
3999,76,29019.201,15772.207,36.034,51.382,106.277,3.898,5014588.96,15.81
4000,76,32483.96,26225.02,68.696,195.816,54.518,4.316,6147217.795,14.16
4001,76,32942.871,27289.032,171.202,4174.477,0,11.564,44130814.337,9.01
4002,76,33483.335,26807.652,98.513,400.365,50.367,2.147,1520528.558,11.02
4003,76,33994.683,27577.945,51.116,131.148,67.027,5.44,9766914.251,14.463
4004,76,34554.15,28801.054,5.708,49.202,85.864,5.052,8424075.594,6.169
4005,76,35161.659,30060.887,145.279,2495.573,10.264,3.495,4031929.387,6.4
4006,76,35506.566,27778.908,129.451,1625.822,0,4.566,6881358.162,7.72
4007,76,35458,30405.639,51.903,187.324,48.121,3.367,3740468.906,9.31
4008,76,35619.255,27444.978,200.831,3314.866,0,5.904,11501824.339,9.472
4009,76,35675.323,29094.014,206.087,4214.225,0,6.953,15956199.743,8.909
4010,76,35763.406,26552.289,10.141,41.558,64.329,4.513,6720427.824,7.543
4011,76,35781.298,29829.273,179.303,2601.255,0,5.784,11040715.154,9.506
4012,76,35963.609,24617.276,141.697,1740.933,0,3.799,4762113.283,7.864
4013,76,36043.16,30295.87,128.651,1325.064,0,8.778,25431219.242,12.214
4014,76,36375.093,27532.794,117.971,535.489,56.852,5.145,8735127.29,15.913
4015,76,36401.051,28241.444,9.323,67.813,60.371,6.089,12235971.538,5.873
4016,77,10079.497,38943.552,202.481,7527.343,0,3.965,5187991.165,5.039
4017,77,10254.926,38419.602,67.919,139.002,183.231,6.699,14811779.99,24.43
4018,77,10280.634,39377.762,184.586,5674.97,0,5.578,10266267.694,5.738
4019,77,10438.322,37773.16,29.606,42.879,141.44,4.261,5991355.738,15.176
4020,77,10573.899,33018.031,199.732,5214.127,0,5.473,9883430.194,6.669
4021,77,10633.459,33934.963,35.331,71.385,116.042,5.434,9743451.163,14.376
4022,77,10652.144,36922.608,158.631,5305.805,0,7.715,19641108.149,5.458
4023,77,10712.639,34549.07,18.295,55.491,128.676,4.405,6402838.024,8.285
4024,77,10717.565,34922.108,228.9,9855.956,0,9.73,31243583.662,6.515
4025,77,10716.95,36555.56,10.942,105.157,188.484,13.203,57529112.055,6.765
4026,77,10820.846,35490.723,276.414,15050.601,0,5.456,9823073.183,5.12
4027,77,10990.3,37965.917,203.064,5898.93,0,6.451,13732231.265,6.639
4028,77,11119.445,37362.265,6.741,101.058,152.415,5.771,10992123.258,4.102
4029,77,11159.938,34183.265,146.951,4587.485,0,4.907,7945254.179,4.814
4030,77,11279.139,35021.543,196.27,9821.101,0,8.208,22235255.362,4.89
4031,77,11300.967,35875.257,212.637,10035.519,0,6.586,14314853.634,4.994
4032,77,11452.339,9518.354,153.71,1606.558,0,5.024,8330933.466,10.154
4033,77,21528.855,30170.327,185.111,3251.891,0,4.931,8024024.205,7.978
4034,77,21678.71,30556.552,7.506,60.328,97.144,6.209,12723944.622,6.083
4035,77,21812.985,29891.672,143.42,3070.397,0,8.593,24368990.45,7.339
4036,77,22324.245,30294.323,99.383,333.519,80.132,4.845,7748261.045,17.182
4037,77,22708.911,29455.165,190.095,3698.595,0,8.186,22112701.445,9.499
4038,77,22724.558,30174.456,58.254,173.627,123.243,7.715,19645169.513,17.498
4039,77,22960.526,29280.559,6.452,53.328,90.263,5.96,11724357.237,6.343
4040,77,23598.591,28876.194,5.035,38.544,87.358,5.823,11188366.401,7.692
4041,77,24012.926,29406.229,166.134,3086.921,0,5.296,9256389.042,7.334
4042,77,24121.565,28883.377,107.976,1126.755,27.767,3.49,4019301.252,7.264
4043,77,26747.426,12846.801,45.698,95.995,148.002,5.068,8476514.478,15.234
4044,77,26878.119,13856.889,139.232,2642.269,5.484,2.925,2823189.157,5.758
4045,77,27210.904,14442.56,69.974,360.501,92.571,5.501,9987641.126,10.385
4046,77,27199.798,13196.844,5.759,55.489,103.573,13.102,56654325.905,9.784
4047,77,27516.661,13862.994,168.323,2945.274,36.556,3.457,3944228.657,6.877
4048,77,27584.378,14876.176,208.923,7173.762,0,7.721,19672441.758,6.468
4049,77,27887.395,14422.667,250.088,9268.656,0,10.447,36016553.3,8.143
4050,77,28218.882,15715.3,170.373,5930.457,0,10.67,37573405.537,6.444
4051,77,29117.356,15836.843,8.184,62.093,102.438,10.039,33258863.02,7.896
4052,77,32477.42,26168.884,7.176,32.813,62.435,4.924,8000272.098,8.439
4053,77,32943.921,27280.19,171.848,3182.539,24.544,6.033,12011620.191,7.891
4054,77,33354.409,27633.498,166,3355.136,0,5.715,10779255.536,7.111
4055,77,33449.86,26831.985,153.048,2232.276,0,1.877,1163211.287,6.714
4056,77,33990.481,27572.957,45.651,112.747,75.028,6.367,13377222.361,15.377
4057,77,34953.156,29388.823,85.823,320.43,71.898,3.633,4356749.338,12.449
4058,77,34965.508,28801.59,7.045,59.35,102.259,6.687,14754827.371,6.28
4059,77,35118.191,30025.512,150.013,3340.449,0,5.337,9400618.879,6.119
4060,77,35434.186,30434.406,39.445,85.08,78.861,9.038,26958701.522,20.546
4061,77,35517.593,27640.746,144.988,1892.335,0,5.95,11681765.876,8.948
4062,77,35735.035,26523.164,136.473,1685.666,0,5.004,8263687.157,8.326
4063,77,35819.199,25623.934,137.042,1299.178,0,2.725,2451113.26,8.404
4064,77,35819.273,29856.084,163.665,2523.114,0,8.503,23861621.326,10.406
4065,77,35977.803,24510.761,167.979,2141.585,0,3.562,4187808.057,8.387
4066,77,36003.367,30306.939,176.682,2360.221,0,3.679,4466841.527,8.472
4067,77,36265.907,27070.955,202.55,2911.589,0,3.018,3005891.432,8.397
4068,78,10080.124,38880.813,2.143,69.99,155.31,7.854,20356376.982,5.454
4069,78,10255.815,38439.375,204.593,7716.028,0,7.796,20056483.893,5.99
4070,78,10468.425,37864.524,42.424,72.241,149.4,6.421,13607455.833,20.303
4071,78,10416.682,39221.451,159.392,5125.822,0,12.546,51943178.322,7.15
4072,78,10540.664,33066.611,166.498,3484.921,0,4.447,6525382.338,6.468
4073,78,10571.332,33440.308,61.919,195.775,119.515,8.426,23431709.318,18.529
4074,78,10646.712,33964.507,49.852,146.461,105.501,5.794,11077507.755,13.279
4075,78,10644.763,36911.47,163.591,5251.822,0,8.769,25375581.574,6.04
4076,78,10725.244,34496.836,63.013,145.874,128.427,8.011,21179535.352,23.808
4077,78,10698.368,34945.993,119.661,2040.143,83.658,4.147,5676262.177,5.939
4078,78,10765.832,36474.858,345.641,23780.196,0,5.928,11596939.029,5.187
4079,78,10836.758,38242.147,235.059,9763.987,0,5.402,9631744.188,5.469
4080,78,10960.088,33480.929,69.522,203.043,116.368,7.026,16291744.411,18.885
4081,78,10920.843,37976.95,247.403,9481.38,0,5.67,10609119.855,6.023
4082,78,11146.39,34143.936,146.92,4352.942,0,6.446,13711565.472,5.306
4083,78,11206.349,34615.678,126.424,1234.281,116.284,3.757,4657809.544,8.458
4084,78,11297.972,35044.397,37.276,179.705,210.625,9.731,31249365.364,10.476
4085,78,21583.976,30557.247,155.457,2598.125,0,3.348,3700160.38,6.71
4086,78,21792.084,29917.232,65.386,232.32,93.821,10.06,33399887.243,19.973
4087,78,22115.451,30453.878,119.009,1293.342,39.888,0.641,135785.084,6.67
4088,78,22363.118,30362.013,49.852,137.685,87.833,7.732,19728025.536,16.873
4089,78,22775.934,30148.045,176.945,5085.31,0,12.695,53189706.969,8.588
4090,78,22925.309,29277.977,186.217,3940.331,0,10.602,37092274.63,10.246
4091,78,23309.782,29843.167,76.41,228.652,84.017,6.072,12168753.669,17.916
4092,78,23636.256,28853.867,146.653,1819.47,0,4.273,6025273.094,8.25
4093,78,24143.936,28945.503,159.301,2581.302,0,5.643,10511831.399,8.012
4094,78,26653.443,13354.662,33.318,65.946,106.235,10.642,37372376.137,23.349
4095,78,26910.585,13855.557,217.114,6546.503,0,4.075,5481309.382,5.957
4096,78,26952.626,12938.339,230.92,7702.654,0,7.016,16244860.046,6.804
4097,78,27245.604,14477.017,58.407,254.491,134.381,8.626,24556530.834,13.712
4098,78,27527.29,14782.212,195.114,6322.081,0,7.267,17428632.564,6.27
4099,78,27918.643,14394.793,185.614,5003.105,0,5.875,11392345.721,6.37
4100,78,28284.189,14963.227,189.431,6901.928,0,10.581,36945895.943,6.708
4101,78,28291.007,15853.004,145.04,3974.787,0,11.357,42564306.092,7.116
4102,78,29111.846,15874.234,106.407,877.53,39.508,4.043,5394778.661,8.665
4103,78,32400.299,26719.624,1.053,62.004,64.036,4.731,7387693.727,4.859
4104,78,32544.111,26122.046,39.257,50.059,54.924,4.999,8248395.157,20.891
4105,78,32874.478,27230.661,76.769,415.103,75.095,5.02,8315331.366,10.203
4106,78,33449.119,26788.144,192.693,1086.741,62.041,2.759,2511740.829,14.396
4107,78,34022.106,27559.55,27.516,43.781,83.094,4.15,5684284.978,13.625
4108,78,34474.932,29239.171,153.944,1941.774,0,3.085,3141010.061,7.763
4109,78,35138.345,30048.753,117.936,1025.608,59.101,7.778,19966015.306,12.128
4110,78,35423.4,30414.228,128.284,1998.053,0,6.957,15975113.084,7.754
4111,78,35442.864,28154.589,9.491,49.855,64.507,4.25,5961524.203,6.4
4112,78,35740.1,26519.978,70.112,291.352,41.477,4.016,5322528.859,10.602
4113,78,35786.671,27997.435,146.015,1999.399,0,7.405,18097674.352,9.669
4114,78,35852.182,29887.9,184.362,2928.65,0,6.097,12268148.979,9.299
4115,78,36080.058,24440.006,2.743,23.025,54.459,3.502,4046423.153,8.601
4116,78,35999.879,30378.885,67.538,188.635,59.843,3.665,4433570.931,13.193
4117,78,36086.801,27599.796,13.87,38.819,77.289,4.749,7443493.843,9.267
4118,79,10063.274,38944.972,266.445,13033.078,0,11.978,47344732.241,7.444
4119,79,10158.94,39365.435,6.634,94.485,126.711,7.025,16286334.375,4.558
4120,79,10246.46,38376.388,167.328,5613.904,0,8.307,22774694.458,5.81
4121,79,10413.524,37728.744,204.539,6257.58,0,2.821,2626314.349,5.425
4122,79,10398.813,39211.028,177.881,6154.497,0,11.632,44654002.732,7.02
4123,79,10538.294,33039.907,178.358,3990.329,0,5.355,9462418.821,6.814
4124,79,10563.306,33437.522,7.858,81.662,119.62,2.308,1757610.022,4.137
4125,79,10684.147,34506.728,184.592,5508.406,0,6.928,15838553.997,6.276
4126,79,10720.043,34924.828,75.771,578.818,119.767,7.66,19362624.356,9.636
4127,79,10721.017,36799.776,8.935,111.171,184.82,9.092,27282000.717,4.845
4128,79,10640.981,38798.247,4.784,92.612,125.119,13.204,57532628.208,6.169
4129,79,10799.979,35390.222,176.081,5787.484,14.033,11.64,44712208.35,7.258
4130,79,10721.044,36479.135,1.56,55.857,188.974,5.642,10504461.563,5.53
4131,79,10974.097,33611.947,38.88,95.579,123.673,7.279,17484798.769,15.465
4132,79,11111.957,37264.4,8.054,21.791,157.399,6.432,13653268.049,13.993
4133,79,11135.779,34184.672,152.594,4820.571,0,6.956,15968650.172,5.336
4134,79,11277.824,34640.96,4.476,63.534,155.842,6.897,15697377.007,5.702
4135,79,11288.818,34967.122,204.566,10150.834,0,4.68,7227482.94,4.401
4136,79,11322.676,35886.316,61.658,261.276,186.606,3.322,3642177.701,9.16
4137,79,11471.109,9546.327,101.622,647.351,0,5.092,8556966.051,10.98
4138,79,21685.949,30562.933,17.225,59.963,95.108,6.769,15119162.871,9.161
4139,79,22160.012,30479.939,0.221,57.748,92.69,5.039,8378765.431,5.172
4140,79,22800.802,30120.076,56.04,177.679,106.006,12.547,51951651.287,23.79
4141,79,22931.104,29273.216,154.953,2510.063,0,5.902,11495838.619,8.005
4142,79,23296.49,29876.681,132.209,1818.445,0,7.857,20375432.251,9.243
4143,79,23559.136,28919.904,168.252,2341.199,0,6.482,13865282.102,9.891
4144,79,23838.612,29439.495,5.364,73.636,91.708,2.372,1857189.439,4.148
4145,79,24094.316,29238.11,136.539,2120.922,0,4.696,7277954.67,7.013
4146,79,24165.538,28943.087,33.978,79.232,79.383,5.525,10072184.959,12.746
4147,79,26578.71,13151.29,165.833,4123.416,0,5.25,9094713.549,6.043
4148,79,26660.613,13368.239,24.48,45.181,119.708,9.99,32934167.483,21.267
4149,79,26765.437,12854.275,211.801,6951.824,0,7.928,20744995.016,6.824
4150,79,26877.74,13841.846,6.799,100.314,139.475,8.196,22169374.197,4.672
4151,79,27205.756,14456.784,30.278,109.11,146.645,8.088,21589200.14,10.813
4152,79,27428.78,14758.214,151.703,4033.365,0,3.273,3534565.878,5.063
4153,79,27968.308,14487.555,52.858,138.287,105.841,8.891,26088684.319,20.447
4154,79,28342.794,15848.543,145.287,4316.274,0,8.586,24329701.382,5.826
4155,79,28877.708,15622.592,144.385,3224.742,0,3.396,3806936.622,5.459
4156,79,32471.086,26713.714,226.048,4425.847,0,7.393,18037185.079,10.196
4157,79,32560.426,26118.241,1.405,44.464,60.352,4.117,5592899.512,5.792
4158,79,32843.719,27190.467,159.394,3949.35,0,8.741,25217297.478,7.163
4159,79,33374.761,27711.794,164.912,3546.217,0,7.697,19551637.264,7.666
4160,79,33449.842,26861.661,92.277,454.159,48.388,2.795,2577466.016,10.001
4161,79,34656.091,28540.791,172.064,2603.486,0,7.283,17504894.199,10.033
4162,79,35145.923,30050.999,138.925,2669.894,0,6.353,13321384.778,6.798
4163,79,35424.365,30388.762,75.577,178.557,95.693,5.222,8999144.231,19.573
4164,79,35523.557,29561.946,194.007,3499.816,0,5.337,9400292.84,8.32
4165,79,35773.859,26683.323,142.369,1449.828,0,4.038,5380912.895,9.054
4166,79,35823.016,25536.53,152.214,1635.823,0,2.913,2800188.218,8.392
4167,79,35783.824,29875.122,42.415,64.161,69.918,4.176,5754329.102,16.955
4168,79,36027.037,24427.139,110.08,406.168,32.748,1.364,613955.266,11.59
4169,79,35982.208,30363.847,66.457,142.608,56.836,6.182,12612335.4,21.722
4170,80,10318.484,38319.556,10.656,70.654,158.242,4.584,6935308.805,5.421
4171,80,10324.576,39356.421,196.518,6114.698,0,5.682,10653322.333,5.954
4172,80,10397.516,37670.499,7.723,37.227,139.52,10.998,39918672.814,12.934
4173,80,10428.427,39206.065,250.232,10022.337,0,10.668,37557818.446,7.754
4174,80,10526.229,33017.578,164.145,3066.536,0,8.634,24601846.774,9.034
4175,80,10573.562,33458.887,214.775,6676.975,0,8.003,21136057.348,7.203
4176,80,10613.919,34013.846,183.846,4587.099,0,6.332,13231377.417,6.844
4177,80,10736.064,34903.301,103.298,1029.457,94.874,4.905,7939549.025,7.989
4178,80,10720.175,36960.384,0.568,64.42,164.928,5.234,9041052.348,4.874
4179,80,10720.644,36478.427,1.41,83.449,171.643,10.659,37494643.433,5.581
4180,80,10822.667,38341.257,170.141,5121.929,0,5.661,10574180.935,5.549
4181,80,10962.566,37923.897,248.376,9439.023,0,14.16,66171891.993,9.699
4182,80,11099.142,37311.212,251.545,10821.004,0,6.248,12883232.884,5.815
4183,80,11099.769,34158.231,225.712,10170.427,0,5.681,10651782.826,5.134
4184,80,11116.713,36798.755,8.262,110.829,138.643,4.549,6828160.154,3.822
4185,80,11221.522,34609.123,126.746,1956.802,70.41,3.881,4971496.263,6.43
4186,80,11283.709,34976.903,52.803,164.336,206.781,4.29,6073104.354,11.302
4187,80,11367.134,35947.924,274.299,17612.733,0,7.708,19609177.358,5.054
4188,80,11412.866,9579.392,63.226,161.037,30.616,2.917,2808132.643,12.426
4189,80,21745.89,30584.761,185.107,4144.778,0,7.334,17750540.316,7.903
4190,80,22722.964,30157.535,153.011,3431.729,0,5.015,8299432.311,6.064
4191,80,22864.904,29325.563,57.198,153.91,78.589,3.211,3401763.504,11.698
4192,80,24126.366,28923.7,117.157,1712.501,0,5.809,11136289.135,7.093
4193,80,24147.255,29224.083,96.291,571.053,52.643,6.2,12684545.366,12.352
4194,80,26618.527,13291.083,172.547,4859.488,0,7.136,16805996.019,6.312
4195,80,26726.679,12945.058,232.607,10244.646,0,8.839,25783933.987,6.192
4196,80,26868.187,13788.019,153.872,4296.215,0,10.922,39369729.331,7.172
4197,80,27348.685,14582.335,137.626,1436.811,114.247,4.409,6414652.828,8.971
4198,80,27940.614,15336.039,323.492,13587.363,0,3.222,3425872.684,5.948
4199,80,28340.202,15849.54,160.279,4970.045,0,7.256,17375678.529,5.659
4200,80,28827.705,16064.727,63.163,159.392,72.588,4.33,6187941.338,14.734
4201,80,28843.968,15686.622,222.854,5809.789,0,4.584,6936179.051,6.798
4202,80,32626.994,26123.714,53.571,68.441,56.575,1.334,586838.227,14.59
4203,80,32879.181,27214.586,164.826,4077.804,0.514,5.726,10820544.519,6.193
4204,80,33340.634,27690.14,96.5,866.406,34.349,2.645,2308995.494,7.112
4205,80,33462.643,26849.545,94.34,249.989,68.407,4.19,5793984.076,18.321
4206,80,34045.461,27538.146,72.681,198.081,70.743,6.923,15819135.369,20.502
4207,80,34718.52,28586.924,89.283,343.798,58.549,2.429,1947244.013,11.051
4208,80,35076.272,28949.039,194.295,4102.779,0,5.617,10412240.644,7.618
4209,80,35147.308,30038.818,176.11,4360.459,0,7.355,17853805.791,7.099
4210,80,35362.951,29358.459,5.506,51.138,87.576,4.725,7368851.755,5.845
4211,80,35512.459,27654.168,142.59,1882.202,0,3.256,3498960.145,7.303
4212,80,35462.035,30423.115,140.203,2555.24,0,6.443,13699583.76,7.134
4213,80,35788.258,27958.579,143.197,1996.951,0,6.283,13027114.202,8.664
4214,80,35800.405,28585.936,125.523,1186.95,0,3.297,3586715.541,8.315
4215,80,35848.636,25522.687,8.123,46.606,54.364,3.785,4728344.926,6.207
4216,80,36001.757,24406.135,4.047,35.385,65.132,3.085,3141771.021,6.395
4217,81,10076.106,38953.002,7.858,86.976,158.862,6.069,12156579.586,4.732
4218,81,10256.548,38415.578,70.535,239.203,153.953,10.63,37293438.763,23.118
4219,81,10480.388,33121.434,2.958,93.359,87.636,10.27,34809443.564,5.084
4220,81,10433.122,37720.461,175.909,4695.242,0,3.825,4827411.033,5.602
4221,81,10576.955,33488.982,131.061,1453.906,79.183,6.894,15686237.727,10.097
4222,81,10523.581,39069.453,92.457,692.903,87.105,6.322,13190052.517,10.129
4223,81,10647.095,36984.433,233.365,8666.825,0,8.801,25562366.859,7.023
4224,81,10725.08,34485.564,10.965,64.093,156.76,6.578,14279222.048,6.691
4225,81,10793.838,33045.572,7.638,29.39,105.799,10.465,36140483.982,15.335
4226,81,10800.538,35602.554,6.794,81.299,163.941,14.618,70521448.172,7.825
4227,81,10867.036,38278.259,139.415,2510.928,43.045,4.573,6902677.205,6.423
4228,81,10973.768,33575.659,76.853,288.849,113.022,2.273,1705287.641,10.187
4229,81,10962.842,37993.956,9.94,62.552,141.376,7.603,19077184.36,7.063
4230,81,11047.666,37264.607,232.284,9863.897,0,8.202,22198945.496,6.145
4231,81,11099.596,34107.571,55.111,116.943,166.584,8.427,23434729.605,24.346
4232,81,11126.299,36835.983,188.141,5971.511,0,7.113,16698874.996,6.154
4233,81,11193.885,34608.513,110.731,1395.683,116.933,8.395,23259053.968,9.001
4234,81,11293.562,34992.048,133.914,2404.523,124.92,8.407,23322304.13,7.885
4235,81,11321.022,35860.802,231.869,12088.235,0,7.644,19280432.976,5.184
4236,81,21484.825,30413.266,146.526,2297.976,0,4.345,6229872.966,7.127
4237,81,21840.254,29898.728,197.376,4235.684,0,4.961,8122168.234,7.299
4238,81,21790.74,30536.128,205.096,4985.748,0,5.496,9967263.603,7.124
4239,81,21994.133,30510.471,32.082,44.758,107.235,5.354,9461695.107,18.493
4240,81,22722.212,30085.739,7.667,96.679,98.819,4.349,6241309.447,4.045
4241,81,22922.662,29288.211,160.263,2677.291,0,6.688,14763203.893,8.464
4242,81,23243.185,29891.044,119.272,866.652,50.195,8.256,22495856.929,14.783
4243,81,23567.864,29060.22,52.327,50.654,77.493,3.444,3914124.307,24.315
4244,81,24064.714,28953.757,225.262,4073.605,0,4.204,5832440.725,8.447
4245,81,24087.598,29317.294,145.271,2095.398,0,4.413,6427538.753,7.51
4246,81,26623.236,13285.208,187.945,5497.428,0,10.904,39234586.206,8.063
4247,81,26665.503,12984.226,78.034,442.39,144.972,4.492,6658662.74,9.531
4248,81,26862.6,13877.721,151.978,3336.255,20.508,7.43,18216037.721,7.012
4249,81,27278.937,14515.478,178.207,5576.921,0,13.504,60181578.866,8.385
4250,81,27609.817,14879.824,103.114,355.606,112.184,4.282,6051523.272,16.115
4251,81,27935.699,15356.71,259.767,8606.235,0,3.998,5275379.902,6.238
4252,81,28247.308,14897.16,42.326,103.061,131.371,4.667,7187307.098,12.488
4253,81,28311.948,15883.839,42.38,80.084,137.057,6.589,14325956.205,18.9
4254,81,28903.706,16172.693,112.318,1788.87,0,10.022,33150037.178,8.379
4255,81,30907.937,34824.011,68.595,133.483,16.299,2.996,2961388.407,15.817
4256,81,32502.358,26733.906,189.012,3128.232,0,9.194,27897621.206,11.576
4257,81,32556.172,26086.944,6.7,25.215,48.791,2.467,2008216.966,7.897
4258,81,32877.672,27219.855,167.487,5018.459,0,12.868,54647338.933,8.006
4259,81,33359.106,27689.55,149.739,2490.968,0,4.417,6437573.772,6.989
4260,81,33473.232,26782.243,58.528,194.808,63.744,6.695,14792895.532,14.508
4261,81,34241.717,27792.957,224.425,4288.275,0,4.746,7434279.83,8.452
4262,81,34680.95,28530.786,58.707,137.755,71.123,5.626,10447268.928,17.324
4263,81,35058.681,28956.228,254.656,6556.061,0,3.312,3619973.155,6.912
4264,81,35161.468,30099.928,150.508,3052.549,0,6.341,13269381.563,6.904
4265,81,35362.671,29377.232,48.475,117.735,86.642,4.036,5376653.199,12.547
4266,81,35483.99,30397.694,151.097,2765.324,0,6.387,13464466.391,7.457
4267,81,35689.416,28018.012,176.72,2966.047,0,5.298,9262287.731,8.187
4268,81,35844.646,25491.052,215.655,2822.578,0,4.002,5286587.099,10.011
4269,82,10064.832,38945.567,212.05,7959.692,0,11.276,41960251.956,7.409
4270,82,10280.541,38322.024,6.011,51.509,168.519,1.904,1196695.838,5.007
4271,82,10284.822,39370.492,136.132,3145.392,0,5.301,9273263.618,5.622
4272,82,10412.506,37724.431,207.668,5977.267,0,10.587,36992330.594,8.681
4273,82,10526.473,33405.288,94.423,512.567,84.254,7.209,17151991.976,14.338
4274,82,10719.258,34479.6,1.731,103.891,143.128,4.72,7352667.997,3.55
4275,82,10709.249,34933.831,186.007,6876.081,0,6.989,16121526.05,5.475
4276,82,10638.387,38884.792,5.248,58.285,117.695,16.009,84582380.306,10.85
4277,82,10749.173,33028.685,189.184,4382,0,6.531,14075337.717,7.44
4278,82,10820.199,35459.678,92.594,801.576,145.229,9.035,26937589.011,11.131
4279,82,10798.367,36801.022,6.15,35.526,172.434,6.598,14365710.58,8.998
4280,82,10870.393,38348.179,148.546,3810.473,0,6.963,16002055.619,6.033
4281,82,10985.235,37877.659,91.447,442.188,103.971,6.432,13650814.532,14.305
4282,82,11041.412,37289.727,45.977,109.424,140.075,3.632,4352236.993,11.852
4283,82,11108.31,34116.713,213.219,8663.905,0,5.467,9863253.243,5.237
4284,82,11234.965,34611.24,147.04,4703.435,0,9.548,30087718.079,5.838
4285,82,11174.365,36821.893,211.695,6422.31,0,2.713,2428984.829,5.531
4286,82,11289.38,34997.637,95.674,941.844,150.712,6.984,16098564.931,8.884
4287,82,11279.894,35760.985,2.947,49.441,197.102,8.473,23693423.64,7.512
4288,82,21516.916,30433.08,59.054,119.307,78.179,4.06,5439759.023,16.174
4289,82,21842.847,29932.222,187.024,4426.648,0,4.412,6422669.176,6.42
4290,82,21839.87,30638.217,1.251,67.38,121.756,8.336,22934359.986,5.743
4291,82,22510.122,29461.119,53.544,97.817,66.124,6.216,12749367.632,21.551
4292,82,22751.3,30152.686,82.885,341.18,78.473,6.047,12066018.14,14.593
4293,82,23001.161,29267.237,78.743,250.829,61.798,6.393,13488029.177,18.001
4294,82,23199.526,29872.401,1.389,52.91,79.706,8.05,21386423.986,6.797
4295,82,24053.826,28945.179,72.703,157.999,60.714,3.829,4837352.705,16.966
4296,82,24064.707,29288.127,173.108,2694.873,0,6.856,15512332.284,9.55
4297,82,26629.527,13292.122,188.759,5542.153,0,6.815,15328206.545,6.404
4298,82,26763.641,12906.378,49.662,155.124,164.16,11.144,40985455.327,20.047
4299,82,26905.055,13843.007,137.569,1848.293,60.391,5.14,8717686.789,7.981
4300,82,27124.448,13094.964,176.739,5146.777,0,7.337,17766060.991,6.337
4301,82,27239.83,14311.648,275.372,10412.287,0,5.168,8815456.045,6.334
4302,82,27338.081,13490.621,96.853,517.677,71.4,4.924,8002526.234,11.899
4303,82,27441.757,14713.136,252.645,9640.243,0,6.512,13996427.51,6.407
4304,82,27524.776,13759.238,6.378,29.987,104.463,2.686,2381231.31,7.184
4305,82,27914.837,14382.62,78.454,559.067,69.485,4.037,5379044.211,7.935
4306,82,28210.541,14956.495,236.132,7487.494,0,5.385,9570274.881,6.509
4307,82,28320.052,15838.935,4.57,73.742,147.864,10.225,34501972.589,6.282
4308,82,28790.627,15587.514,199.097,4710.172,0,3.196,3370284.08,6.266
4309,82,28893.463,16121.096,129.887,2206.068,0,6.275,12992567.888,7.045
4310,82,30920.879,34820.702,92.83,428.287,0,1.63,877265.09,9.55
4311,82,32435.028,26671.521,101.764,406.229,45.499,3.657,4414517.735,13.302
4312,82,32677.633,26151.325,81.278,394.323,42.988,3.349,3700659.355,9.831
4313,82,32676.627,27035.377,70.967,267.711,86.771,8.783,25459620.691,18.11
4314,82,32887.791,27265.744,198.618,6598.244,0,7.641,19266862.49,6.364
4315,82,33334.42,27690.324,104.303,1026.533,33.485,3.893,5001497.236,7.567
4316,82,33430.827,26888.382,12.065,27.305,69.9,6.146,12465598.002,13.077
4317,82,33951.811,27422.041,138.397,1563.574,0,5.081,8518890.983,8.987
4318,82,34199.002,27751.064,138.854,1670.388,0,5.401,9627827.155,8.834
4319,82,34720.091,28558.257,2.62,68.949,69.483,4.575,6908698.963,4.559
4320,82,35146.991,30043.341,157.398,4157.277,0,7.398,18064092.832,6.29
4321,82,35570.777,27489.26,176.08,2819.762,0,2.637,2294801.873,7.112
4322,82,35533.101,30486.045,37.698,105.887,73.232,4.132,5634303.611,10.12
4323,82,35674.378,28070.036,250.619,6194.457,0,5.235,9045758.458,7.915
4324,82,35843.338,25356.589,6.404,45.561,45.635,4.399,6386159.132,6.294
4325,82,36108.996,24505.267,121.639,1880.524,0,7.136,16806462.316,7.6
4326,82,36565.123,27710.91,76.684,196.111,48.553,3.797,4758216.023,15.489
4327,82,36582.117,28539.397,180.718,2087.193,0,4.742,7421297.114,10.326
4328,82,37119.43,26318.594,5.913,60.781,43.066,5.576,10259454.946,5.562
4329,83,10297.866,38356.157,280.979,14227.248,0,8.988,26661358.994,6.46
4330,83,10261.788,39356.554,200.884,6565.099,0,6.883,15633120.667,6.227
4331,83,10420.738,39125.427,156.829,4591.954,0,5.372,9522644.657,5.301
4332,83,10539.404,33419.496,172.423,3994.075,0,7.584,18982611.226,7.442
4333,83,10651.494,33878.881,203.308,5682.046,0,7.071,16500960.92,7.079
4334,83,10718.737,34558.827,6.912,107.937,138.095,6.662,14647242.178,4.12
4335,83,10714.93,34916.451,177.791,6157.665,0,7.033,16325517.871,5.563
4336,83,10681.422,36834.142,83.729,556.258,127.187,6.861,15532750.382,10.829
4337,83,10769.937,33025.273,161.965,3294.646,0,5.861,11336372.446,7.029
4338,83,10803.884,35440.311,51.098,197.615,146.361,6.225,12788339.07,11.316
4339,83,10788.166,36375.999,68.364,316.354,151.175,6.748,15027063.576,12.394
4340,83,10939.378,33547.705,109.031,446.925,91.5,2.045,1380318.418,11.501
4341,83,11130.561,34119.816,168.991,5494.911,0,5.994,11856656.245,5.344
4342,83,11097.522,37226.477,151.365,3067.682,66.415,1.652,901063.887,5.576
4343,83,11185.712,36784.047,56.033,231.818,109.318,4.876,7845350.684,10.076
4344,83,11277.42,34985.848,213.554,11305.643,0,11.342,42453498.543,5.724
4345,83,11317.981,35761.485,2.691,45.438,190.21,7.456,18345642.112,7.425
4346,83,11432.188,9551.617,68.474,79.134,30.433,3.339,3680230.29,24.684
4347,83,21515.815,30316.733,5.509,44.124,84.508,7.108,16675811.242,7.792
4348,83,21823.281,29938.445,202.191,5732.068,0,5.662,10578528.01,6.436
4349,83,22408.716,30264.633,191.516,3826.211,0,6.106,12302448.206,8.102
4350,83,22973.828,29979.518,216.895,4546.183,0,6.309,13135173.402,8.669
4351,83,23154.518,29281.918,285.181,8279.739,0,7.617,19146758.147,9.129
4352,83,24146.035,29243.294,64.574,227.108,53.818,5.929,11602861.615,13.743
4353,83,26660.746,13289.158,245.331,7872.071,0,9.098,27318951.591,8.298
4354,83,26863.296,13821.064,68.341,262.11,111.954,5.051,8419382.068,12.221
4355,83,27149.814,13153.531,54.992,164.349,110.273,1.717,973226.59,9.442
4356,83,27597.355,13837.402,9.525,62.081,97.191,8.907,26182656.988,7.668
4357,83,27829.656,15171.318,183.615,4696.91,0,2.211,1613714.208,5.532
4358,83,28247.222,14989.371,236.145,8012.838,0,6.444,13701831.716,6.607
4359,83,28367.902,15864.894,111.35,1338.174,79.013,10.165,34097946.487,10.565
4360,83,28562.026,15250.698,211.209,5356.402,0,9.443,29426083.617,9.085
4361,83,28904.836,16111.042,146.587,2534.93,0,8.857,25887069.628,8.935
4362,83,32622.912,26184.405,113.838,515.575,47.036,1.974,1285492.56,11.04
4363,83,32640.85,27039.485,8.368,85.613,88.843,6.717,14889627.162,5.036
4364,83,32880.718,27280.491,4.881,74.992,119.238,9.575,30256482.806,6.002
4365,83,33325.148,27668.393,167.833,3123.582,0,6.549,14153980.418,8.009
4366,83,33937.602,27426.003,123.031,1379.457,0,4.345,6229319.351,7.932
4367,83,34180.928,27794.839,170.561,2492.858,0,7.064,16469750.647,10.069
4368,83,35150.172,29022.248,174.414,3279.637,0,6.551,14162691.15,8.169
4369,83,35142.679,30061.155,54.243,204.239,115.96,9.739,31298131.906,16.163
4370,83,35494.336,30412.177,167.321,2756.774,0,7.374,17943146.928,9.263
4371,83,35684.044,27435.911,9.783,42.1,76.937,7.964,20930930.799,9.903
4372,83,35804.676,25353.041,198.059,2296.026,0,3.631,4351757.295,9.94
4373,83,36138.969,24473.006,250.923,5550.391,0,5.109,8614247.135,8.469
4374,83,36640.091,27920.43,6.18,35.609,64.558,5.796,11086548.643,8.371
4375,83,36611.434,28481.061,45.088,45.016,51.846,2.535,2120175.062,18.675
4376,83,37242.588,26278.864,125.012,1042.533,0,3.027,3024829.715,8.789
4377,84,10243.234,38363.266,174.981,6314.307,0,7.051,16407642.515,5.362
4378,84,10284.706,39322.257,242.262,10110.653,0,12.048,47901518.542,7.872
4379,84,10590.338,33468.258,212.546,6210.971,0,4.268,6010308.075,6.05
4380,84,10544.412,37293.291,187.407,4559.688,0,6.97,16030279.69,7.336
4381,84,10558.423,38887.088,314.925,15894.432,0,6.722,14909741.363,6.216
4382,84,10740.019,34553.517,44.878,105.545,134.367,3.578,4224793.129,11.739
4383,84,10713.568,34954.862,215.26,8754.399,0,7.057,16433123.81,5.673
4384,84,10776.462,33047.841,179.526,4065.459,0,3.157,3288252.965,6.051
4385,84,10801.335,35436.217,6.818,89.06,152.223,7.517,18649358.081,4.904
4386,84,10775.521,36378.265,202.084,7766.536,0,9.305,28573770.149,6.331
4387,84,10760.881,36626.369,55.341,197.834,170.391,3.745,4627399.631,10.009
4388,84,10826.039,38331.524,190.736,5615.006,0,7.386,18003095.363,6.646
4389,84,10959.317,37916.832,7.532,91.478,111.31,3.64,4373226.604,4.042
4390,84,11043.66,34003.673,4.859,48.54,150.68,5.987,11828312.434,6.553
4391,84,11062.914,37290.597,252.501,11625.895,0,7.237,17285455.868,5.855
4392,84,11167.162,36914.137,193.508,5877.645,0,10.313,35097664.831,7.744
4393,84,11280.701,34958.252,1.773,59.183,192.64,12.063,48022562.749,8.077
4394,84,11421.795,9588.073,116.272,864.726,1.542,3.074,3118670.023,9.067
4395,84,21570.399,30527.873,58.972,171.072,81.451,4.131,5632132.842,12.46
4396,84,21830.666,29892.709,160.747,3309.793,0,7.133,16792662.229,7.502
4397,84,21961.556,30557.246,82.095,524.915,73.095,6.236,12834339.519,10.451
4398,84,22444.373,30250.867,76.383,250.44,58.294,5.694,10699833.211,15.936
4399,84,22881.275,29282.015,4.554,66.332,87.229,7.042,16366539.834,5.587
4400,84,22825.689,30033.524,228.537,4708.119,0,7.25,17348343.373,9.78
4401,84,24157.033,29204.136,7.095,30.992,90.664,4.872,7834584.846,8.737
4402,84,26731.725,12920.828,30.268,44.315,155.107,7.282,17499873.794,21.658
4403,84,26643.708,13444.574,9.22,97.983,119.931,2.578,2193623.673,3.919
4404,84,26857.591,13843.799,156.729,4189.435,0,8.156,21952778.651,6.478
4405,84,27191.055,13244.823,133.72,1365.637,83.479,4.92,7989870.764,9.304
4406,84,27319.22,14608.895,64.613,189.872,122.525,6.895,15689897.23,17.579
4407,84,27516.264,14902.229,63.853,204.552,95.48,4.631,7076325.685,12.826
4408,84,27619.975,14048.518,244.211,6966.102,0,3.347,3698018.618,6.365
4409,84,28081.991,15600.063,3.77,61.247,121.079,6.906,15741041.596,5.786
4410,84,28352.099,15863.819,178.131,6213.015,0,5.038,8377128.104,5.067
4411,84,28977.013,15744.357,233.096,6401.554,0,8.343,22972474.916,8.583
4412,84,32359.67,26640.285,4.016,21.14,53.161,6.098,12270451.12,12.425
4413,84,32588.371,26128.806,167.589,2279.502,0,5.304,9285478.95,9.146
4414,84,32941.331,27295.066,138.89,2622.741,0,8.575,24264190.524,7.874
4415,84,33362.655,27717.839,98.642,562.398,57.021,8.919,26250790.192,16.519
4416,84,33490.703,26863.573,182.73,2772.984,5.35,5.166,8807282.797,8.892
4417,84,34169.434,27814.688,146.017,1943.236,0,3.272,3532132.119,7.375
4418,84,34430.381,29099.178,149.057,1564.448,20.306,4.337,6206026.201,9.362
4419,84,35132.756,30041.068,149.194,4128.308,0,12.928,55153952.623,7.816
4420,84,35473.511,30403.094,166.021,2714.215,0,3.619,4322859.387,7.171
4421,84,35600.21,27601.495,159.875,1975.409,23.557,3.171,3317498.56,8.08
4422,84,35784.246,26360.132,220.552,2753.722,0,2.692,2391925.508,9.393
4423,84,35824.359,24989.123,161.486,1854.641,0,4.357,6264808.999,9.301
4424,84,35806.922,25484.182,141.084,1335.223,0,5.064,8462009.735,10.308
4425,84,35818.427,28139.531,201.446,3701.067,0,3.489,4017962.925,7.438
4426,84,36153.837,24475.856,167.009,2410.517,0,4.881,7862116.214,8.481
4427,85,10034.698,38918.011,75.458,560.139,114.241,3.503,4049949.343,7.31
4428,85,10320.11,38160.296,0.858,82.554,163.9,7.999,21116327.27,4.83
4429,85,10253.847,39327.599,34.833,75.997,148.9,7.034,16328155.962,15.839
4430,85,10414.962,39211.306,105.274,1008.453,99.412,6.391,13481023.977,9.276
4431,85,10746.129,34513.328,84.072,312.889,123.388,5.529,10088778.462,15.144
4432,85,10719.187,34926.572,216.713,9380.98,0,5.827,11204592.839,5.166
4433,85,10750.913,35632.838,115.011,1270.191,70.122,3.643,4379389.397,7.346
4434,85,10746.229,36770.926,171.545,4488.524,56.53,3.936,5112701.842,5.613
4435,85,10792.016,35385.036,24.211,46.266,155.088,9.601,30422980.351,19.894
4436,85,10824.412,33022.143,82.223,562.584,61.593,8.158,21962339.893,11.576
4437,85,10858.02,38365.378,150.431,3674.185,0,3.659,4417248.142,5.362
4438,85,10940.461,33402.432,206.411,5985.689,0,6.795,15235836.28,6.857
4439,85,11103.267,37299.2,213.818,8515.547,0,8.706,25010603.92,6.228
4440,85,11116.142,34041.398,180.877,5682.573,0,7.884,20510479.68,6.286
4441,85,11275.624,34938.629,204.16,9464.492,0,9.945,32642436.673,5.733
4442,85,11295.503,35759.693,57.823,173.889,152.19,9.075,27179402.127,19.53
4443,85,11313.353,36121.535,167.971,4962.186,0,8.267,22555070.19,6.366
4444,85,21588.861,30568.946,117.964,1850.543,0,5.11,8619760.914,6.523
4445,85,21853.078,29889.571,31.623,53.945,84.457,5.122,8658329.76,15.175
4446,85,21948.016,30529.842,184.983,4054.585,0,4.781,7544513.386,6.833
4447,85,22713.373,29383.68,21.023,33.088,76.585,6.913,15771592.098,17.932
4448,85,22799.86,30080.461,2.343,75.154,90.767,5.592,10318837.718,4.548
4449,85,23357.87,29769.678,7.718,34.5,76.417,2.232,1643876.059,6.612
4450,85,23478.136,29011.495,128.828,1843.66,0,8.131,21820833.521,8.959
4451,85,23837.777,29449.116,5.417,63.119,84.732,7.985,21041466.512,6.282
4452,85,24079.054,29230.527,121.206,566.689,62,3.711,4545247.14,13.453
4453,85,26690.491,12904.179,139.824,3840.002,0,9.25,28239653.115,6.207
4454,85,26851.263,13853.333,97.283,746.851,65.839,2.147,1521583.984,7.602
4455,85,27279.036,14475.438,4.948,52.43,134.283,9.496,29756614.491,7.986
4456,85,28291.436,15797.339,199.645,8354.824,0,7.424,18189615.953,5.387
4457,85,28824.167,16157.252,145.521,2549.233,0,6.707,14845089.956,7.651
4458,85,28943.686,15786.722,244.856,7118.472,0,4.364,6283656.84,6.646
4459,85,32569.935,26130.944,44.772,90.685,58.765,2.841,2664126.459,11.974
4460,85,32708.789,27060.485,205.167,4601.593,0,8.916,26233571.807,9.466
4461,85,33002.259,27290.996,216.306,5917.16,0,8.144,21889411.388,8.034
4462,85,33335.833,27695.464,128.661,1607.224,0,6.644,14567779.253,8.94
4463,85,33537.833,26851.572,136.935,1662.36,0,3.133,3238577.976,7.445
4464,85,34185.483,27811.664,137.245,1736.91,0,6.031,12003160.36,8.859
4465,85,34433.973,29140.775,43.917,70.499,57.634,1.95,1254825.421,12.47
4466,85,35146.943,28905.85,220.247,5298.988,0,4.16,5711436.055,6.924
4467,85,35141.652,30120.972,160.034,3773.36,0,8.959,26490400.318,7.553
4468,85,35416.034,29382.98,30.548,36.816,83.352,4.257,5979845.151,17.706
4469,85,35439.128,30400.676,7.663,64.714,74.07,5.661,10577275.015,5.607
4470,85,35595.841,27489.457,189.989,3129.368,0,3.35,3703426.499,7.609
4471,85,35782.047,28122.3,228.986,4658.5,0,4.573,6901557.621,8.113
4472,85,35849.208,24945.846,80.225,258.624,43.402,1.975,1287618.927,11.126
4473,85,35932.704,30123.643,137.124,1434.7,0,5.104,8598135.192,9.443
4474,85,36135.517,24469.656,139.333,1706.546,0,7.222,17213883.675,10.039
4475,85,36214.667,27439.856,171.368,2434.364,0,5.449,9796914.495,9.108
4476,86,9990.867,38978.754,126.565,2563.444,33.303,6.389,13470648.068,6.185
4477,86,10270.625,39423.83,102.002,1118.793,72.191,8.318,22832592.391,9.4
4478,86,10436.999,37789.58,73.755,216.705,107.97,2.096,1449515.571,11.361
4479,86,10405.014,39102.881,235.43,9560.18,0,17.283,98575560.207,10.15
4480,86,10548.224,33473.524,159.805,4403.519,0,5.041,8385849.837,5.484
4481,86,10644.14,36860.164,129.324,1870.191,83.867,6.713,14872478.036,8.097
4482,86,10561.839,38797.929,5.454,62.725,138.469,5.84,11254300.292,5.48
4483,86,10666.834,34953.434,34.122,103.913,171.34,11.452,43282906.534,16.916
4484,86,10829.168,35545.673,205.085,8553.632,0,7.365,17901381.721,5.482
4485,86,10800.46,36243.064,2.837,57.626,132.568,9.374,28999766.737,7.053
4486,86,10879.655,33519.185,1.754,65.683,125.616,6.655,14613876.641,5.281
4487,86,10855.851,38361.344,173.854,4373.846,0,8.332,22910367.549,7.367
4488,86,10960.282,37919.867,2.686,89.748,116.517,5.467,9862088.524,4.046
4489,86,11088.965,37315.828,93.371,790.564,124.544,4.844,7743219.9,8.331
4490,86,11156.358,34288.476,180.05,5608.647,0,4.078,5488905.446,5.244
4491,86,11251.84,35031.509,307.096,20860.237,0,13.086,56511088.616,6.755
4492,86,11314.802,35710.736,219.933,8949.271,0,11.998,47507557.289,7.419
4493,86,11304.305,36025.57,55.109,169.321,137.271,1.877,1162753.096,9.406
4494,86,11438.617,9597.778,2.636,54.9,39.178,4.359,6271676.731,5.197
4495,86,21504.028,30294.645,50.781,132.811,84.343,6.37,13392321.8,15.641
4496,86,21921.113,29840.689,11.442,82.258,89.499,9.357,28891740.887,6.777
4497,86,22474.668,29514.816,8.394,35.797,85.816,5.009,8281515.179,8.277
4498,86,22720.871,30161.367,8.509,69.587,89.489,7.337,17767503.97,6.098
4499,86,23352.297,29767.508,193.439,3236.088,0,7.64,19265157.024,10.422
4500,86,23680.887,28953.538,9.86,45.139,85.229,3.196,3371344.304,6.394
4501,86,23858.426,29479.204,76.066,197.574,68.013,3.617,4318311.48,14.891
4502,86,26621.48,13231.985,172.061,4278.49,0,8.159,21969566.837,7.3
4503,86,26692.958,12915.418,208.654,8160.313,0,3.837,4858584.869,4.956
4504,86,26842.051,13795.061,192.189,4762.374,0,2.753,2501178.4,5.875
4505,86,27196.305,14410.486,152.787,4146.549,0,6.446,13713012.432,5.762
4506,86,27217.564,13251.363,164.163,4511.936,0,8.804,25579039.71,6.797
4507,86,27355.726,14614.74,79.89,276.578,125.961,7.923,20714582.204,19.782
4508,86,27585.1,14959.405,210.911,5526.559,0,2.798,2584140.485,6.004
4509,86,27862.37,14307.027,43.791,98.69,89.766,4.617,7035316.47,13.397
4510,86,28266.436,14912.446,175.322,4319.582,0,7.257,17378496.055,7.06
4511,86,28347.748,15846.662,205.122,7970.934,0,10.409,35754228.738,6.719
4512,86,28800.255,16074.383,4.849,43.965,102.597,8.71,25036910.551,8.711
4513,86,28960.679,15835.328,4.396,84.692,106.271,2.737,2471785.709,3.826
4514,86,32559.316,26120.067,2.763,31.238,64.23,4.051,5414814.196,7.368
4515,86,32786.581,27146.969,178.701,4206.225,0,8.407,23326085.51,7.94
4516,86,33820.715,28271.215,175.751,2165.931,0,3.43,3882739.096,8.724
4517,86,34136.084,27853.635,282.161,5995.698,0,2.041,1374166.128,7.646
4518,86,34454.368,29161.549,133.649,1692.972,0,4.094,5531092.686,7.591
4519,86,35119.286,28962.269,9.139,52.949,86.066,7.878,20481308.926,7.98
4520,86,35121.38,30068.912,66.72,296.766,85.311,5.028,8342079.474,10.762
4521,86,35426.99,30420.321,144.183,1725.173,0,5.377,9542074.145,9.081
4522,86,35443.203,29374.925,8.259,40.441,87.863,5.058,8442854.653,7.58
4523,86,35811.134,26231.526,45.18,86.713,46.403,5.739,10871043.856,17.595
4524,86,35799.409,28180.52,87.695,522.432,34.663,8.104,21672061.768,13.558
4525,86,35859.784,24971.824,37.124,45.672,57.391,5.502,9990878.666,22.376
4526,86,35963.555,30201.454,157.049,2241.646,0,4.557,6852943.033,8.02
4527,86,36198.071,24540.478,39.087,59.661,63.866,5.542,10135671.892,19.222
4528,86,36549.201,27830.142,34.155,38.806,65.191,4.279,6041264.709,19.456
4529,87,10000.315,38960.619,3.18,189.721,130.822,3.267,3521398.968,2.473
4530,87,10319.574,38239.799,1.68,72.358,158.144,8.101,21658791.528,5.379
4531,87,10264.637,39418.829,163.701,4601.01,0,6.224,12784878.247,5.82
4532,87,10425.022,39199.933,174.421,5303.643,0,9.035,26939058.897,6.672
4533,87,10590.634,33040.42,68.833,236.85,91.398,8.563,24200265.356,18.823
4534,87,10719.735,34480.09,0.913,64.322,150.308,4.498,6676075.1,4.682
4535,87,10719.529,36798.776,6.402,72.463,167.635,10.416,35804323.34,6.741
4536,87,10819.552,35421.402,287.854,14857.415,0,5.075,8500146.872,5.334
4537,87,10793.815,36389.712,9.37,38.493,163.764,9.987,32917830.36,12.361
4538,87,10810.086,38435.907,176.917,4304.717,0,8.419,23388809.309,7.691
4539,87,10943.251,33691.136,306.11,13100.347,0,4.137,5649457.533,5.939
4540,87,11115.777,37289.837,5.482,62.182,174.564,9.17,27752327.161,6.885
4541,87,11021.205,37765.602,214.223,5784.789,0,7.694,19534328.529,7.829
4542,87,11123.957,34050.819,146.117,4475.315,0,8.673,24825256.638,5.748
4543,87,11139.992,36985.863,200.33,7408.911,0,2.156,1534424.964,4.758
4544,87,11199.394,34639.324,4.144,92.845,170.657,7.906,20626065.805,4.58
4545,87,11311.564,35036.63,88.547,584.897,167.555,13.359,58893847.35,18.246
4546,87,11356.691,35838.452,5.737,40.033,167.142,5.986,11824679.652,7.704
4547,87,11370.88,9554.65,86.915,196.209,37.652,4.438,6500720.798,20.289
4548,87,21519.484,30320.391,0.64,50.709,76.144,8.935,26347033.39,7.454
4549,87,21624.557,30566.581,198.513,4038.677,0,4.08,5493210.922,7.177
4550,87,21841.429,29843.393,7.168,53.756,94.831,6.798,15248719.744,6.836
4551,87,21999.602,30483.554,4.235,71.833,103.511,3.365,3737417.831,4.284
4552,87,22566.958,29471.048,41.938,64.286,83.842,5.675,10629424.698,20.215
4553,87,22759.717,30117.939,74.614,154.304,88.575,6.088,12233001.286,24.177
4554,87,22960.729,29278.168,9.058,77.845,78.308,7.032,16318318.034,5.608
4555,87,23344.884,29807.748,48.78,112.928,76.834,7.093,16603702.746,18.204
4556,87,23574.178,28959.544,139.663,1452.355,27.334,4.751,7448443.663,9.332
4557,87,23766.208,28963.07,6.669,22.539,82.794,4.353,6253321.499,10.354
4558,87,23733.124,29413.583,300.808,8916.404,0,5.752,10919797.997,8.198
4559,87,24140.747,29111.107,75.365,247.553,59.95,5.728,10828930.492,15.82
4560,87,26626.61,13472.033,114.281,1765.888,0,6.125,12379713.321,6.851
4561,87,26670.325,12865.25,155.896,4434.631,0,10.437,35947488.822,6.96
4562,87,26796.33,13796.265,59.018,305.722,88.422,6.883,15632632.877,10.412
4563,87,27199.612,13246.979,183.997,5182.029,0,8.891,26086332.839,7.29
4564,87,27229.211,14462.679,195.103,6478.917,0,10.836,38746672.342,7.475
4565,87,27448.134,13597.125,43.959,91.179,84.267,3.405,3826440.246,12.437
4566,87,27873.324,14367.385,152.949,3138.115,0,6.907,15744495.239,7.164
4567,87,28051.666,14627.869,221.393,5885.924,0,2.026,1354637.58,5.946
4568,87,28174.22,14946.584,61.831,148.186,113.447,1.872,1157018.694,11.462
4569,87,28349.455,15804.349,262.864,11317.392,0,12.068,48064275.713,8.207
4570,87,28903.624,16071.449,214.139,5164.665,0,4.859,7792649.813,7.082
4571,87,29015.438,15730.278,183.187,3855.674,0,6.049,12076627.965,7.546
4572,87,32501.85,26130.832,201.511,3603.389,0,6.868,15568029.374,9.633
4573,87,32833.04,27192.559,161.916,3810.68,0,6.412,13567560.382,6.573
4574,87,33318.367,27700.392,148.282,2250.68,0,4.881,7860893.057,7.588
4575,87,33927.536,27453.461,164.341,2494.255,0,2.324,1782973.04,6.951
4576,87,34120.737,27836.174,64.254,125.49,63.762,3.469,3971708.175,16.167
4577,87,34472.535,29198.201,3.649,24.702,72.742,3.381,3773407.327,8.204
4578,87,34641.836,28578.682,229.677,4781.39,0,3.968,5195157.622,7.687
4579,87,35112.633,28971.058,53.127,104.291,82.745,2.926,2824768.888,13.457
4580,87,35119.713,30079.528,1.566,106.043,99.452,7.529,18705732.997,3.967
4581,87,35414.107,29390.914,62.697,164.492,91.153,4.047,5405364.482,13.781
4582,87,35518.859,27630.666,68.223,155.405,57.738,5.718,10790416.725,19.914
4583,87,35656.244,27044.804,49.669,57.528,53.189,3.671,4447276.914,21.214
4584,87,35755.65,28209.314,37.932,46.852,66.554,3.18,3338020.827,16.295
4585,87,35832.621,26167.117,8.64,34.083,56.668,2.439,1963448.934,6.922
4586,87,35743.955,29786.333,41.232,81.454,58.712,4.705,7304198.965,14.508
4587,87,36014.255,30292.64,72.465,260.759,33.016,2.547,2141448.825,10.369
4588,87,36154.077,24508.122,160.051,2167.897,0,4.773,7517051.525,8.54
4589,87,36398.753,25681.506,102.474,169.839,48.906,1.684,935645.375,18.498
4590,87,36555.966,27822.328,48.887,75.805,58.008,3.615,4313557.695,16.649
4591,87,37178.37,26473.632,177.462,1828.758,0,4.352,6251446.364,10.67
4592,88,10239.765,38366.386,113.478,1547.862,75.262,3.89,4994214.975,6.503
4593,88,10322.23,39366.495,6.99,50.977,146.925,6.064,12134732.401,6.698
4594,88,10387.394,37730.379,92.126,573.136,83.688,6.24,12851182.243,11.57
4595,88,10393.565,38160.451,16.034,69.861,154.829,8.119,21751457.443,8.575
4596,88,10587.146,33709.642,76.523,363.223,100.703,5.937,11633667.112,12.193
4597,88,10689.625,34504.236,166.701,4878.314,0,3.459,3948257.977,5.085
4598,88,10688.331,34945.326,226.299,9835.061,0,9.642,30682794.616,6.386
4599,88,10806.136,35368.818,252.09,10372.231,0,5.787,11051070.437,5.857
4600,88,10816.779,35562.799,230.204,8608.469,0,7.536,18742263.049,6.45
4601,88,10796.797,36463.105,327.455,19181.57,0,6.947,15926721.325,5.837
4602,88,10822.089,38421.439,165.481,3922.15,0,5.688,10676400.63,6.372
4603,88,10943.773,33345.406,137.163,1736.105,52.203,3.557,4176192.234,7.456
4604,88,11127.46,36994.195,65.305,251.716,153.367,2.58,2196962.364,9.437
4605,88,11109.608,37341.008,111.584,1170.461,122.737,9.234,28141278.464,11.12
4606,88,11320.282,34957.391,5.769,50.651,216.15,8.359,23058409.521,7.73
4607,88,11404.438,9556.758,186.227,2030.696,0,5.549,10160570.385,11.839
4608,88,21514.216,30234.628,194.729,2950.099,0,4.104,5557687.377,8.57
4609,88,21641.775,30595.748,54.003,147.552,77.972,5.645,10517741.634,14.542
4610,88,22103.933,30367.576,196.742,3673.174,0,6.505,13966686.578,8.922
4611,88,22481.077,29485.669,195.874,3514.8,0,6.76,15082378.97,9.332
4612,88,22640.965,30160.357,7.486,65.244,79.822,7.265,17418681.282,6.169
4613,88,22788.031,29346.664,161.986,2509.077,0,3.934,5107544.028,7.446
4614,88,23358.12,29126.118,6.981,48.659,103.791,6.717,14891745.19,7.286
4615,88,23383.298,29805.263,161.43,2689.174,0,4.649,7131123.121,7.423
4616,88,23817.625,29454.673,217.577,4652.496,0,3.984,5239052.543,7.318
4617,88,24105.452,29100.956,176.902,3243.974,0,4.422,6452518.658,7.287
4618,88,26721.272,13518.234,4.721,40.837,115.672,7.493,18530180.614,8.391
4619,88,26800.969,13761.36,3.553,48.308,106.001,5.52,10055018.287,6.203
4620,88,27205.474,13260.709,98.833,511.792,94.581,4.877,7848515.948,12.295
4621,88,27258.878,14450.113,48.773,111.432,125.546,8.586,24330351.552,21.285
4622,88,27532.706,14776.369,261.68,10277.17,0,6.738,14982495.442,6.515
4623,88,27761.992,14127.952,153.895,3103.054,0,7.472,18423441.01,7.543
4624,88,27985.061,14582.704,214.434,6208.274,0,11.648,44774929.213,9.429
4625,88,28392.412,15839.09,4.842,52.948,146.639,6.923,15816220.587,6.583
4626,88,28735.68,16065.857,86.096,443.663,73.932,9.13,27507106.699,16.472
4627,88,28962.17,15697.423,230.082,7548.799,0,5.984,11816985.043,6.472
4628,88,32477.113,26122.558,27.268,49.384,53.742,2.457,1992783.359,10.291
4629,88,32799.831,27182.959,44.572,181.667,119.624,11.278,41974887.166,14.862
4630,88,33533.913,26880.917,218.72,3523.226,0,6.042,12048188.604,10.377
4631,88,33758.779,28240.395,2.342,24.959,58.304,5.578,10267672.924,10.03
4632,88,34159.913,27761.574,4.961,74.533,73.174,2.992,2954585.526,4.183
4633,88,34490.578,29206.925,20.035,37.258,61.825,4.686,7248033.142,12.183
4634,88,34627.662,28479.545,43.845,115.306,81.114,4.708,7314342.832,12.058
4635,88,35144.396,30062.272,138.088,1857.934,35.568,5.089,8546336.781,7.965
4636,88,35402.657,30347.413,189.577,3378.076,0,4.702,7294757.023,7.901
4637,88,35442.043,29414.505,212.402,5495.338,0,5.23,9025442.864,6.882
4638,88,35622.09,28279.059,137.455,2188.397,0,6.523,14042439.954,7.782
4639,88,35840.924,24883.787,5.25,40.606,52.653,8.09,21596110.343,8.948
4640,88,36046.926,24470.097,87.631,362.295,24.236,3.484,4005163.614,11.577
4641,88,36179.035,27503.075,168.29,2334.431,0,6.253,12904400.289,9.74
4642,88,36530.489,27753.522,232.995,4015.389,0,5.142,8727050.523,9.602
4643,89,9996.366,38969.073,93.333,730.364,95.849,6.759,15075007.416,10.217
4644,89,10400.71,39279.994,8.817,94.06,137.422,5.821,11181635.944,4.56
4645,89,10557.991,33042.63,170.885,3430.083,0,8.758,25312821.215,8.877
4646,89,10542.378,33348.604,163.976,3393.965,13.71,3.787,4733522.509,6.236
4647,89,10558.861,38564.379,9.654,63.915,157.581,3.334,3668592.302,5.202
4648,89,10711.088,34566.798,7.592,36.853,153.427,9.87,32152042.458,11.947
4649,89,10640.44,34960.759,3.192,75.658,180.908,6.12,12358546.769,4.71
4650,89,10719.036,36797.352,6.433,91.715,171.567,6.936,15875233.536,4.607
4651,89,10751.784,32976.568,160.206,2936.195,0,9.297,28524265.932,9.402
4652,89,10798.463,35598.662,6.189,82.74,156.585,9.174,27777011.067,5.603
4653,89,10770.688,36393.341,190.659,6741.081,0,6.472,13825084.526,5.589
4654,89,10829.719,38403.138,104.01,849.032,110.285,4.039,5382800.818,8.599
4655,89,10961.705,33281.782,4.725,91.679,87.04,10.125,33833694.115,5.276
4656,89,10942.871,37912.606,252.455,8567.935,0,7.394,18040268.9,7.319
4657,89,11112.204,34126.573,68.707,350.397,130.135,3.288,3566975.194,8.623
4658,89,11109.896,37302.534,213.63,9577.04,0,11.363,42613597.442,6.509
4659,89,11294.064,34973.961,175.175,7979.198,0,8.915,26228680.712,4.98
4660,89,11332.6,35768.476,222.426,9510.55,0,8.828,25720520.219,6.123
4661,89,11316.903,36020.705,223.702,8952.872,0,7.966,20940315.325,6.166
4662,89,11361.081,9519.78,1.935,38.064,41.548,3.077,3124798.37,5.96
4663,89,21601.649,30080.078,168.749,2519.929,0,4.655,7150788.601,8.21
4664,89,21714.541,30637.014,139.137,2423.513,0,8.29,22679828.654,8.238
4665,89,21923,29838.358,8.124,47.012,77.738,4.938,8047249.722,6.725
4666,89,22117.897,30357.952,110.76,788.151,39.07,3.713,4548756.335,9.529
4667,89,22397.871,29599.544,11.016,55.533,89.13,6.811,15308920.21,7.591
4668,89,22746.124,30106.28,119.311,962.539,43.347,5.617,10413479.387,10.808
4669,89,22846.887,29332.704,64.802,119.313,72.296,4.516,6730659.222,19.639
4670,89,23312.127,29814.168,73.947,217.22,74.369,6.495,13922741.361,18.601
4671,89,23837.813,29439.734,5.103,70.39,83.464,4.429,6473902.433,4.639
4672,89,24083.322,29201.674,4.852,67.198,97.145,5.937,11632352.52,5.193
4673,89,26705.068,12828.366,200.692,6171.204,0,7.935,20781520.034,6.888
4674,89,26682.952,13495.344,188.788,5439.862,0,8.726,25130600.791,7.234
4675,89,26844.94,13759.481,221.426,6845.95,0,6.113,12334196.676,6.614
4676,89,27186.569,14288.093,228.403,7208.583,0,9.5,29784185.18,8.151
4677,89,27698.979,14090.66,145.686,2833.558,0,7.242,17308221.235,7.345
4678,89,27840.83,15366.908,193.241,4757.492,0,5.465,9855534.136,6.782
4679,89,28154.496,15677.937,5.426,50.541,132.823,8.951,26443299.4,8.013
4680,89,28237.847,14880.325,4.418,76.192,101.651,8.326,22875721.099,5.448
4681,89,28432.732,15923.919,200.96,6024.878,0,10.715,37887176.33,8.245
4682,89,28922.801,15713.277,289.29,14280.118,0,6.525,14051792.244,5.901
4683,89,32510.807,26142.51,134.139,1329.731,0,3.962,5180597.059,8.823
4684,89,32686.281,26150.258,117.152,1094.529,0,5.577,10266694.384,9.549
4685,89,32801.793,27148.017,150.228,3787.031,0,8.579,24286058.339,6.714
4686,89,33549.125,28000.461,196.383,3007.732,0,4.131,5632804.619,8.574
4687,89,33802.269,27232.012,147.898,1854.501,0,4.471,6598382.13,8.356
4688,89,34225.931,27878.748,64.61,105.36,58.552,4.529,6768605.728,21.678
4689,89,34481.699,29218.434,164.016,2077.336,0,3.825,4827722.155,8.456
4690,89,34602.262,28505.807,141.847,1846.936,0,3.784,4725350.29,7.582
4691,89,35107.144,28929.627,74.341,270.11,59.933,5.159,8782423.439,13.613
4692,89,35120.75,30001.984,2.855,36.98,83.093,4.071,5470213.564,6.597
4693,89,35421.522,30407.918,122.88,1743.301,0,3.899,5016549.793,6.653
4694,89,35518.726,27624.839,181.212,2726.968,0,7.174,16986455.951,10.393
4695,89,35597.331,27199.847,6.038,33.481,58.855,2.654,2325223.526,6.655
4696,89,35627.825,28239.123,81.877,353.181,60.061,2.588,2211005.524,9.962
4697,89,35840.07,25599.087,0.945,59.115,45.482,3.921,5072921.263,4.777
4698,89,36082.824,24480.248,6.554,45.301,66.489,4.595,6967949.041,6.436
4699,89,36397.099,25596.005,6.198,46.003,52.098,5.6,10348941.211,6.819
4700,89,36526.825,27914.286,39.034,45.767,63.369,2.969,2908610.88,16.62
4701,90,9928.193,39327.264,128.156,1873.759,44.676,3.646,4386539.24,6.603
4702,90,10029.119,38984.968,161.098,5218.94,0,3.391,3794600.249,4.706
4703,90,10417.821,37715.821,85.947,510.37,94.611,9.348,28835809.404,14.797
4704,90,10493.329,33392.075,147.651,2002.754,34.82,2.963,2896670.16,7.211
4705,90,10371.571,39213.805,247.509,11526.417,0,8.224,22321318.424,6.024
4706,90,10639.769,33680.031,5.256,42.07,123.544,6.589,14326886.702,7.71
4707,90,10661.811,34528.241,180.12,5030.547,0,5.858,11326494.945,6.097
4708,90,10691.114,34996.213,215.347,9477.518,0,11.64,44710201.634,6.735
4709,90,10731.86,36811.055,250.183,12402.128,0,4.917,7979673.818,4.992
4710,90,10802.726,35529.166,20.587,80.305,156.139,7.144,16844179.573,8.663
4711,90,10853.48,38277.099,135.21,2024.892,64.838,8.975,26582786.395,9.489
4712,90,10953.26,37931.189,240.475,7951.825,0,7.035,16334912.299,7.05
4713,90,11099.045,37278.08,45.948,106.599,172.083,6.132,12410715.649,15.861
4714,90,11112.401,34037.781,177.63,5762.377,0,8.727,25133227.732,6.341
4715,90,11288.629,34957.806,6.85,91.851,205.177,10.524,36549420.265,5.679
4716,90,11265.064,35673.223,26.555,78.46,165.19,10.276,34848796.143,14.529
4717,90,11299.48,36049.746,64.403,258.924,155.1,11.187,41302430.161,19.244
4718,90,11367.116,9564.28,77.565,179.388,37.542,2.826,2635033.135,14.784
4719,90,21545.899,30302.59,226.554,4376.593,0,5.788,11057681.749,9.129
4720,90,21680.406,30638.806,1.471,79.354,91.763,3.548,4153892.071,3.955
4721,90,21903.514,29868.958,34.732,47.573,83.753,2.662,2338630.3,13.614
4722,90,22169.342,30370.242,152.309,1831.269,25.923,3.161,3298273.843,7.978
4723,90,22454.423,29535.291,213.052,4457.562,0,4.323,6167846.603,7.48
4724,90,22745.126,29446.313,217.647,5061.845,0,1.537,779540.118,6.231
4725,90,23288.014,29812.744,186.793,3724.711,0,8.894,26106053.655,9.647
4726,90,23866.267,28934.775,198.714,4181.515,0,5,8251457.061,7.445
4727,90,24089.501,29058.964,237.537,5268.034,0,5.303,9281717.902,8.259
4728,90,26712.81,12825.998,196.739,6383.965,5.562,3.928,5090842.135,5.354
4729,90,26694.739,13549.79,184.325,5298.314,0,7.222,17211715.964,6.54
4730,90,27168.625,13319.887,289.22,10724.411,0,5.021,8320608.558,6.563
4731,90,27276.841,14509.209,244.324,8560.127,0,10.026,33169924.969,8.16
4732,90,27494.416,14820.811,164.527,4888.304,0,9.323,28681199.732,6.606
4733,90,27695.937,14130.871,163.705,3671.999,0,4.701,7291876.949,6.216
4734,90,27937.401,14461.479,210.545,5580.063,0,4.866,7814924.895,6.597
4735,90,28070.619,15595.765,168.266,4558.16,0,7.768,19915191.848,6.601
4736,90,28198.408,14878.507,3.053,35.795,113.691,7.276,17468825.637,8.891
4737,90,28533.03,15985.854,212.81,5834.324,0,6.696,14795226.462,7.241
4738,90,32401.193,26135.37,39.829,67.53,40.905,3.143,3259204.313,13.237
4739,90,32773.355,27139.297,82.271,610.462,84.048,10.294,34973030.099,12.659
4740,90,33381.031,27702.605,222.797,5432.416,0,6.244,12866106.204,7.891
4741,90,33806.247,27336.166,208.964,3694.37,0,4.002,5286219.279,8.055
4742,90,34185.564,27781.59,90.722,323.357,45.371,1.92,1217035.979,11.155
4743,90,34583.048,28532.829,88.584,348.522,54.98,5.815,11160480.053,15.513
4744,90,35158.976,30030.153,123.487,1519.122,0,5.55,10163688.759,8.125
4745,90,35506.258,27613.389,185.717,2487.345,0,1.793,1060812.746,7.757
4746,90,35444.746,29448.271,208.346,4655.163,0,7.91,20647909.818,8.977
4747,90,35586.892,27172.309,101.393,702.764,13.425,2.052,1389007.279,8.181
4748,90,35771.288,25555.871,151.772,1523.538,0,6.009,11915674.651,11.292
4749,90,35916.21,25304.569,170.189,2116.636,0,6.075,12180257.303,10.505
4750,90,35964.173,28088.392,79.149,240.205,51.692,3.935,5111199.822,14.178
4751,90,36021.545,24570.718,251.105,4448.832,0,3.787,4732236.582,8.896
4752,90,36200.766,27433.51,194.945,3284.636,0,6.416,13584063.735,9.499
4753,90,36591.503,27820.067,57.261,81.245,65.754,4.207,5839905.419,21.378
4754,91,10010.299,39011.487,106.561,1253.634,78.173,6.996,16153811.121,8.392
4755,91,10419.909,37845.525,209.404,7028.65,0,6.725,14924318.697,6.235
4756,91,10321.766,39359.253,4.833,99.964,175.494,8.977,26595873.455,4.657
4757,91,10473.351,37492.838,162.67,3436.021,0,7.078,16532795.785,7.401
4758,91,10549.887,33467.509,212.561,6402.415,0,7.584,18982978.352,7.137
4759,91,10560.825,38632.269,5.115,32.598,168.518,3.901,5022416.952,7.343
4760,91,10679.622,34525.373,64.728,183.904,106.529,2.426,1942147.071,11.158
4761,91,10718.506,34959.652,2.429,82.33,178.726,11.049,40288849.286,5.82
4762,91,10632.408,36880.475,9.109,27.45,179.354,5.16,8787937.79,10.494
4763,91,10764.922,33016.507,63.133,249.967,75.949,4.981,8188276.17,11.276
4764,91,10811.158,35561.885,213.106,8135.464,0,7.235,17274166.082,5.935
4765,91,10774.899,36219.342,181.561,5444.859,0,7.611,19117376.62,6.418
4766,91,10920.11,9798.156,112.083,653.303,0,2.825,2633707.823,10.112
4767,91,10845.848,38354.833,191.914,6619.296,0,6.911,15762636.187,5.832
4768,91,11078.592,37312.423,182.549,6438.023,0,11.675,44980615.439,7.07
4769,91,11143.654,34177.877,36.432,94.367,150.56,11.001,39942355.266,19.578
4770,91,11284.199,34934.497,163.604,6198.025,0,10.42,35832435.587,5.798
4771,91,11277.335,35688.653,8.571,56.892,169.282,7.048,16390952.449,6.964
4772,91,11274.384,36065.933,307.089,15028.83,0,5.038,8375457.624,5.725
4773,91,11398.098,9532.011,76.72,267.969,38.691,1.357,607660.254,9.933
4774,91,21759.316,30638.12,7.317,62.405,96.077,5.031,8354264.898,5.465
4775,91,22159.638,30360.202,2.568,24.389,101.247,5.612,10395455.639,10.278
4776,91,22797.159,30003.015,9.658,56.908,91.471,4.403,6396465.913,5.966
4777,91,23274.533,29359.007,5.225,32.964,94.52,3.901,5022639.44,7.305
4778,91,23798.596,29443.209,186.22,3201.229,0,5.07,8483726.865,8.208
4779,91,24003.252,29040.094,6.879,35.899,87.077,4.142,5662570.192,7.323
4780,91,26697.638,12809.488,89.273,598.225,113.799,2.948,2868312.105,8.231
4781,91,26667.432,13503.439,64.35,210.187,116.521,2.02,1346583.987,9.889
4782,91,27223.727,13267.002,177.074,4250.352,0,3.505,4053820.227,5.897
4783,91,27420.209,14636.472,233.03,8888.423,0,8.957,26477357.29,6.937
4784,91,27621.128,14148.794,180.481,4144.827,0,5.314,9318053.739,6.733
4785,91,27968.59,14474.053,40.13,70.892,96.423,8.769,25377058.949,24.252
4786,91,28450.894,15967.571,168.739,4171.94,0,7.928,20742055.965,7.131
4787,91,28476.932,15161.981,180.9,3969.123,0,4.484,6636290.797,6.621
4788,91,28847.383,15607.556,66.893,265.7,114.121,6.546,14140851.807,13.553
4789,91,32442.205,26198.067,147.745,1534.508,0,3.963,5183981.124,9.098
4790,91,32689.644,26125.36,140.446,1345.573,0,3.633,4355073.374,9.049
4791,91,32689.052,27007.73,160.901,3271.582,0,7.067,16480509.26,7.544
4792,91,32913.625,27256.425,137.309,2846.405,0,10.355,35389465.518,8.067
4793,91,33360.693,27840.096,6.227,81.726,83.364,8.047,21371004.793,5.298
4794,91,33782.509,27415.827,81.531,301.071,57.63,3.519,4086070.934,11.999
4795,91,34534.971,29271.116,57.756,114.619,52.387,1.813,1084319.462,12.31
4796,91,34597.841,28527.329,151.205,2389.252,0,8.026,21258439.66,9.285
4797,91,35119.748,30079.527,1.85,43.012,96.459,7.892,20556115.46,7.946
4798,91,35417.451,30413.426,135.976,2205.622,0,7.621,19167301.327,8.188
4799,91,35485.245,27579.973,221.241,3433.069,0,3.327,3652612.182,8.637
4800,91,35752.338,28217.883,58.03,82.666,58.695,2.465,2005667.592,16.513
4801,91,35799.707,25601.007,3.386,29.413,59.031,3.732,4595268.888,7.517
4802,91,35943.703,24697.768,87.878,299.406,51.819,2.053,1391453.965,11.392
4803,91,36170.786,27505.895,184.39,2917.529,0,4.196,5809424.661,8.101
4804,92,10005.8,38968.289,49.258,200.014,123.902,3.224,3429816.523,8.334
4805,92,10010.261,39341.114,222.907,6890.021,0,5.083,8525031.889,6.274
4806,92,10303.015,38444.21,188.552,6520.71,0,4.872,7833234.72,5.231
4807,92,10414.178,37658.8,183.18,4666.069,0,6.337,13251950.953,6.733
4808,92,10387.168,38156.778,242.829,10140.025,0,7.416,18148984.356,6.155
4809,92,10308.254,39386.217,179.54,6197.518,0,15.746,81823823.172,8.644
4810,92,10393.387,39220.234,105.831,787.934,125.718,8.699,24974707.545,13.649
4811,92,10513.293,33043.468,80.27,254.937,75.447,4.852,7770450.641,15.401
4812,92,10662.442,34523.205,189.512,4742.325,0,7.108,16673983.209,7.308
4813,92,10558.1,38558.461,12.074,76.191,150.781,5.554,10178858.085,5.751
4814,92,10710.668,35001.485,196.16,7581.553,0,13.942,64152068.8,7.768
4815,92,10716.05,36865.762,231.206,10246.392,0,6.976,16059063.901,5.592
4816,92,10800.378,36319,3.733,74.209,135.711,2.221,1627391.882,4.002
4817,92,10865.625,33060.841,42.662,83.314,100.826,4.822,7674652.914,15.105
4818,92,10838.427,35490.451,166.528,6125.877,0,9.293,28497439.019,5.688
4819,92,10972.665,9791.276,86.31,200.517,20.472,2.285,1723303.41,14.658
4820,92,10865.957,38335.164,126.91,1998.176,44.139,6.921,15809977.953,7.619
4821,92,11017.88,33718.121,133.363,2027.858,49.739,6.402,13526881.43,7.814
4822,92,10976.626,37869.284,167.379,3942.873,0,6.933,15860433.665,6.924
4823,92,11128.819,37331.171,253.4,12161.861,0,3.733,4598347.091,4.902
4824,92,11030.108,37650.557,243.908,7902.927,0,7.186,17040147.554,7.291
4825,92,11170.739,34128.816,169.205,4693.884,0,11.896,46699501.09,8.175
4826,92,11262.722,34966.848,222.57,10736.982,0,5.808,11132906.41,4.905
4827,92,11285.418,35440.377,5.24,36.015,145.569,6.449,13723099.52,8.591
4828,92,11275.986,36119.513,84.763,344.514,128.08,4.34,6215168.751,12.535
4829,92,11384.686,9556.724,118.456,944.811,0,3.038,3045808.841,8.758
4830,92,21601.542,30000.102,11.261,88.58,81.428,8.481,23739348.221,6.021
4831,92,21663.603,30594.315,57.055,87.744,83.306,4.129,5626827.089,19.765
4832,92,22156.912,30401.983,181.861,3370.694,0,4.243,5941398.326,7.282
4833,92,22523.384,30243.199,158.173,2445.709,0,9.985,32901094.088,11.199
4834,92,22741.091,30043.819,232.184,5280.794,0,4.727,7372750.457,7.687
4835,92,23211.12,29934.954,133.89,1580.736,0,4.519,6741490.145,8.187
4836,92,24160.734,29062.976,178.066,2606.29,0,3.86,4916820.398,8.138
4837,92,26736.728,12774.88,82.055,359.042,100.99,7.857,20371873.769,16.38
4838,92,26671.45,13504.893,149.486,4043.93,0,9.252,28249737.155,6.585
4839,92,27208.052,14289.302,88.585,404.098,94.851,6.718,14893991.855,15.064
4840,92,27221.632,13255.849,101.076,780.269,66.313,4.907,7947244.76,9.385
4841,92,27454.609,14633.077,266.932,11687.895,0,7.09,16590077.806,6.246
4842,92,28251.738,14909.877,244.518,7535.071,2.838,1.86,1141568.332,5.764
4843,92,28908.133,15624.848,160.091,4407.935,0,6.611,14422745.83,5.931
4844,92,28954.459,16101.304,195.749,5090.211,0,8.266,22548570.262,7.81
4845,92,32502.327,26187.114,166.5,2472.041,0,5.314,9320064.782,8.569
4846,92,32986.192,27330.611,56.759,193.596,101.363,9.727,31221712.749,18.19
4847,92,33325.758,27721.287,54.015,98.494,87.626,3.312,3619795.487,15.01
4848,92,33797.289,27383.813,78.945,266.747,65.433,3.492,4025290.439,12.468
4849,92,34226.278,27834.998,6.86,23.725,70.163,1.955,1261768.218,7.871
4850,92,34520.184,29360.683,2.916,32.067,73.062,3.767,4682040.93,7.075
4851,92,34575.551,28459.829,165.702,1202.748,53.123,5.099,8581774.867,14.164
4852,92,35201.674,30082.046,2.045,32.58,107.565,5.052,8422022.606,7.767
4853,92,35321.77,29378.753,69.016,101.903,92.735,4.054,5424003.184,22.938
4854,92,35454.283,30427.877,72.11,200.019,70.021,3.943,5129666.106,14.269
4855,92,35781.273,25606.655,79.43,293.423,33.696,3.454,3936968.837,11.726
4856,92,35841.604,29176.829,43.304,73.992,59.475,5.163,8797743.177,17.654
4857,92,35999.833,24719.343,4.775,70.063,60.222,4.536,6790153.364,4.65
4858,92,36573.618,27961.399,35.003,47.831,64.103,2.556,2156086.464,13.493
4859,93,9975.536,39356.167,146.083,3081.844,0,12.671,52987465.144,9.51
4860,93,10397.248,37744.375,148.596,3184.713,0,4.135,5641434.246,5.866
4861,93,10333.227,39365.583,145.473,4506.861,0,15.424,78513372.708,7.846
4862,93,10509.442,33071.466,78.33,161.495,69.877,5.7,10722505.936,23.966
4863,93,10471.19,37519.205,5.432,33.516,110.48,4.479,6619243.356,7.635
4864,93,10695.471,34489.216,204.695,6241.086,0,8.686,24900737.341,7.343
4865,93,10698.311,34991.495,162.149,5626.303,0,8.812,25626277.84,5.69
4866,93,10743.658,36772.78,77.653,328.805,173.395,5.919,11560091.981,13.447
4867,93,10750.863,36387.791,133.501,972.665,104.596,6.133,12414307.065,13.31
4868,93,10852.712,33024.31,58.831,206.687,80.846,3.133,3240197.285,9.906
4869,93,10981.709,9803.774,117.505,656.167,0,3.848,4885934.54,11.8
4870,93,11170.665,34213.81,179.136,5850.379,0,5.191,8894032.82,5.327
4871,93,11124.558,37320.059,188.91,6299.886,0,9.694,31010638.508,6.838
4872,93,11291.869,34937.294,215.1,9739.955,0,12.855,54538901.769,6.977
4873,93,11335.698,35990.395,40.748,80.942,136.889,10.782,38363319.423,26.138
4874,93,11437.859,9580.362,5.627,36.205,53.831,4.463,6574376.383,7.258
4875,93,21527.208,30482.671,6.363,12.281,78.326,8.636,24611388.873,27.987
4876,93,21601.293,30000.268,3.314,37.238,90.472,6.734,14963451.364,8.262
4877,93,22035.361,30497.003,154.628,2707.1,0,9.253,28252893.55,9.461
4878,93,22315.929,30295.661,40.751,58.606,78.324,6.012,11928382.528,21.895
4879,93,22744.427,29389.895,56.865,71.892,70.905,6.792,15223691.621,33.416
4880,93,22834.704,30063.995,182.667,3607.255,0,8.653,24711778.142,9.4
4881,93,23114.527,29257.732,158.416,2686.669,0,7.437,18252151.521,8.741
4882,93,23518.229,28911.84,46.322,63.84,70.763,6.389,13469309.332,25.644
4883,93,24169.975,29069.014,143.668,1919.819,0,6.186,12629396.133,8.895
4884,93,26700.859,12900.089,71.3,503.644,137.127,9.051,27033701.631,10.872
4885,93,26719.019,13520.063,2.036,65.457,139.145,10.541,36670096.574,6.782
4886,93,27397.531,14597.87,171.592,4908.711,0,4.647,7126523.469,5.494
4887,93,27974.26,14457.16,141.747,1879.704,45.361,4.141,5659589.566,7.668
4888,93,28173.048,15592.659,259.41,8684.49,0,7.204,17125119.138,7.45
4889,93,28539.756,15977.736,188.352,4809.745,0,8.808,25606513.22,7.954
4890,93,28854.445,15604.387,166.776,3310.658,20.838,6.853,15498342.159,7.765
4891,93,28880.849,16080.934,2.115,74.846,87.909,4.931,8022790.029,4.391
4892,93,32482.11,26155.049,9.99,32.042,67.77,4.724,7363216.604,9.208
4893,93,32635.883,26941.851,143.766,2002.464,0,1.644,891794.326,6.607
4894,93,33011.274,27320.965,176.77,3630.893,0,3.731,4593135.229,6.526
4895,93,33323.768,26720.04,105.057,793.786,18.165,1.791,1058302.746,7.841
4896,93,33349.253,27734.922,189.71,4129.851,0,2.422,1936358.675,6.186
4897,93,34507.349,29283.226,149.567,2077.424,0,5.386,9573404.68,8.392
4898,93,34579.646,28472.55,191.851,3577.583,0,2.718,2438160.006,6.871
4899,93,34720.941,29521.206,4.536,41.869,66.981,5.553,10175090.744,7.006
4900,93,35151.858,30025.846,141.413,2346.148,0,5.131,8687400.121,7.053
4901,93,35417.14,30403.186,112.873,1114.507,27.187,4.697,7281157.569,8.378
4902,93,35497.806,27589.437,133.435,986.048,14.394,0.641,135565.02,8.573
4903,93,35452.226,29435.94,5.762,23.548,80.17,5.101,8586662.697,10.626
4904,93,35654.149,28188.788,175.004,3059.925,0,5.246,9082044.122,7.881
4905,93,35726.037,26680.919,149.82,1716.029,0,5.551,10168591.254,9.756
4906,93,35805.757,25614.874,48.016,53.203,43.896,2.798,2583822.359,18.699
4907,93,35928.416,30205.733,180.067,2518.158,0,5.912,11534174.646,9.896
4908,93,36230.749,25380.316,46.788,51.673,49.495,4.304,6113957.79,23.497
4909,93,36514.665,28062.354,32.677,37.655,67.834,6.923,15817635.587,26.594
4910,94,10013.791,39026.224,183.752,5996.114,0,6.809,15300256.803,5.852
4911,94,10316.441,38157.048,4.877,66.83,149.159,5.668,10602610.695,5.13
4912,94,10564.437,33058.706,171.349,2975.631,0,5.51,10020641.852,7.949
4913,94,10569.809,38904.917,200.671,6433.142,0,10.405,35726130.126,7.673
4914,94,10666.784,34485.875,38.152,52.572,130.797,3.66,4419642.862,16.118
4915,94,10707.338,34995.942,177.094,6210.083,0,8.349,23002680.335,5.869
4916,94,10757.758,36758.717,275.277,15459.422,0,8.789,25492969.788,5.845
4917,94,10794.389,36240.154,8.322,42.565,133.054,8.975,26581237.021,10.092
4918,94,10828.723,33032.907,137.182,2229.781,0,5.087,8540449.389,6.994
4919,94,10880.665,35519.936,4.233,134.923,153.557,11.644,44745904.403,4.185
4920,94,10880.152,38321.288,4.101,75.057,127.4,9.029,26903805.667,5.714
4921,94,11086.389,37314.733,69.929,421.127,134.101,11.817,46084822.629,14.877
4922,94,11197.109,34159.59,2.812,54.497,148.476,4.711,7324973.86,5.35
4923,94,11089.702,36953.483,254.529,9858.593,0,5.767,10975160.011,6.123
4924,94,11289.368,34948.012,206.866,8837.09,0,7.773,19941271.829,5.531
4925,94,11438.69,9520.856,6.836,76.266,46.658,1.494,736600.786,4.097
4926,94,11330.763,35894.596,181.515,5843.426,0,11.07,40443236.731,7.335
4927,94,21636.381,29939.173,163.302,3090.094,0,4.71,7320717.395,6.914
4928,94,22159.695,30400.042,1.171,59.158,89.908,4.157,5702500.915,4.843
4929,94,22706.335,29417.269,178.203,3172.023,0,6.955,15962350.89,8.884
4930,94,23130.311,29894.341,190.48,3676.406,0,6.052,12088770.392,8.241
4931,94,23432.619,29046.77,253.979,6857.527,0,6.746,15018104.618,8.327
4932,94,23901.174,29333.599,240.502,5140.247,0,6.592,14341371.659,9.406
4933,94,24150.808,29026.047,49.395,146.785,54.706,5.281,9202639.58,12.436
4934,94,26739.767,12886.946,95.051,529.884,130.378,8.189,22130779.94,15.372
4935,94,26704.804,13558.981,186.066,5028.214,0,7.616,19140586.623,7.036
4936,94,27033.885,13997.313,9.039,43.667,116.175,6.07,12160463.037,8.002
4937,94,27200.689,13199.294,4.729,96.645,102.308,13.618,61203089.626,6.071
4938,94,27359.23,14567.148,10.415,48.674,140.317,6.818,15338606.675,8.218
4939,94,27369.974,13408.296,174.244,3958.06,0,9.798,31683108.186,8.724
4940,94,27538.856,14847.188,221.252,6394.323,0,8.094,21618818.328,7.814
4941,94,28209.169,15645.877,71.224,242.552,93.145,3.612,4306636.502,11.795
4942,94,28453.508,15942.096,183.63,4429.659,0,4.268,6011969.411,6.229
4943,94,32520.066,26166.997,156.853,1795.289,0,4.927,8012871.382,9.577
4944,94,32628.583,26905.081,143.282,2040.427,0,6.229,12806786.484,8.505
4945,94,32797.783,27121.703,3.035,34.977,86.095,6.191,12648584.823,8.246
4946,94,33531.868,28013.111,39.303,67.095,72.045,5.815,11159270.592,18.131
4947,94,33835.189,27442.891,6.122,38.031,83.514,5.178,8846912.318,7.541
4948,94,34202.496,27763.907,58.915,117.233,61.145,6.358,13340682.703,21.719
4949,94,34535.735,29295.982,143.583,1726.078,0,5.76,10948773.225,9.296
4950,94,35141.693,29997.199,68.997,390.122,67.47,6.731,14952381.635,10.637
4951,94,35464.371,30411.146,149.86,2036.661,0,4.383,6338989.169,7.942
4952,94,35585.64,28197.681,63.387,145.793,61.387,2.691,2389122.041,12.972
4953,94,35838.355,28240.501,6.9,38.535,74.226,4.204,5831668.587,7.02
4954,94,35941.001,29037.121,79.019,182.601,42.213,5.107,8608135.55,20.297
4955,94,36241.584,25360.422,7.244,60.413,57.343,4.583,6931599.192,5.415
4956,94,37225.995,26255.857,89.578,279.369,22.203,2.299,1744087.573,12.449
4957,95,10018.294,39022.607,189.427,6671.678,0,9.891,32288499.152,6.643
4958,95,10301.227,38318.93,61.623,248.06,131.082,4.164,5723291.65,10.182
4959,95,10319.955,39360.434,2.141,89.144,145.266,10.091,33603295.034,5.168
4960,95,10403.518,37706.181,235.594,7415.509,0,5.052,8423389.385,6.411
4961,95,10527.639,33037.813,172.653,3197.306,0,9.877,32195799.187,10.274
4962,95,10500.497,33431.356,64.864,149.784,117.122,3.648,4392027.979,14.725
4963,95,10677.972,34532.089,186.767,5178.339,0,5.807,11126937.385,6.254
4964,95,10692.971,34988.536,205.446,7764.948,0,10.597,37060253.468,6.94
4965,95,10618.83,38734.149,221.123,7661.001,0,4.034,5369099.67,5.536
4966,95,10776.414,36215.999,184.585,5383.721,0,5.847,11281466.367,6.017
4967,95,10865.882,35498.162,195.514,7529.782,0,6.111,12324042.507,5.283
4968,95,11017.265,33695.491,27.495,65.876,125.375,7.528,18703794.149,14.02
4969,95,10997.517,37924.673,148.878,1982.964,63.274,6.327,13210783.766,9.241
4970,95,11080.072,37258.82,56.824,100.667,138.311,6.226,12792254.385,23.071
4971,95,11135.416,34146.569,170.07,5670.209,0,14.038,65034159.765,7.857
4972,95,11164.394,36837.538,186.8,4864.192,0,9.676,30899307.942,8.202
4973,95,11273.618,34943.087,214.857,8669.614,0,7.1,16638335.474,5.708
4974,95,11280.442,36076.88,13.616,74.106,139.363,11.814,46060914.636,9.432
4975,95,11392.497,9553.17,125.714,1057.176,0,4.371,6306681.519,9.763
4976,95,11342.87,35217.726,166.106,5437.943,0,7.326,17711975.105,5.604
4977,95,21644.052,29971.994,146.546,2542.528,0,6.901,15716876.598,7.84
4978,95,22122.23,30394.954,256.018,6855.084,0,5.674,10624592.448,7.831
4979,95,22598.829,30225.256,156.25,2561.975,0,6.772,15134106.937,8.476
4980,95,22736.147,29354.275,31.164,58.567,90.38,6.423,13615907.942,16.107
4981,95,22879.553,30042.494,1.651,42.23,75.566,6.323,13194740.299,7.115
4982,95,23216.265,29873.052,131.013,1617.787,0,8.517,23940102.183,10.475
4983,95,24172,29046.27,198.105,3132.821,0,3.455,3939150.608,8.052
4984,95,26642.543,13360.067,168.036,5302.601,0,12.225,49323752.86,7.448
4985,95,26739.159,12875.636,140.353,3126.52,16.573,7.955,20884140.13,6.765
4986,95,26972.522,13920.114,0.53,22.512,119.016,5.672,10617506.564,10.857
4987,95,27199.253,13200.953,2.962,99.381,105.912,4.565,6876496.15,3.664
4988,95,27362.071,14554.585,270.273,11524.661,0,4.715,7335690.736,5.676
4989,95,27379.67,13457.437,158.195,3691.691,0,7.412,18130396.379,6.894
4990,95,27491.574,14832.662,165.881,4163.759,0,7.853,20354054.186,6.938
4991,95,27897.362,15388.511,171.241,3870.972,0,7.63,19211969.088,7.56
4992,95,27916.968,14372.887,148.049,2781.79,0,4.258,5983490.551,6.378
4993,95,28223.091,15579.769,332.319,13653.151,0,4.264,5999757.799,6.438
4994,95,28518.041,15968.183,102.769,659.682,75.902,4.533,6780833.701,10.459
4995,95,28908.709,15572.314,156.299,3295.999,0,5.863,11343264.251,6.702
4996,95,28938.44,16131.267,36.94,68.434,71.293,6.087,12227245.805,16.927
4997,95,32612.333,26916.226,144.472,2472.437,0,6.908,15747993.098,7.843
4998,95,33075.939,27330.367,219.296,4896.265,0,3.643,4380399.71,7.017
4999,95,33600.942,27967.698,230.184,4333.239,0,8.75,25265087.166,11.824
5000,95,34186.46,27716.963,161.632,2235.164,0,4.957,8108554.999,8.592
5001,95,34533.354,29305.876,89.446,465.733,45.926,5.628,10452414.269,12.29
5002,95,34584.225,28495.96,64.933,102.894,66.412,4.568,6885303.838,22.398
5003,95,35232.978,30040.599,225.958,4449.887,0,6.016,11944438.672,9.142
5004,95,35399.294,28420.902,90.371,378.072,33.827,3.983,5234578.748,12.332
5005,95,35401.071,29405.685,49.889,137.444,90.591,6.582,14296296.12,15.139
5006,95,35497.654,30390.864,242.846,5385.882,0,3.155,3285914.888,7.277
5007,95,35600.453,29601.297,6.415,67.319,74.908,5.553,10177270.214,5.246
5008,95,35866.185,28284.534,171.532,2612.77,0,5.897,11476723.094,8.971
5009,95,35871.682,29163.247,116.854,1655.532,0,3.048,3065604.517,6.203
5010,95,35857.689,30489.321,109.127,879.987,18.532,5.072,8488234.461,9.705
5011,95,35920.928,30143.228,141.41,1504.785,13.199,5.474,9889679.503,9.82
5012,95,36311.856,25488.67,61.069,196.822,54.937,6.188,12635142.77,14.575
5013,96,9995.071,39003.433,93.527,990.111,86.743,7.386,18002118.639,8.516
5014,96,10015.022,39335.799,89.915,428.425,95.136,2.676,2362491.692,9.953
5015,96,10333.904,38413.183,274.519,13096.413,0,7.093,16602026.125,6.003
5016,96,10384.459,37764.439,213.858,5381.855,0,6.013,11930284.554,7.391
5017,96,10554.924,33045.277,7.125,54.851,80.858,3.787,4732481.591,5.459
5018,96,10560.691,33620.976,65.655,269.423,107.755,8.99,26674521.712,16.156
5019,96,10562.105,38639.28,8.725,96.814,142.565,3.879,4965372.237,4.077
5020,96,10692.733,34501.159,239.818,7846.16,0,6.832,15404041.585,7.005
5021,96,10710.351,34996.111,73.423,472.274,112.652,7.37,17926608.981,10.556
5022,96,10721.438,36786.151,246.333,13046.64,0,10.162,34075993.731,6.019
5023,96,10808.721,35503.985,71.221,299.318,144.859,8.266,22547101.606,15.803
5024,96,10777.022,36214.306,65.318,284.305,109.375,9.742,31320739.389,16.237
5025,96,10816.5,33025.313,160.804,3093.289,0,6.626,14490212.09,7.63
5026,96,10882.338,38321.25,11.485,122.191,120.349,10.428,35883641.928,5.296
5027,96,10962.595,38000.266,8.64,54.889,119.266,7.05,16404423.923,7.173
5028,96,11079.618,37325.701,184.535,6430.502,0,6.203,12698295.061,5.455
5029,96,11146.602,34118.536,214.047,8285.815,0,6.307,13128093.011,5.63
5030,96,11291.763,35003.439,191.99,7519.153,0,10.14,33929359.903,6.272
5031,96,11282.452,36078.485,9.998,77.047,153.823,7.693,19529347.344,6.081
5032,96,11383.123,9608.996,126.483,752.757,4.518,1.548,790551.044,9.71
5033,96,12945.589,10243.988,107.097,548.154,0,5.012,8288534.743,13.307
5034,96,21579.301,30518.793,226.118,4989.091,0,4.729,7381151.302,7.71
5035,96,21811.355,29908.525,186.523,3394.534,0,5.578,10267484.083,8.189
5036,96,22102.202,30411.093,108.516,1222.028,22.672,2.85,2680766.989,6.728
5037,96,22492.163,30238.344,190.945,3484.983,0,5.264,9144431.098,8.123
5038,96,22725.112,29412.253,61.952,111.112,81.955,4.745,7430437.872,20.074
5039,96,22994.397,29963.69,67.491,218.374,77.869,2.929,2831141.134,11.041
5040,96,23337.603,29064.183,81.074,297.786,72.888,3.429,3879389.945,11.889
5041,96,24153.293,29035.734,98.443,594.525,31.586,3.843,4873798.623,9.979
5042,96,26656.926,13381.766,188.74,5995.074,0,9.913,32432696.911,7.178
5043,96,26721.513,12940.999,201.398,6333.062,0,8.729,25145238.267,7.107
5044,96,27118.197,14285.552,166.15,3795.757,0,6.559,14197732.945,6.885
5045,96,27472.793,14764.772,55.755,188.076,111.995,7.366,17903629.189,14.798
5046,96,27928.995,15368.882,88.468,400.061,83.351,3.579,4226063.673,11.065
5047,96,28343.115,15021.06,107.43,987.498,71.518,5.981,11806846.209,9.398
5048,96,28416.763,15870.736,266.202,10074.854,0,2.174,1559886.994,5.454
5049,96,28879.481,15605.048,221.938,6306.621,0,4.313,6137835.016,6.331
5050,96,32415.899,26260.42,148.931,1527.854,0,3.253,3492871.522,8.729
5051,96,32703.45,27041.402,9.562,36.894,99.326,4.16,5710338.399,7.79
5052,96,33054.47,27363.144,183.562,3672.362,0,6.351,13313220.888,7.99
5053,96,33582.347,28043.423,112.542,906.531,29.543,4.646,7123950.675,9.569
5054,96,34120.606,27656.373,104.177,659.952,34.643,5.831,11222388.171,12.008
5055,96,34580.734,28614.575,64.212,108,73.946,1.845,1122824.191,14.402
5056,96,35412.2,29368.845,158.913,3282.75,0,4.642,7109748.336,6.407
5057,96,35426.157,30395.286,142.937,2246.866,0,4.793,7583207.16,7.204
5058,96,35443.735,27624.366,61.243,58.013,55.575,1.082,386128.736,17.904
5059,96,35799.628,26310.817,143.227,1401.295,0,4.226,5895062.776,9.478
5060,96,35839.46,29225.409,59.482,232.248,45.527,5.192,8895511.565,11.204
5061,96,35923.927,28202.429,73.14,218.73,55.733,4.332,6193411.3,14.256
5062,96,35900.13,30146.011,57.297,133.551,60.041,1.395,642258.299,10.799
5063,96,36257.228,25513.131,192.624,2858.328,0,5.402,9628853.557,9.545
5064,97,9972.571,39372.287,168.886,4460.609,0,6.286,13042123.859,6.209
5065,97,10078.975,38941.911,45.854,100.652,147.991,4.218,5872771.647,13.385
5066,97,10300.334,38382.909,85.202,278.097,139.79,2.547,2140487.638,12.064
5067,97,10370.021,37834.281,193.525,4959.172,0,3.21,3401548.712,5.896
5068,97,10345.869,39372.573,171.831,4823.111,0,9.475,29626510.546,7.18
5069,97,10594.793,33693.944,637.721,56672.666,0,4.515,6726456.338,6.052
5070,97,10717.258,34973.421,205.322,7931.244,0,10.277,34857737.195,6.709
5071,97,10745.162,32974.64,196.764,3831.688,0,4.762,7483130.615,7.665
5072,97,10796.961,35543.481,219.037,8713.352,0,4.591,6956893.089,5.194
5073,97,10794.611,36159.495,4.635,61.704,135.239,7.87,20438885.637,6.235
5074,97,10904.493,9784.608,50.674,75.658,25.203,2.377,1864788.66,14.703
5075,97,10864.28,38274.766,196.292,6036.913,0,9.029,26906236.787,7.212
5076,97,11001.844,33653.734,152.3,3708.634,0,4.243,5941902.664,5.542
5077,97,10978.58,37955.773,187.695,5464.265,0,8.076,21521812.497,6.888
5078,97,11079.133,37304.645,247.638,11358.729,0,8.554,24144884.096,6.196
5079,97,11294.818,35000.865,55.725,174.275,173.473,3.197,3373553.292,10.434
5080,97,11292.84,36013.396,101.276,940.528,109.527,7.102,16645809.567,9.75
5081,97,11386.426,9578.089,79.055,237.766,23.306,4.608,7008200.705,15.449
5082,97,12922.261,10257.954,97.152,403.843,1.443,3.01,2990367.038,11.712
5083,97,21655.893,29974.863,118.954,1193.461,27.729,4.62,7045400.154,8.523
5084,97,22256.679,30293.536,193.562,3557.528,0,5.532,10098441.729,8.314
5085,97,22624.871,29461.678,235.36,5290.734,0,5.821,11181043.2,8.435
5086,97,23059.975,29920.053,191.844,4064.146,0,6.284,13031144.886,7.876
5087,97,23294.413,29116.898,7.795,43.278,89.661,5.686,10668436.834,7.501
5088,97,26635.818,13390.849,194.523,6160.172,0,8.566,24216830.36,6.83
5089,97,26742.811,12958.397,40.671,72.502,125.213,4.492,6658741.654,15.21
5090,97,26975.315,13972.437,106.707,825.411,63.496,7.443,18280751.2,12.02
5091,97,27193.856,14360.811,187.56,5530.284,0,11.412,42977600.698,8.225
5092,97,27218.011,13189.579,138.425,2697.33,5.667,10.217,34449841.993,8.46
5093,97,27440.804,14715.854,6.148,98.874,129.488,9.837,31934631.881,5.068
5094,97,27918.356,14396.569,167.632,3533.628,0,9.518,29898317.496,8.832
5095,97,28283.512,14956.014,196.549,5394.625,0,4.081,5496055.974,5.944
5096,97,28360.038,15905.149,254.893,9574.203,0,4.585,6936461.361,5.883
5097,97,28571.163,15690.212,153.025,1934.292,83.926,3.818,4811864.884,8.108
5098,97,28654.282,15462.227,258.676,10408.86,0,7.467,18402533.473,6.619
5099,97,32396.432,26239.426,51.702,153.904,52.425,3.87,4942861.027,11.058
5100,97,32639.693,26961.436,10.99,83.559,91.166,5.846,11279382.442,5.297
5101,97,33032.64,27367.804,186.787,3891.271,0,5.685,10665862.634,7.521
5102,97,33571.008,28093.036,115.933,1539.507,0,6.413,13572822.089,7.828
5103,97,33690.827,27113.702,177.236,2572.95,0,6.649,14588911.935,10.086
5104,97,34480.439,29250.451,97.464,541.812,42.77,3.906,5036112.647,10.546
5105,97,34566.2,28600.698,6.458,21.311,80.076,8.269,22562715.122,16.334
5106,97,35151.028,29933.569,62.775,181.692,57.393,6.099,12276325.017,16.065
5107,97,35469.665,27563.36,79.062,215.639,45.483,6.818,15338827.249,21.599
5108,97,35520.693,28239.811,4.598,32.486,62.576,4.188,5788754.468,7.472
5109,97,35704.431,29571.234,259.079,6478.326,0,4.029,5356390.486,7.412
5110,97,35833.753,29197.965,7.506,36.995,62.722,3.034,3037541.377,6.675
5111,98,9998.428,39348.021,183.84,4431.463,0,4.908,7948930.222,6.452
5112,98,10079.537,39036.644,1.551,60.458,160.264,12.313,50036297.561,8.034
5113,98,10350.801,38164.806,133.612,782.436,119.212,8.085,21569608.224,19.256
5114,98,10402.108,37731.625,62.897,190.185,96.405,6.722,14912895.867,16.545
5115,98,10389.191,39229.314,195.823,6786.532,0,6.388,13466646.292,5.738
5116,98,10571.1,33567.035,97.38,989.646,82.518,9.016,26827103.706,10.128
5117,98,10565.534,34101.361,139.817,2317.921,0,3.594,4262559.055,6.425
5118,98,10718.349,34564.48,6.382,52.753,122.163,5.326,9361967.989,6.095
5119,98,10678.888,34994.907,233.605,8994.366,0,7.391,18025450.126,6.333
5120,98,10718.283,36679.933,172.151,6995.798,0,9.061,27097152.865,5.364
5121,98,10609.489,38751.483,229.88,8922.612,0,4.096,5536065.13,5.311
5122,98,10809.355,35491.864,148.833,3320.136,60.159,5.525,10075433.417,6.143
5123,98,10778.925,36214.098,45.76,185.218,118.545,2.472,2015954.614,7.683
5124,98,10838.477,32994.463,173.013,3852.131,0,8.04,21331783.314,7.903
5125,98,10880.829,38237.758,3.49,72.277,133.656,7.151,16873757.228,5.19
5126,98,10986.849,37961.565,62.231,223.673,122.001,6.43,13645700.558,13.838
5127,98,11033.619,33666.937,186.38,4673.558,0,8.404,23307711.865,7.807
5128,98,11179.626,34203.558,66.071,281.745,120.735,6.295,13078100.786,12.406
5129,98,11120.293,36830.527,116.263,721.167,98.281,4.98,8184101.932,12.167
5130,98,11300.191,35017.513,154.404,5470.745,0,2.464,2003187.664,4.283
5131,98,11281.213,35515.386,8.981,47.895,130.604,6.903,15724704.201,7.965
5132,98,11317.009,36045.626,72.935,435.785,111.431,5.863,11344961.443,9.855
5133,98,11375.586,9579.141,58.6,196.366,25.63,2.438,1962317.443,9.604
5134,98,21685.411,30000.153,5.948,62.369,76.268,6.462,13780511.169,5.798
5135,98,22223.069,30404.887,22.315,33.578,75.121,6.232,12816122.712,17.415
5136,98,23257.865,29847.585,136.011,2065.161,0,6.372,13399639.81,7.912
5137,98,23760.505,29007.014,33.47,35.806,97.075,3.075,3119534.388,16.906
5138,98,24156.86,29170.687,168.684,2138.403,0,2.067,1409735.341,7.692
5139,98,26628.171,13405.418,157.861,4170.827,0,6.067,12147325.598,5.875
5140,98,26727.279,12877.174,8.705,39.101,119.54,7.131,16783641.981,9.439
5141,98,26971.982,13951.811,212.737,5226.978,0,8.203,22205130.587,8.645
5142,98,27199.886,14400.732,0.744,45.313,130.972,6.788,15206701.36,6.96
5143,98,27202.611,13203.057,4.283,48.126,113.325,12.998,55754630.355,10.653
5144,98,27923.546,14323,5.213,62.772,99.705,1.757,1018941.191,4.417
5145,98,28272.399,14878.254,3.068,39.707,108.515,6.304,13115845.971,7.559
5146,98,28367.338,15850.145,102.502,707.052,89.617,5.464,9853879.976,10.77
5147,98,28716.896,16081.664,7.711,67.966,91.402,10.159,34060686.284,7.272
5148,98,28868.89,15628.101,278.893,10368.34,0,5.509,10013882.897,6.579
5149,98,32429.409,26260.904,141.218,1721.252,0,3.068,3106026.831,7.531
5150,98,32689.52,26983.738,151.236,2957.862,0,6.944,15911561.737,7.372
5151,98,33036.276,27376.337,196.497,4139.122,0,8.43,23450490.543,9.31
5152,98,33680.529,27092.882,43.97,67.924,57.116,1.826,1100339.089,12.6
5153,98,34638.371,28720.834,4.588,43.692,77.308,3.07,3110839.619,5.675
5154,98,35132.345,29970.933,54.639,114.968,63.932,8.258,22506850.508,23.989
5155,98,35334.601,29362.243,82.271,279.414,69.103,4.836,7718066.09,14.844
5156,98,35487.557,27571.175,99.248,539.527,29.927,2.889,2753826.463,9.886
5157,98,35475.36,30420.692,159.756,3290.885,0,5.566,10224617.832,6.786
5158,98,35484.415,28207.95,311.811,7578.949,0,5.169,8817317.361,9.254
5159,98,35610.141,29601.497,7.822,33.897,83.351,2.831,2644579.011,6.992
5160,98,35939.615,30124.604,223.77,3940.306,0,3.363,3732606.963,8.065
5161,98,36237.669,25437.494,3.944,24.294,58.749,2.923,2820324.402,7.969
5162,98,37281.574,26248.712,128.839,955.035,0,4.558,6857999.897,11.021
5163,99,10015.35,39013.487,145.913,2978.876,26.628,4.094,5531082.633,5.964
5164,99,10322.529,38195.08,211.527,8574.062,0,9.695,31017091.763,6.419
5165,99,10274.647,39365.583,202.418,6813.66,0,5.9,11488543.796,5.83
5166,99,10395.127,37660.395,142.098,2766.702,0,7.376,17955524.77,7.272
5167,99,10573.912,33541.097,226.504,7432.827,0,9.549,30089327.843,7.878
5168,99,10584.476,34050.571,142.781,2583.269,0,5.134,8701146.684,6.707
5169,99,10720.474,34643.675,11.596,38.584,134.017,4.234,5917402.282,8.149
5170,99,10693.314,35003.713,69.348,305.981,107.001,6.074,12176304.93,12.226
5171,99,10603.804,38814.147,109.096,848.935,108.804,5.22,8993439.787,10.078
5172,99,10793.487,35549.932,245.793,9982.383,0,6.843,15452458.231,6.137
5173,99,10735.812,36667.577,61.739,257.64,177.471,8.976,26588966.445,15.214
5174,99,10827.989,33004.397,141.094,2612.298,0,6.914,15777895.544,7.294
5175,99,10857.384,38328.585,189.884,5768.164,0,10.925,39386816.67,7.894
5176,99,10959.361,38004.191,5.878,63.502,128.856,11.369,42652987.354,7.861
5177,99,11024.214,33673.392,93.986,521.832,87.505,7.399,18064952.328,14.264
5178,99,11197.687,34241.99,5.213,67.344,139.565,10.518,36511846.603,6.985
5179,99,11090.151,37319.041,131.578,1492.546,118.475,6.079,12194648.055,9.349
5180,99,11308.169,35030.103,106.02,1298.255,129.719,6.066,12143034.796,7.632
5181,99,11279.945,36077.717,7.337,87.43,131.604,12.97,55517102.944,6.856
5182,99,11386.225,9571.337,45.87,72.823,33.528,3.085,3140397.152,14.722
5183,99,21677.735,30633.288,90.67,524.24,70.899,4.161,5714152.881,10.036
5184,99,21741.557,29984.765,193.612,3790.308,0,7.817,20167448.555,9.343
5185,99,22278.46,30371.346,74.411,270.979,63.089,2.468,2009403.385,10.371
5186,99,22803.565,29310.225,4.134,26.46,73.966,3.874,4953253.41,8.286
5187,99,22855.149,30090.603,141.482,1856.271,0,5.833,11229671.95,8.689
5188,99,23349.632,29075.086,145.692,2607.536,0,5.178,8847504.56,6.859
5189,99,23689.166,28934.503,62.435,232.343,84.548,4.454,6546978.226,11.139
5190,99,24105.666,29159.868,95.355,587.11,25.373,5.301,9275292.489,10.985
5191,99,26647.485,13383.352,184.751,4422.94,0,11.005,39967045.946,9.419
5192,99,26771.466,12777.503,211.802,5550.253,0,4.303,6110819.208,6.465
5193,99,26813.984,13694.589,168.824,3384.745,0,7.221,17206555.747,7.964
5194,99,26989.956,13965.365,96.009,404.481,85.556,6.075,12179407.19,16.015
5195,99,27259.744,14462.634,101.529,558.319,89.5,3.72,4567916.65,10.715
5196,99,27510.06,14816.239,157.004,4048.258,0,10.329,35207820.23,7.51
5197,99,27924.58,15365.424,6.447,17.71,101.643,6.816,15330923.339,16.58
5198,99,28016.06,14568.24,192.032,5121.389,0,12.124,48505469.303,9.477
5199,99,28243.652,14864.302,219.195,6485.251,0,5.054,8429589.904,6.374
5200,99,28321.513,15872.501,178.182,5220.833,0,8.427,23435721.353,6.736
5201,99,28422.96,15563.698,187.805,5441.154,0,9.617,30522122.366,7.551
5202,99,28453.592,15151.547,55.546,98.764,118.276,8.721,25100375.756,29.613
5203,99,28798.727,16098.664,275.594,8614.003,0,6.232,12818972.921,7.676
5204,99,28880.452,15519.288,2.742,33.769,116.006,6.234,12825871.498,8.472
5205,99,32668.54,26970.745,135.524,2440.52,0,6.29,13058226.263,6.967
5206,99,33043.828,27359.495,4.177,38.611,85.7,3.223,3427731.301,6.135
5207,99,33585.241,28092.791,77.601,329.972,29.894,4.291,6075784.069,11.403
5208,99,34585.853,28720.954,262.984,6058.548,0,3.06,3090960.935,7.414
5209,99,34641.206,28459.964,279.305,6053.218,0,1.954,1260502.317,7.491
5210,99,35433.048,29372.156,29.091,50.837,79.642,4.389,6357247.79,13.281
5211,99,35516.666,27680.651,6.257,53.437,71.434,6.679,14722316.832,6.64
5212,99,35492.263,28134.333,64.768,319.727,46.474,6.609,14412660.351,11.221
5213,99,35493.131,30431.798,91.298,870.066,46.281,13.48,59963832.487,13.523
5214,99,35619.35,29606.951,79.054,234.918,70.635,2.045,1380678.193,11.658
5215,99,35903.686,30438.555,154.289,2172.547,0,4.007,5299398.203,7.709
5216,99,36195.989,25293.836,49.433,112.84,50.428,5.162,8792175.862,15.083
5217,99,36510.078,28334.482,155.597,1644.361,0,5.733,10846801.182,10.799
5218,100,10340.127,38211.156,216.448,8769.683,0,9.002,26742639.206,6.301
5219,100,10267.001,39362.938,227.615,9283.878,0,8.675,24834313.155,6.391
5220,100,10446.253,37691.669,44.821,107.103,104.313,7.237,17283398.861,17.07
5221,100,10594.09,33627.445,218.614,6312.993,0,2.865,2709722.594,5.817
5222,100,10531.339,38796.732,305.484,15943.577,0,8.466,23650787.026,6.53
5223,100,10746.373,34459.846,65.054,244.502,124.803,8.266,22549741.505,16.283
5224,100,10801.641,35471.245,86.374,400.628,119.127,4.612,7019400.854,11.853
5225,100,10724.727,36555.86,5.897,44.863,171.981,5.895,11468403.124,7.055
5226,100,10823.063,33007.966,56.819,139.284,99.35,2.78,2550097.636,11.843
5227,100,11178.217,34178.569,88.866,153.575,138.497,4.143,5665398.765,24.565
5228,100,11110.967,37294.618,120.581,1373.92,101.79,3.283,3556266.997,7.251
5229,100,11363.571,35070.129,44.386,148.014,194.611,5.613,10395564.661,11.088
5230,100,11275.305,35634.18,58.921,229.29,128.381,6.391,13481279.896,12.481
5231,100,11335.379,36000.837,197.011,6710.57,0,7.014,16235830.555,6.017
5232,100,11364.431,9556.8,125.884,917.526,0,4.262,5995239.558,10.682
5233,100,21460.881,30228.531,144.632,1560.914,0,4.38,6332300.974,9.04
5234,100,21734.08,30627.202,161.973,3057.125,0,9.871,32157117.594,9.609
5235,100,21921.279,29916.163,5.555,56.858,76.068,6.258,12925552.712,6.053
5236,100,22130.708,30447.175,198.88,4483.85,0,8.96,26492876.781,9.227
5237,100,22852.018,30089.136,75.468,358.602,60.489,3.993,5262380.962,10.092
5238,100,23672.499,28955.731,7.698,33.433,94.62,4.043,5395110.828,7.791
5239,100,26643.141,13402.37,162.558,4085.282,0,9.306,28579387.056,7.425
5240,100,27149.048,14280.02,224.19,5867.717,0,6.159,12519677.954,7.499
5241,100,27230.152,13187.63,59.234,255.702,99.719,6.847,15469873.498,12.011
5242,100,27351.123,13474.943,228.441,6632.873,0,6.998,16160520.2,7.444
5243,100,27478.967,14658.051,176.418,5026.06,0,3.745,4629545.846,5.386
5244,100,27932.867,15339.328,259.95,7293.709,0,4.863,7805429.381,7.272
5245,100,28030.794,14603.736,155.66,3946.728,0,2.24,1655219.903,5.104
5246,100,28306.37,15853.5,76.119,520.447,100.33,7.414,18137932.267,10.35
5247,100,28463.844,15157.287,86.528,472.872,113.436,8.414,23362458.776,14.813
5248,100,28881.776,16042.034,193.419,3969.666,0,3.992,5258803.303,6.989
5249,100,32347.071,26336.479,1.782,20.931,55.697,6.099,12274042.924,12.143
5250,100,32605.35,26940.054,128.972,2190.846,0,5.314,9318358.613,6.624
5251,100,33045.271,27342.689,191.073,4675.545,0,12.418,50890258.383,10.322
5252,100,33476.932,26827.683,134.066,1322.228,0,1.519,761396.959,7.616
5253,100,33590.041,27996.503,220.016,3829.804,0,6.716,14885838.371,10.38
5254,100,34032.475,27516.902,148.291,1811.581,0,6.29,13056544.86,9.798
5255,100,34612.65,28470.797,49.483,30.261,81.538,5.701,10727602.52,51.106
5256,100,35082.267,29004.121,183.82,3019.583,0,3.681,4472567.841,7.629
5257,100,35165.669,30001.445,82.785,306.082,48.672,3.497,4036189.873,12.076
5258,100,35487.103,27895.512,171.344,2681.942,0,3.525,4100685.525,7.46
5259,100,35441.576,30404.752,5.696,63.664,108.73,9.99,32934477.52,7.162
5260,100,35625.858,29574.16,85.809,454.333,55.92,7.108,16674611.664,13.497
5261,100,35922.29,30466.36,214.324,3734.888,0,6.571,14247723.061,10.053
5262,100,37256.345,26224.847,142.721,1118.048,0,4.064,5450599.944,10.848
5263,101,10032.451,39030.248,193.811,7041.236,0,3.142,3258579.45,4.846
5264,101,10320.267,38158.876,1.451,50.709,158.521,9.533,29992251.895,7.803
5265,101,10271.623,39334.484,223.042,8676.887,0,8.335,22924401.977,6.403
5266,101,10407.548,37764.912,206.742,5681.662,0,4.733,7391373.834,6.328
5267,101,10554.766,33554.449,78.872,311.549,104.708,8.502,23852337.361,18.399
5268,101,10602.039,34048.698,179.712,3845.236,0,6.369,13388059.836,7.516
5269,101,10694.645,34498.586,183.764,4916.154,0,5.316,9326481.517,6.17
5270,101,10727.673,35159.881,113.823,1209.537,75.509,7.112,16693270.173,9.572
5271,101,10743.916,36702.63,253.181,12988.984,0,11.731,45412517.517,6.799
5272,101,10796.244,36210.674,195.033,5905.358,0,9.045,26996202.91,7.269
5273,101,10800.475,33006.863,188.048,4697.282,0,4.624,7055456.781,6.301
5274,101,11006.797,33650.527,154.611,2512.058,34.027,4.825,7681998.565,7.425
5275,101,11096.394,37329.835,211.132,7866.053,0,7.008,16209797.573,5.927
5276,101,11213.761,34230.986,155.072,4164.207,0,13.129,56884061.669,8.35
5277,101,11321.793,35058.056,133.103,3803.687,46.67,7.415,18146344.368,5.336
5278,101,11280.066,36007.383,0.592,67.475,144.052,5.243,9070611.126,4.732
5279,101,11397.41,9576.918,128.663,1075.671,0,3.775,4701858.726,9.464
5280,101,21516.518,30171.408,190.828,2894.795,0,5.074,8495043.472,9.097
5281,101,21736.803,30621.236,183.632,4756.075,0,9.113,27406753.399,7.861
5282,101,22155.137,30480.626,7.497,68.468,89.305,10.522,36535970.549,7.344
5283,101,22700.398,29441.422,171.482,2652.042,0,8.092,21607422.631,10.448
5284,101,22841.058,30077.391,165.902,3120.806,0,7.339,17776427.109,8.309
5285,101,23619.695,28887.157,219.265,5402.596,0,5.826,11201008.031,7.537
5286,101,23928.29,29313.007,172.704,3023.998,0,7.91,20645881.298,9.402
5287,101,24135.838,29010.961,165.107,2541.771,0,4.19,5794035.459,7.688
5288,101,26632.822,13460.627,154.3,3398.781,0,5.348,9437930.591,6.275
5289,101,26738.993,12869.438,207.657,7102.953,0,6.936,15877038.764,6.19
5290,101,27005.835,13820.061,45.8,34.377,96.342,3.092,3155483.669,25.826
5291,101,27066.982,14213.753,61.056,132.553,80.345,9.316,28641647.954,27.918
5292,101,27178.828,13161.262,80.319,530.487,76.897,7.862,20398182.521,11.444
5293,101,27493.435,13750.465,59.901,112.13,82.252,3.635,4359870.811,16.338
5294,101,28416.777,15135.11,192.184,6022.782,0,10.817,38611891.9,7.727
5295,101,28811.905,15498.048,67.267,189.771,83.957,6.123,12371331.262,17.259
5296,101,28815.681,16125.994,152.172,2697.098,0,7.568,18899579.611,8.284
5297,101,32383.195,26418.765,166.944,1977.718,0,6.776,15152435.252,11.397
5298,101,32671.023,26985.498,156.326,3100.444,0,5.81,11140696.942,6.964
5299,101,33040.154,27380.754,116.826,418.506,67.056,3.648,4391518.235,15.783
5300,101,33482.985,26815.04,45.08,77.727,50.343,2.333,1796440.115,12.593
5301,101,33594.653,28016.825,167.151,2256.491,0,6.116,12345266.005,9.784
5302,101,34570.566,29371.601,146.639,2140.19,0,7.091,16593902.553,9.03
5303,101,34639.868,28641.031,5.718,60.14,81.636,4.979,8179899.471,5.365
5304,101,34996.807,29038.519,239.896,5183.135,0,4.437,6495773.909,7.962
5305,101,35124.015,29994.869,6.613,48.948,71.975,5.195,8907138.498,6.395
5306,101,35419.343,29354.272,228.669,5040.945,0,6.515,14007105.385,8.81
5307,101,35496.503,27832.344,223.04,4189.396,0,4.881,7861118.293,8.6
5308,101,35476.689,30438.919,185.076,3900.958,0,7.576,18939545.207,8.398
5309,101,35623.736,28192.292,278.849,7985.115,0,6.851,15489475.993,8.598
5310,101,35922.314,30464.02,240.535,4320.349,0,4.547,6824546.97,9.093
5311,101,36161.928,25202.81,14.667,48.808,59.563,2.779,2547770.671,6.941
5312,101,36480.32,28275.167,36.409,76.185,57.136,1.437,681866.389,9.531
5313,101,37300.689,26212.524,104.099,537.167,10.854,2.481,2031007.351,10.139
5314,102,10000.375,39026.922,11.466,63.647,124.361,10.585,36978617.808,9.067
5315,102,10255.758,39407.965,219.043,8142.699,0,7.352,17836940.681,6.196
5316,102,10373.186,39210.308,98.016,713.192,121.871,10.656,37475119.053,15.174
5317,102,10642.554,33642.646,207.744,6687.073,0,9.15,27631442.111,7.318
5318,102,10697.559,34639.444,1.585,37.442,141.577,7.726,19697830.902,8.754
5319,102,10710.75,35150.647,66.909,216.763,118.323,6.167,12551756.873,15.413
5320,102,10708.686,36732.484,209.723,9008.972,0,8.635,24608335.87,5.798
5321,102,10628.662,38824.481,190.695,6455.863,0,9.594,30377253.004,6.772
5322,102,10797.692,34443.718,2.294,50.236,139.035,11.494,43602144.497,9.034
5323,102,10780.531,36275.464,99.045,658.229,90.792,6.09,12239786.488,11.426
5324,102,10775.988,33014.928,239.515,6322.993,0,7.288,17526457.233,8.416
5325,102,11040.501,33668.475,181.748,4700.447,0,6.604,14395292.305,6.732
5326,102,11105.508,37338.975,236.775,9150.712,0,5.527,10082101.267,5.784
5327,102,11175.315,34276.852,90.626,827.891,85.487,5.626,10446088.272,8.208
5328,102,11298.173,35073.04,205.483,9298.555,0,10.677,37621296.043,6.072
5329,102,11309.195,35986.474,53.421,126.64,140.344,5.373,9526039.632,15.709
5330,102,21726.977,30628.408,129.634,2826.853,0,8.113,21725136.871,6.558
5331,102,22161.777,30439.942,52.818,108.345,95.7,5.098,8577374.024,16.973
5332,102,23039.442,29989.935,7.474,46.377,68.659,8.144,21887910.115,8.573
5333,102,23672.951,28927.045,49.247,134.504,91.985,8.314,22809961.624,17.834
5334,102,23919.733,29279.633,169.751,2893.809,0,4.645,7120841.334,7.548
5335,102,24109.616,28938.774,54.44,143.449,45.68,3.122,3215626.888,11.445
5336,102,26635.933,13360.257,3.742,105.9,137.767,14.043,65083450.092,5.629
5337,102,26696.53,12847.332,214.024,6925.246,0,3.872,4948369.843,5.615
5338,102,27198.693,14310.546,229.221,7142.827,0,9.494,29747202.86,8.252
5339,102,27201.293,13201.231,4.55,104.824,93.523,7.877,20474982.759,4.23
5340,102,27416.151,14654.742,134.727,2858.451,0,5.606,10370313.355,5.988
5341,102,27557.161,13811.768,152.132,2603.117,0,5.228,9018678.031,7.286
5342,102,27989.781,14619.838,199.539,5830.903,0,6.431,13648732.185,6.527
5343,102,28323.133,15836.83,5.274,65.047,127.687,6.37,13392889.349,5.508
5344,102,28878.255,15518.069,3.968,74.278,107.439,6.228,12801249.876,4.856
5345,102,28940.009,16132.718,29.561,45.485,71.931,4.335,6202018.792,14.614
5346,102,32697.379,27009.051,62.632,245.679,82.975,6.865,15552348.168,13.485
5347,102,32941.218,27323.574,134.036,2249.523,0,7.445,18291673.696,7.812
5348,102,33513.788,26795.37,28.343,47.875,48.327,2.401,1902679.72,10.796
5349,102,33521.196,27839.915,5.547,77.002,67.339,3.497,4034643.808,4.24
5350,102,34292.499,28025.751,197.609,3107.309,0,5.612,10393711.577,9.479
5351,102,34640.891,28526.633,2.154,4.244,72.394,5.909,11521119.562,49.741
5352,102,34561.09,29397.351,2.221,26.526,92.656,2.999,2968639.693,7.425
5353,102,35181.235,30030.854,90.903,330.822,62.368,4.06,5439276.226,13.806
5354,102,35361.73,29372.401,10.512,38.265,89.449,5.262,9136174.249,8.661
5355,102,35465.93,27840.338,29.217,17.294,81.231,1.852,1131737.246,19.896
5356,102,35507.004,30468.193,143.285,2477.221,0,5.283,9209921.875,6.987
5357,102,35667.133,28200.448,50.917,182.499,74.485,3.136,3245532.836,9.09
5358,102,35756.749,26562.32,6.759,19.486,58.98,1.997,1315728.315,8.845
5359,102,36001.698,25139.739,49.747,44.337,57.128,2.596,2223263.437,21.592
5360,102,37289.777,26207.144,94.99,360.439,18.397,4.155,5698324.817,13.946
5361,103,10033.689,39074.888,179.615,5628.855,0,7.764,19891363.259,6.226
5362,103,10335.546,38246.865,223.508,9299.451,0,7.079,16535851.976,5.734
5363,103,10262.212,39360.411,75.284,253.077,141.394,7.918,20691874.721,19.38
5364,103,10502.278,33291.873,130.988,1121.768,54.656,9.298,28528217.477,15.089
5365,103,10442.417,37743.482,194.601,5422.301,0,2.817,2618293.899,5.558
5366,103,10609.343,33688.048,67.372,227.918,114.84,3.352,3707341.516,11.167
5367,103,10710.76,35063.431,194.051,6370.617,0,8.712,25049214.907,6.693
5368,103,10640.99,36886.937,5.888,66.839,186.121,18.643,114694844.851,11.063
5369,103,10611.587,38768.422,105.579,949.11,112.918,8.348,22998062.204,11.336
5370,103,10795.251,34547.203,237.697,8893.516,0,4.528,6766306.1,5.64
5371,103,10834.999,35532.114,46.633,64.091,119.158,5.465,9857364.011,22.979
5372,103,10792.812,36204.938,199.204,6138.353,0,8.634,24602314.432,7.119
5373,103,11062.774,33652.86,225.46,6419.884,0,5.273,9176339.487,6.734
5374,103,11187.915,34192.841,127.768,1816.964,40.531,5.668,10603537.389,7.58
5375,103,11243.815,35719.779,2.477,16.188,164.486,5.056,8436105.087,13.392
5376,103,11319.421,35047.679,193.209,9014.889,0,8.175,22053178.032,5.066
5377,103,11399.933,9599.821,2.833,20.526,34.51,3.275,3539805.788,9.089
5378,103,11357.166,35956.872,150.434,4025.157,0,10.984,39820589.726,7.314
5379,103,21519.472,30226.586,84.099,362.432,41.974,5.067,8473829.004,12.873
5380,103,21788.761,30652.082,124.174,2594.303,0,14.032,64987986.606,9.021
5381,103,22240.392,30399.256,5.444,48.554,87.753,1.613,858566.177,5.055
5382,103,22646.144,29481.97,81.22,170.117,57.57,2.213,1616590.947,14.981
5383,103,22914.028,29327.272,223.305,3980.013,0,5.603,10361317.617,9.439
5384,103,23452.285,29680.185,187.058,2791.455,0,5.338,9402424.311,9.266
5385,103,23658.792,28967.911,192.411,4777.039,0,6.069,12154320.116,6.971
5386,103,26635.24,13374.238,173.654,4950.022,0,3.244,3472332.896,5.237
5387,103,26755.683,12856.649,162.344,3916.639,21.603,7.339,17774493.84,6.826
5388,103,27280.083,13278.949,1.904,47.66,119.16,6.864,15550475.859,6.786
5389,103,27408.035,14677.575,212.166,6929.363,0,7.729,19711984.812,6.78
5390,103,27560.6,13794.445,145.182,2396.71,0,6.748,15025171.263,7.994
5391,103,28028.661,14647.038,53.254,96.321,116.626,5.467,9865262.8,19.794
5392,103,28352.766,15860.919,72.045,275.552,106.783,7.501,18568646.562,16.126
5393,103,28485.302,15177.159,195.488,4706.085,0,7.703,19582264.048,7.98
5394,103,28879.829,16082.254,6.184,68.596,89.297,3.644,4381649.641,4.628
5395,103,32669.792,27000.296,147.936,2643.891,4.58,3.336,3673404.617,6.27
5396,103,33000.045,27328.984,188.526,4182.252,0,4.086,5510936.523,6.596
5397,103,33352.087,27713.524,56.429,170.482,66.697,4.645,7120338.869,12.441
5398,103,33570.099,26917.391,166.964,2068.257,0,2.865,2708827.521,8.112
5399,103,33564.63,27989.878,191.636,3021.343,0,3.312,3619050.98,7.834
5400,103,34594.778,29383.604,141.043,2436.031,0,7.863,20404414.197,8.148
5401,103,35143.947,29998.119,77.106,281.256,58.687,3.768,4685925.824,12
5402,103,35421.994,29364.372,77.743,269.359,66.917,4.09,5519428.667,12.95
5403,103,35465.46,27791.364,141.365,1775.093,0,3.836,4855206.563,7.766
5404,103,35537.662,30494.18,144.727,2832.927,0,4.629,7072488.372,6.256
5405,103,35680.394,28164.164,78.344,188.286,74.63,2.311,1761767.938,13.598
5406,103,35655.601,29701.737,178.562,2901.478,0,7.464,18383523.445,9.897
5407,103,35925.595,30398.395,5.403,46.876,63.679,2.577,2192189.171,5.375
5408,103,36230.89,24593.331,158.681,1745.857,0,3.087,3145442.806,8.582
5409,103,36473.527,28237.297,9.106,29.333,65.846,3.124,3220719.377,8.141
5410,103,37275.31,26252.466,92.168,288.476,20.146,1.609,854392.186,11.803
5411,104,9996.373,39090.61,178.957,5281.86,0,5.689,10678949.21,5.808
5412,104,10287.804,38219.655,150.546,3880.817,0,9.429,29338629.683,6.928
5413,104,10343.533,38538.656,64.016,142.07,138.785,7.537,18748894.596,23.838
5414,104,10223.894,39377.835,207.793,7773.001,0,6.614,14437809.683,5.734
5415,104,10405.959,37735.909,133.027,1746.445,36.107,4.644,7116581.221,7.669
5416,104,10712.84,34906.076,213.983,7119.955,0,5.29,9235654.235,5.9
5417,104,10711.79,35153.194,151.062,3784.703,0,4.631,7076910.201,5.517
5418,104,10794.04,36216.503,164.844,4467.017,0,6.284,13032164.052,6.007
5419,104,10745.865,36694.211,119.378,1173.602,130.624,5.963,11735945.971,9.612
5420,104,10905.31,38197.962,145.278,3994.437,0,5.803,11114808.785,5.367
5421,104,11041.196,33728.505,73.753,332.186,100.231,6.278,13008088.733,12.786
5422,104,11172.362,34226.427,211.658,6716.214,0,2.876,2729567.978,5.427
5423,104,11116.973,37149.386,206.386,7462.547,0,7.308,17622877.785,6.051
5424,104,11245.044,34735.221,50.993,57.077,142.064,4.825,7682038.767,26.506
5425,104,11317.083,35073.349,174.395,7103.549,0,11.384,42769856.476,6.018
5426,104,11274.12,35705.715,310.948,14565.977,0,5.648,10526585.811,6.118
5427,104,11316.683,36081.41,2.182,50.151,132.584,6.652,14601685.891,6.447
5428,104,21795.587,30617.854,145.542,2986.461,0,10.357,35401061.085,8.507
5429,104,21902.709,29895.624,180.055,2797.273,0,6.841,15443369.693,9.836
5430,104,22637.628,29442.238,7.021,60.844,69.968,9.839,31950157.057,7.637
5431,104,22958.573,29998.683,6.306,44.041,66.977,8.529,24009079.329,8.901
5432,104,24079.339,28960.729,6.223,24.241,64.488,2.719,2440399.315,8.188
5433,104,26641.483,12957.259,4.701,48.606,135.175,4.52,6743008.411,5.862
5434,104,26644.732,13394.952,160.948,5268.258,0,16.881,94043397.937,8.684
5435,104,27205.916,13255.514,166.426,2692.323,41.726,6.231,12812806.859,8.616
5436,104,27255.117,14461.342,52.416,103.95,127.896,4.139,5654823.282,15.418
5437,104,27403.224,14668.782,170.59,4858.674,0,9.956,32711945.901,7.251
5438,104,27563.843,13913.324,249.139,6669.99,0,5.04,8381271.468,7.377
5439,104,27839.484,14400.183,0.983,61.514,96.238,4.967,8141629.451,4.951
5440,104,28160.543,14797.333,2.764,39.081,107.48,4.911,7957750.456,6.792
5441,104,28820.321,16150.757,124.94,1471.387,18.647,3.004,2978237.12,7.143
5442,104,28903.801,15650.627,184.778,3447.931,0,7.189,17055983.854,8.954
5443,104,32472.107,26553.854,168.15,2081.733,0,4.095,5532822.193,8.896
5444,104,32689.951,27007.454,143.709,2760.991,0,7.029,16304939.808,7.245
5445,104,33043.195,27369.833,39.526,94.796,101.354,7.056,16429435.855,15.588
5446,104,33508.84,27939.081,136.236,1714.241,0,5.073,8491365.458,8.253
5447,104,33757.24,27519.485,8.166,40.091,67.525,4.483,6632519.429,7.245
5448,104,34574.12,29384.994,48.161,107.178,85.726,3.23,3442054.026,12.163
5449,104,35122.44,29988.929,7.7,40.107,64.843,7.419,18165023.783,9.166
5450,104,35487.645,27772.971,299.088,6297.803,0,3.209,3399211.906,8.529
5451,104,35520.693,30479.583,6.67,42.979,89.536,5.269,9161964.751,7.059
5452,104,35640.439,29759.683,3.508,20.339,69.635,4.09,5521403.075,10.126
5453,104,35837.198,28238.695,12.841,23.067,73.349,4.927,8009945.388,13.486
5454,104,35890.047,25107.038,68.873,167.364,38.583,3.047,3063628.086,13.678
5455,104,35899.769,26116.058,166.923,2126.629,0,2.324,1781633.345,7.73
5456,104,35973.821,30378.443,61.209,140.813,59.658,6.398,13509028.304,19.776
5457,104,36137.47,27491.42,90.688,374.633,37.889,2.849,2678310.822,11.104
5458,105,10008.636,39015.151,74.64,351.381,119.061,5.203,8934159.195,11.27
5459,105,10246.58,38516.494,42.539,116.994,124.495,12.621,52568878.535,22.688
5460,105,10292.175,39438.308,2.958,65.446,162.379,7.53,18713546.162,5.67
5461,105,10478.663,37757.807,2.86,52.596,111.485,4.583,6931038.989,5.433
5462,105,10620.911,33708.431,59.482,85.474,113.422,4.172,5745149.402,21.582
5463,105,10699.42,34450.308,209.528,6520.847,0,9.699,31042201.621,7.801
5464,105,10690.573,34960.007,1.476,51.249,130.041,5.179,8850099.355,5.681
5465,105,10721.181,35691.83,174.236,3735.688,0,4.114,5585619.597,6.434
5466,105,10719.231,33036.144,6.566,44.708,68.905,5.664,10587430.044,7.063
5467,105,10754.678,36240.784,3.136,30.405,137.74,4.212,5854576.923,7.653
5468,105,10939.653,38033.287,159.452,5048.774,0,6.9,15711946.29,5.467
5469,105,11053.873,33732.193,167.184,4203.695,0,8.741,25212877.318,7.335
5470,105,11177.986,34184.146,162.222,4696.467,0,8.612,24473899.736,6.419
5471,105,11119.136,37129.306,6.594,41.238,139.81,8.579,24286747.687,9.514
5472,105,11328.347,35081.35,191.517,9133.3,0,4.534,6785485.72,4.318
5473,105,11357.096,36002.298,6.241,88.058,140.072,6.886,15648124.274,4.702
5474,105,11451.057,9548.641,134.473,1122.753,0,5.726,10820902.53,11.591
5475,105,21516.677,30399.581,4.688,57.406,78.192,5.308,9297627.078,5.534
5476,105,21798.793,30625.204,231.343,5738.82,0,4.412,6423230.447,7.108
5477,105,21963.506,29912.965,168.451,2643.667,0,5.703,10734520.476,8.548
5478,105,22083.49,30396.757,3.491,45.592,83.994,7.924,20719662.374,7.762
5479,105,22504.096,30244.337,180.013,3032.019,0,6.771,15130356.286,9.204
5480,105,22641.228,30235.951,5.589,50.398,72.937,9.206,27967847.219,8.211
5481,105,23302.929,29843.429,179.814,2721.557,0,2.372,1856639.363,7.329
5482,105,23725.72,28974.816,204.535,4829.812,0,3.334,3667289.201,6.412
5483,105,23864.832,29460.846,170.721,2420.766,0,5.337,9398360.7,9.018
5484,105,24080.205,28886.63,8.003,56.265,64.729,3.927,5088135.957,5.548
5485,105,26542.48,12994.226,179.468,5172.866,0,6.382,13439781.642,6.125
5486,105,26655.761,13414.864,134.727,3554.154,42.165,3.45,3928936.975,4.798
5487,105,26766.75,12866.291,219.243,7965.81,0,5.744,10886733.679,5.793
5488,105,27217.93,14404.891,162.211,4306.188,0,7.472,18423968.81,6.423
5489,105,27264.587,13259.308,165.437,4367.935,0,1.812,1083287.487,5.103
5490,105,27588.451,13898.562,98.324,558.14,63.56,2.074,1419760.682,9.017
5491,105,27841.461,15361.459,6.476,46.975,96.774,9.186,27846196.573,8.903
5492,105,28137.924,14733.389,47.712,66.247,112.905,7.714,19637203.796,30.209
5493,105,28387.541,15876.813,36.422,85.034,122.585,5.283,9211128.408,12.801
5494,105,28403.822,15042.096,5.733,50.869,120.042,9.86,32083810.075,8.562
5495,105,28873.371,16108.111,225.488,4616.082,0,6.788,15205855.943,9.399
5496,105,32485.817,26495.285,94.494,299.257,36.359,2.207,1606812.448,12.592
5497,105,32708.739,27004.227,167.554,3252.433,0,5.844,11271711.471,7.415
5498,105,33046.396,27363.741,180.274,3736.08,0,6.91,15755834.408,7.983
5499,105,33523.854,27862.551,27.621,55.368,67.768,2.284,1721969.992,9.555
5500,105,34600.213,29349.955,76.083,286.163,59.078,8.847,25830569.271,19.261
5501,105,35156.755,30010.358,134,1983.395,0,1.468,711229.714,6.144
5502,105,35441.135,28889.036,5.287,44.923,63.275,5.344,9424356.04,6.655
5503,105,35462.288,30433.995,55.257,118.13,93.227,7.651,19319159.213,22.436
5504,105,35871.816,26172.366,64.225,115.498,59.09,6.357,13336901.278,25.238
5505,105,36081.804,27600.437,4.024,41.249,70.166,2.991,2951733.404,5.789
5506,106,9984.336,38997.637,159.877,4570.215,0,9.705,31085821.575,6.797
5507,106,10239.08,38481.215,9.119,58.236,120.978,8.166,22003787.349,7.552
5508,106,10318.304,38220.397,228.827,7879.279,0,3.091,3153143.832,5.455
5509,106,10324.962,39374.433,71.654,210.751,155.416,7.938,20792318.303,21.03
5510,106,10647.991,36900.568,204.58,8005.804,0,7.819,20175387.779,5.845
5511,106,10581.032,38728.762,14.022,58.87,157.906,12.587,52282469.945,12.349
5512,106,10700.554,34522.861,210.619,7510.526,0,8.283,22640578.65,6.528
5513,106,10678.164,34984.99,144.027,3642.58,0,7.274,17462753.031,6.065
5514,106,10726.655,35297.714,176.803,4607.71,0,7.77,19925668.101,7.03
5515,106,10743.375,32969.035,114.709,1191.587,29.372,5.041,8386685.018,8.387
5516,106,10763.303,36239.403,2.82,45.061,135.925,2.562,2166153.914,5.277
5517,106,10921.119,38053.145,138.988,2053.056,77.429,7.406,18101377.958,8.799
5518,106,11030.312,33657.706,70.849,299.054,98.863,7.733,19734521.543,14.966
5519,106,11287.12,34614.859,64.637,381.476,104.871,7.857,20371917.088,10.761
5520,106,11316.287,35005.244,185.691,7672.455,0,7.173,16978465.391,5.123
5521,106,11251.471,35593.06,324.409,15488.164,0,10.894,39163938.661,8.383
5522,106,11341.136,36062.045,60.751,177.69,136.057,7.216,17183575.302,17.45
5523,106,11478.124,9550.575,120.887,706.605,0,4.968,8146760.305,13.066
5524,106,21769.701,30638.154,32.233,71.38,89.932,3.661,4423136.299,10.709
5525,106,21929.945,29890.8,52.441,97.628,63.605,3.902,5023698.047,15.695
5526,106,22346.659,30345.562,136.397,1719.412,9.621,6.289,13054397.241,9.017
5527,106,22558.635,30241.091,8.015,98.555,74.478,10.732,38007144.276,5.628
5528,106,22808.566,29356.734,180.489,2798.752,0,4.959,8114055.873,8.554
5529,106,22753.806,30142.609,191.971,3612.413,0,4.132,5634731.531,7.406
5530,106,23360.096,29117.928,8.783,63.936,72.249,3.898,5014317.394,5.232
5531,106,23699.142,28944.349,160.28,3384.757,0,8.371,23122631.855,7.937
5532,106,23840.096,29440.785,1.965,55.272,61.556,5.388,9579984.894,5.494
5533,106,24076.181,28984.804,72.175,131.647,58.694,6.366,13374378.7,27.237
5534,106,26641.53,13389.611,152.696,4547.38,0,7.626,19194054.439,5.737
5535,106,26756.084,12910.092,264.934,11705.798,0,7.411,18127718.309,6.282
5536,106,27208.524,14402.961,206.037,6198.562,0,11.176,41216899.451,8.608
5537,106,27556.718,13812.793,48.878,60.041,97.269,8.383,23190296.032,36.918
5538,106,27825.05,15295.83,194.406,4061.831,0,5.153,8761589.19,7.447
5539,106,28171.101,14719.025,8.957,37.698,142.169,8.495,23817720.253,11.011
5540,106,28365.215,14983.113,196.499,6385.773,0,10.283,34893257.615,7.419
5541,106,28322.949,15839.419,6.338,94.729,136.39,7.694,19534442.222,4.681
5542,106,28885.361,15653.739,213.295,4178.187,0,5.675,10628043.269,8.59
5543,106,32720.385,27040.681,3.415,96.699,85.481,6.406,13540616.826,4.074
5544,106,32881.814,27279.049,7.552,49.218,76.125,7.255,17368594.202,7.654
5545,106,33520.024,26799.539,3.22,44.996,48.103,4.465,6578949.207,5.998
5546,106,33571.498,27997.628,127.988,786.285,30.084,4.271,6020156.99,12.202
5547,106,34560.582,28636.142,4.082,27.775,82.182,4.855,7778704.007,8.814
5548,106,34660.427,29386.897,67.768,161.091,66.347,4.427,6468452.155,16.338
5549,106,35120.147,29977.813,74.187,364.953,43.457,5.019,8314667.902,10.687
5550,106,35360.183,29359.847,0.377,29.628,75.123,5.588,10305014.508,8.68
5551,106,35494.602,30482.805,44.678,160.393,101.268,10.262,34755078.887,15.484
5552,106,35830.775,25485.681,52.805,77.597,58.472,5.137,8706998.204,22.467
5553,106,35839.925,26200.274,2.497,42.166,65.875,4.07,5465620.065,6.028
5554,106,35882.286,28279.012,118.01,1519.185,0,1.909,1202595.665,6.281
5555,106,36108.805,27543.738,73.384,366.688,36.378,4.788,7564971.343,10.28
5556,106,36438.134,28265.119,161.63,2250.211,0,3.567,4198940.282,7.76
5557,107,10249.007,38387.451,166.223,4612.556,0,9.878,32204409.71,7.225
5558,107,10285.85,39377.304,201.495,7947.17,0,10.232,34549503.468,6.496
5559,107,10486.564,33163.017,174.107,3923.442,0,4.228,5898806.484,6.277
5560,107,10635.192,33683.069,7.976,69.523,136.307,9.776,31540708.724,7.027
5561,107,10646.958,36913.592,174.917,6128.922,0,7.142,16831956.762,5.49
5562,107,10534.309,39021.485,238.087,9834.263,0,12.145,48681244.844,7.869
5563,107,10706.157,35074.943,203.116,6404.863,0,5.949,11679877.138,6.113
5564,107,10724.262,36136.841,148.784,2969.104,0,7.958,20898343.071,7.646
5565,107,10801.386,34401.946,15.759,57.194,140.116,3.95,5148892.036,7.117
5566,107,10962.458,38050.589,180.467,5534.194,0,8.071,21498217.54,6.45
5567,107,11036.707,33642.951,165.875,4173.674,0,7.43,18218534.134,6.76
5568,107,11106.093,37227.7,72.458,170.117,136.762,3.5,4043790.701,15.304
5569,107,11154.157,34218.302,165.362,4807.766,0,2.544,2136013.229,4.938
5570,107,11359.102,35039.928,4.85,151.472,196.253,11.749,45552909.102,3.899
5571,107,11287.307,35617.417,212.512,7146.205,0,5.812,11147101.614,5.991
5572,107,11311.234,36021.092,43.849,137.285,126.353,6.574,14263055.802,12.643
5573,107,21451.166,30205.555,118.428,1327.99,0,3.222,3426565.785,7.221
5574,107,21840.364,30619.027,2.546,55.282,102.016,7.169,16961274.833,6.245
5575,107,21920.295,29919.559,5.86,49.643,61.155,4.984,8197838.119,6.122
5576,107,22625.873,29411.031,184.051,2511.031,0,5.586,10295724.198,9.968
5577,107,22637.048,30220.881,6.198,38.049,87.272,11.476,43465744.749,12.502
5578,107,23622.975,28986.852,64.568,152,92.859,4.057,5432094.943,15.232
5579,107,23842.238,29479.426,58.018,104.474,59.745,2.656,2328849.471,14.467
5580,107,26544.06,12991.722,195.577,4996.959,0,6.859,15524375.516,7.25
5581,107,26638.649,13390.367,139.883,3500.439,0,13.452,59716943.509,8.284
5582,107,27192.56,14371.799,182.976,4926.626,0,9.582,30299354.227,7.821
5583,107,27256.198,13362.223,253.055,10057.564,0,8.855,25878622.191,7.109
5584,107,27362.982,14716.967,11.341,82.156,110.259,9.765,31469046.3,6.931
5585,107,27577.121,13892.381,237.691,7268.992,0,5.559,10199365.851,6.762
5586,107,27822.865,15358.85,172.567,3333.655,0,5.025,8333401.191,7.201
5587,107,28062.33,14708.671,214.839,7814.979,0,7.991,21074981.925,6.424
5588,107,28364.794,15855.398,200.294,6582.148,0,7.151,16874316.905,6.281
5589,107,28393.651,15007.873,174.889,4624.535,0,3.977,5220801.53,5.651
5590,107,29063.794,16048.728,89.897,284.207,47.685,3.879,4966836.888,14.876
5591,107,32638.419,26912.619,171.455,2943.51,0,6.638,14540993.318,8.676
5592,107,32801.278,27138.9,110.323,1022.509,36.423,2.848,2677501.08,7.595
5593,107,33578.247,28025.603,85.169,284.295,44.773,5.189,8885489.839,16.054
5594,107,33628.917,26943.006,122.311,1241.846,0,5.909,11522770.294,9.507
5595,107,33924.791,27365.081,8.11,39.659,64.117,8.155,21945391.997,9.963
5596,107,34538.705,28630.193,99.616,517.988,40.529,5.025,8332890.53,12.509
5597,107,34741.561,29442.519,102.159,436.284,61.2,3.326,3650689.422,12.268
5598,107,35503.147,28883.141,37.471,63.127,53.218,3.141,3256361.951,12.943
5599,107,35516.339,29447.64,14.513,55.15,77.195,9.614,30502986.003,10.906
5600,107,35437.871,30426.305,174.134,3875.451,0,11.347,42493559.479,9.733
5601,107,35512.698,27648.934,44.936,44.686,57.214,4.292,6079205.8,24.997
5602,107,35847.117,28332.209,107.768,605.674,49.518,3.258,3503009.197,10.502
5603,107,35921.19,30319.787,2.29,48.136,68.103,4.905,7940032.942,5.853
5604,108,10308.141,38212.78,180.947,5966.896,0,4.471,6598242.36,5.167
5605,108,10283.321,39374.165,276.362,11515.876,0,1.914,1209035.931,5.251
5606,108,10568.775,33050.81,187.404,3485.829,0,2.679,2368131.288,6.779
5607,108,10602.396,33650.975,71.396,326.298,107.641,3.601,4280319.721,9.687
5608,108,10553.7,39057.05,142.852,3342.147,0,5.876,11394705.166,5.912
5609,108,10722.473,34650.56,9.169,70.343,132.387,11.957,47182140.374,8.297
5610,108,10719.411,35048.686,214.478,8423.736,0,9.439,29399630.162,6.552
5611,108,10804.648,35683.097,135.664,1405.717,71.902,5.983,11813416.68,10.138
5612,108,10796.022,36160.849,4.219,45.883,120.839,4.449,6531696.836,6.006
5613,108,10737.532,36617.928,168.142,5966.877,0,5.733,10845443.876,4.985
5614,108,10826.759,33002.422,58.291,180.225,79.971,5.617,10413555.629,13.793
5615,108,10966.156,38018.493,170.84,4608.416,0,8.8,25557689.574,7.094
5616,108,11031.655,33665.986,197.178,5628.689,0,7.666,19392383.99,7.068
5617,108,11118.719,37205.824,4.518,50.23,142.785,4.397,6379396.678,5.67
5618,108,11140.594,34206.743,259.107,10677.276,0,8.873,25983533.554,7.048
5619,108,11324.538,35094.237,49.6,186.347,182.006,8.013,21187319.384,13.279
5620,108,11321.115,36036.094,177.383,4802.796,0,8.096,21633451.284,6.983
5621,108,11458.459,9532.186,110.737,666.84,0,3.865,4929312.438,10.794
5622,108,21496.479,30202.385,141.389,1255.386,16.24,6.575,14268646.454,12.383
5623,108,21798.171,30623.541,185.587,4282.821,0,8.963,26512382.932,8.589
5624,108,22530.43,30277.679,141.746,2332.021,0,9.488,29706838.538,9.438
5625,108,22799.883,29358.749,1.47,37.634,66.66,2.905,2784505.733,5.912
5626,108,23234.922,29886.826,89.454,581.786,32.6,7.82,20180496.165,12.502
5627,108,23601.012,28969.741,28.018,64.923,110.763,7.938,20796243.926,15.06
5628,108,23840.487,29439.601,2.889,85.034,68.324,4.138,5650447.611,3.943
5629,108,24161.516,29121.296,9.244,31.133,58.153,3.472,3977851.177,8.122
5630,108,26571.629,12951.617,175.807,3326.292,0,5.77,10985743.59,7.758
5631,108,26667.469,13334.609,223.599,8424.716,0,9.97,32804682.836,7.177
5632,108,26974.944,12792.124,162.946,2838.347,0,5.424,9710368.283,7.626
5633,108,27184.707,14332.354,191.745,5442.004,0,10.014,33095097.292,7.976
5634,108,27234.747,13256.538,158.168,3856.931,0,6.927,15834483.32,6.501
5635,108,27565,13892.53,143.432,3020.872,0,3.972,5205394.523,5.764
5636,108,27850.756,15248.474,89.729,290.786,92.292,5.521,10059534.725,17.754
5637,108,28393.774,15914.939,11.027,67.289,140.818,11.597,44384419.211,9.062
5638,108,28469.956,15049.006,71.339,290.463,87.011,6.28,13015863.592,13.543
5639,108,28806.282,15496.184,114.474,628.627,47.425,2.062,1403179.807,9.972
5640,108,32546.771,26849.218,149.098,1906.171,0,5.576,10259999.044,9.002
5641,108,32800.356,27120.919,1.669,67.591,73.268,8.373,23133774.235,5.758
5642,108,33019.244,27375.402,163.193,2271.016,0,2.481,2030705.857,7.324
5643,108,33585.322,26906.873,184.006,2894.37,0,3.329,3656498.663,7.666
5644,108,33543.224,27934.795,279.99,6612.391,0,3.015,2999623.773,7.559
5645,108,34972.96,28956.182,191.776,3207.033,0,5.749,10907334.102,8.973
5646,108,35385.473,29422.61,168.369,2723.046,0,5.155,8769250.976,8.048
5647,108,35382.509,30333.619,87.597,290.771,75.784,4.141,5658149.164,14.548
5648,108,35442.619,27600.244,6.138,42.213,52.626,5.351,9448978.015,7.1
5649,108,35839.695,25520.295,3.189,39.333,46.076,2.69,2387741.124,5.773
5650,108,35815.57,28305.822,167.978,2324.29,0,5.077,8507120.511,8.894
5651,109,10072.335,39113.112,9.62,67.413,141.104,7.421,18174960.901,6.515
5652,109,10292.561,38231.434,260.308,10670.16,0,8.094,21620280.711,6.796
5653,109,10285.676,39366.604,195.291,6049.563,0,5.217,8983045.015,5.81
5654,109,10394.217,37667.539,157.698,2801.495,0,6.293,13067619.742,7.794
5655,109,10506.131,33131.882,154.586,2764.203,0,6.584,14307105.843,7.8
5656,109,10643.917,36916.855,98.386,1051.846,97.152,5.486,9931720.672,7.685
5657,109,10582.171,38960.777,41.756,181.447,125.564,6.933,15864684.988,9.811
5658,109,10714.967,34642.008,7.808,60.526,133.145,7.794,20049697.71,6.837
5659,109,10712.557,34959.72,9.05,63.687,155.599,11.977,47340713.012,9.01
5660,109,10806.252,35680.797,180.032,5094.478,0,5.57,10237952.556,5.954
5661,109,10737.714,36639.636,228.235,9849.036,0,5.032,8354957.952,5.162
5662,109,10883.655,38317.929,10.236,107.686,104.137,7.513,18626347.464,4.763
5663,109,10941.607,37988.596,106.48,800.252,79.623,6.797,15244734.792,11.633
5664,109,11007.286,33685.894,205.699,6394.033,0,6.899,15706969.343,6.556
5665,109,11113.38,37218.96,95.149,605.665,110.071,4.796,7590834.088,10.237
5666,109,11343.134,35076.527,117.236,1089.055,140.767,3.615,4313218.21,8.255
5667,109,11243.384,35622.456,63.7,147.906,124.441,4.69,7257609.463,16.5
5668,109,11436.095,9549.697,65.566,163.658,25.582,5.802,11110759.7,18.111
5669,109,21732.948,30626.441,147.417,2835.419,0,5.468,9865888.083,6.705
5670,109,21941.798,29912.598,152.679,1747.774,0,4.409,6414541.176,9.022
5671,109,22496.354,30256.143,208.898,4546.468,0,9.028,26899849.486,9.91
5672,109,23278.809,29919.106,1.163,25.317,83.479,4.07,5466230.575,8.421
5673,109,23581.258,28969.39,171.155,3143.853,0,6.087,12229656.876,7.944
5674,109,23838.738,29356.163,5.544,63.173,73.894,4.958,8112721.013,5.169
5675,109,26758.971,12689.338,149.49,2553.288,0,6.927,15833399.629,8.056
5676,109,26960.097,12880.864,2.404,38.24,105.269,1.796,1064768.934,5.54
5677,109,27158.951,14341.215,171.477,4390.388,0,10.746,38112170.364,8.276
5678,109,27395.222,14652.503,179.105,4726.67,0,5.701,10727418.718,6.252
5679,109,27496.687,13790.748,207.444,5274.523,0,5.918,11557146.835,7.147
5680,109,27804.26,15291.835,37.248,79.136,93.561,8.643,24650398.221,19.498
5681,109,28081.375,14640.08,9.937,74.425,143.271,7.141,16828957.458,6.008
5682,109,28372.107,15897.454,175.181,5308.528,0,8.895,26112128.741,6.66
5683,109,28479.941,15121.961,8.552,76.97,113.117,9.681,30926660.677,6.561
5684,109,29101.504,15964.162,137.14,1537.594,0,7.16,16918226.716,10.575
5685,109,32719.182,26973.587,163.362,3114.963,0,7.813,20143033.078,8.392
5686,109,33548.15,26901.987,21.793,38.718,64.144,6.994,16144037.927,16.35
5687,109,34624.135,29421.667,166.112,1959.152,0,3.391,3796044.275,8.638
5688,109,35359.295,29360.163,4.964,29.983,75.467,3.847,4883399.615,7.707
5689,109,35474.903,27570.112,123.275,1071.338,0,2.262,1689273.86,8.096
5690,109,35803.134,25390.149,72.348,180.144,42.562,3.501,4044963.095,14.654
5691,110,9942.778,39053.448,35.073,91.801,119.039,9.302,28553576.275,16.651
5692,110,10298.525,38238.927,47.635,154.723,134.113,4.268,6010966.924,10.354
5693,110,10426.381,37675.373,99.89,601.171,64.671,5.525,10072825.313,11.779
5694,110,10477.719,33142.525,42.014,98.003,79.881,7.15,16871295.405,16.647
5695,110,10555.745,38633.302,8.513,39.6,140.545,6.134,12415500.047,8.517
5696,110,10557.199,39042.865,9.138,98.916,117.191,11.278,41976779.948,6.003
5697,110,10678.78,34966.411,6.696,46.653,140.866,10.814,38593147.123,10.118
5698,110,10773.167,34526.16,108.423,527.578,114.55,4.434,6489397.515,13.115
5699,110,10944.008,37995.96,198.417,5806.643,0,5.024,8329948.561,6.022
5700,110,11153.285,34155.15,57.817,243.433,115.659,6.177,12591039.482,11.372
5701,110,11085.269,37225.417,196.876,7028.923,0,7.088,16579919.457,5.847
5702,110,11357.092,34947.222,110.869,716.568,145.313,8.054,21404818.847,15.134
5703,110,11348.894,35605.124,7.542,24.168,132.893,4.916,7974739.356,10.721
5704,110,11367.27,36040.09,90.169,913.439,61.826,9.49,29723148.959,9.899
5705,110,11468.333,9522.108,114.355,487.46,16.664,1.194,470285.282,10.803
5706,110,21449.054,30234.175,16.302,35.57,57.369,5.731,10838658.194,12.078
5707,110,21807.526,30622.691,161.328,3167.067,0,12.507,51625888.179,10.878
5708,110,21979.489,29928.127,76.013,140.24,60.72,4.09,5521549.4,20.62
5709,110,22443.442,30260.371,189.31,3182.933,0,3.532,4116837.805,7.584
5710,110,22723.113,29446.268,3.782,35.869,71.457,10.232,34552219.78,11.371
5711,110,22749.402,30063.765,182.392,3272.519,0,4.772,7513600.705,7.708
5712,110,23272.775,29837.285,5.433,23.322,88.889,4.219,5875539.94,9.645
5713,110,23811.919,29403.744,152.855,2500.742,0,6.304,13112991.071,8.094
5714,110,26648.277,13311.665,172.629,5506.925,0,10.331,35222941.54,6.84
5715,110,27120.471,14312.92,23.77,56.616,124.315,8.417,23381678.615,14.718
5716,110,27282.533,13323.692,61.265,219.624,101.707,9.542,30049470.657,18.106
5717,110,27345.473,14653.797,162.981,3163.436,0,8.183,22097795.379,8.468
5718,110,27442.115,13520.862,5.689,53.125,116.571,10.337,35265555.74,8.517
5719,110,27547.306,13792.071,156.456,3081.941,0,8.923,26274987.865,8.513
5720,110,27766.916,15243.084,46.878,96.612,76.472,6.941,15897388.149,19.327
5721,110,28155.964,14718.005,7.817,73.617,151.57,13.809,62932536.007,8.452
5722,110,28459.032,15904.534,245.531,8303.032,0,10.872,39004303.645,8.854
5723,110,28906.56,16058.099,151.043,2472.749,0,5.839,11250558.336,7.776
5724,110,32720.083,27040.746,3.131,37.98,76.464,6.079,12194132.584,7.679
5725,110,33479.951,26768.003,94.062,456.899,30.955,6.145,12462141.985,14.152
5726,110,34240.161,27913.958,175.907,2345.613,0,2.655,2326246.14,7.903
5727,110,34619.904,28575.532,53.558,79.621,60.68,2.993,2956614.212,16.551
5728,110,35358.098,30294.851,42.97,104.873,66.072,7.167,16952649.645,16.25
5729,110,35357.517,29411.376,36.1,57.743,74.708,5.389,9585258.106,17.455
5730,110,35537.03,27562.004,32.496,45.153,50.509,4.91,7956981.844,17.635
5731,110,35565.123,29575.755,198.544,3343.449,0,3.752,4646494.353,7.911
5732,110,35807.342,25654.62,99.207,519.926,21.984,4.574,6903986.84,11.856
5733,110,35861.325,28351.745,187.826,2169.822,0,4.588,6946377.29,10.46
5734,110,35956.151,30420.069,161.805,2039.682,0,5.361,9484063.556,9.463
5735,110,36316.18,25517.323,8.152,46.272,48.955,5.67,10610281.861,7.211
5736,110,36461.61,28230.766,186.639,2721.338,0,3.983,5236508.089,8.476
5737,110,36465.967,27720.201,91.637,229.299,44.72,3.765,4678841.839,17.696
5738,111,9990.285,39108.925,89.182,448.492,118.072,6.322,13189908.212,13.464
5739,111,10337.03,38454.566,33.449,66.959,133.486,3.32,3637949.299,11.223
5740,111,10283.666,39367.87,74.356,391.415,141.143,7.005,16196052.469,12.12
5741,111,10421.874,38045.283,233.07,8311.265,0,7.552,18821013.813,6.735
5742,111,10477.1,33091.262,134.376,2036.2,0,4.989,8216051.347,7.184
5743,111,10542.525,33551.843,111.44,1006.412,63.503,6.819,15344845.607,10.442
5744,111,10612.209,33928.571,195.284,4479.678,0,4.852,7770181.097,6.896
5745,111,10615.346,37002.551,176.028,4849.838,0,5.374,9530297.419,5.912
5746,111,10649.163,35041.471,6.206,57.373,148.053,8.084,21566121.321,6.944
5747,111,10640.406,38734.28,182.48,5159.935,0,7.759,19869378.733,6.773
5748,111,10760.151,33017.547,223.605,5115.85,0,3.708,4538532.073,7.021
5749,111,10785.987,34449.81,167.051,4547.091,0,8.922,26270799.993,6.979
5750,111,10804.168,35711.526,88.909,572.271,91.295,6.999,16165712.71,11.722
5751,111,10798.086,36203.543,333.922,15292.596,0,8.149,21912329.064,7.536
5752,111,10770.709,36646.247,229.553,9193.533,0,6.315,13160895.721,5.762
5753,111,10959.032,38013.7,171.811,4476.349,0,8.866,25942021.971,7.339
5754,111,11094.125,37258.502,112.99,1156.465,99.905,3.968,5195401.109,7.781
5755,111,11173.347,34210.199,73.199,380.03,111.194,4.488,6648165.623,9.735
5756,111,11359.727,35040.45,0.806,51.257,180.387,9.212,28006086.004,7.538
5757,111,11346.17,35999.865,168.621,4590.098,0,4.033,5369113.756,5.454
5758,111,11462.547,9546.2,87.612,356.845,15.02,2.053,1391023.324,10.241
5759,111,21442.11,30324.621,9.571,32.742,73.103,2.605,2240142.605,7.373
5760,111,22432.033,30291.645,58.952,140.013,69.511,6.78,15171322.54,19.541
5761,111,22765.802,29352.345,115.116,1135.321,9.034,5.919,11560024.878,9.317
5762,111,22842.838,30055.969,164.942,3403.494,0,8.992,26683341.051,8.583
5763,111,23552.766,29013.077,147.23,2279.014,0,2.57,2179276.726,6.55
5764,111,26636.656,13281.223,4.608,69.687,116.808,6.13,12401920.735,5.101
5765,111,26741.831,13518.026,225.456,7015.098,0,10.266,34780311.609,8.539
5766,111,27119.908,14324.335,207.225,4255.607,0,3.951,5151166.181,7.268
5767,111,27299.097,14607.475,173.655,4073.17,0,2.204,1603140.176,5.626
5768,111,27364.048,13440.8,226.011,6597.787,0,10.888,39122634.08,9.351
5769,111,27758.878,14357.996,2.534,19.3,97.356,4.05,5414204.135,10.339
5770,111,28190.465,14758.219,56.456,218.365,123.997,9.708,31103936.878,16.186
5771,111,28398.482,15927.47,9.303,94.136,131.674,4.645,7121863.259,4.36
5772,111,28750.29,15417.151,146.65,2462.507,0,8.098,21640708.369,8.7
5773,111,28941.094,15749.464,206.497,4479.272,0,6.788,15204882.141,8.441
5774,111,32480.197,26404.541,10.74,40.911,56.972,3.766,4680382.293,7.306
5775,111,32761.799,27013.599,87.492,381.658,58.55,4.54,6803542.718,12.414
5776,111,33520.575,26799.531,2.307,75.676,58.92,4.642,7111672.715,4.305
5777,111,34213.481,27926.915,0.002,14.901,61.686,3.972,5205305.968,12.25
5778,111,34635.051,28612.545,221.993,3903.727,0,2.603,2236708.774,7.666
5779,111,35370.11,30289.784,66.007,137.87,55.45,5.303,9281639.954,19.881
5780,111,35559.672,27632.385,169.869,2011.562,0,4.815,7651122.856,9.783
5781,111,35775.954,25666.843,45.329,56.657,51.258,3.956,5165517.409,19.797
5782,111,35967.084,30420.963,180.225,2390.004,0,4.794,7584521.829,9.397
5783,111,36287.608,25551.267,127.404,492.013,31.527,1.991,1308253.275,12.963
5784,111,36705.669,26323.768,164.104,1634.132,0,4.04,5386129.348,10.08
5785,112,10004.347,39009.208,95.437,686.834,70.397,5.522,10061319.883,9.99
5786,112,10299.285,38239.965,245.143,9799.196,0,6.521,14031505.984,6.088
5787,112,10279.235,39366.215,204.709,7385.87,0,6.239,12847149.333,5.709
5788,112,10398.135,37666.534,153.931,2894.781,0,6.98,16076937.931,7.695
5789,112,10636.04,33599.486,10.866,68.368,112.183,2.355,1830746.053,4.957
5790,112,10544.554,39023.073,40.453,69.523,110.046,11.326,42331325.579,31.127
5791,112,10722.25,35118.4,4.974,98.608,130.221,7.829,20228136.394,4.441
5792,112,10741.51,33006.757,181.837,3634.825,0,5.479,9905909.318,7.497
5793,112,10793.774,34489.955,236.65,8561.3,0,6.902,15720355.119,6.496
5794,112,10802.789,36238.147,9.802,42.695,131.28,7.3,17584617.738,9.273
5795,112,10784.365,36699.045,222.394,8662.842,0,8.341,22962389.188,6.386
5796,112,10955.64,38055.855,80.449,434.4,97.46,3.013,2995795.297,8.895
5797,112,11047.13,33701.35,193.471,5259.242,0,2.888,2752545.628,5.631
5798,112,11072.711,37183.588,39.681,43.968,129.82,8.559,24175338.84,36.339
5799,112,11154.169,34215.817,164.911,5014.851,0,4.674,7209354.73,5.18
5800,112,11197.849,34637.568,7.876,66.415,139.013,8.812,25623851.589,6.827
5801,112,11339.631,35025.994,41.144,173.953,166.735,9.53,29973632.311,12.138
5802,112,11359.803,35999.949,0.977,73.44,137.467,3.173,3323223.99,4.061
5803,112,11462.372,9580.771,113.3,734.566,0,3.637,4366007.07,10.208
5804,112,21472.691,30228.027,162.548,2269.226,0,5.438,9758668.853,8.883
5805,112,21942.103,30530.636,82.933,295.939,45.29,2.85,2680640.719,11.574
5806,112,22371.318,30340.071,129.953,1977.415,0,6.771,15128955.206,7.861
5807,112,22858.309,29371.518,151.829,1998.672,0,7.783,19992068.354,10.564
5808,112,22831.1,30069.313,142.624,2544.046,0,8.121,21765267.023,8.15
5809,112,23330.314,29811.148,142.584,2128.827,0,5.289,9230275.199,7.685
5810,112,24061.262,28917.446,93.642,343.385,40.089,3.498,4038440.073,13.132
5811,112,26522.73,13036.893,140.579,3605.33,0,8.124,21780172.552,6.177
5812,112,26708.729,13541.674,61.136,240.308,114.478,7.109,16679943.272,13.542
5813,112,26945.056,12877.102,250.858,8832.167,0,8.094,21619772.041,7.397
5814,112,27103.608,14296.372,75.026,288.188,74.827,3.477,3988658.823,11.061
5815,112,27341.697,13371.814,229.727,7182.519,0,3.407,3831596.138,5.846
5816,112,27280.258,14560.233,1.104,87.771,112.571,6.78,15169265.421,4.332
5817,112,27830.978,15280.365,5.661,35.27,88.835,4.943,8063666.167,7.715
5818,112,28168.01,14764.572,171.746,5282.617,0,13.63,61305680.414,8.306
5819,112,28398.124,15923.268,4.963,76.624,149.587,9.137,27553675.367,5.76
5820,112,28793.607,15432.284,178.318,3443.199,0,7.231,17256944.5,8.526
5821,112,32720.605,26955.196,6.248,64.886,82.121,4.038,5380076.781,4.892
5822,112,33142.84,27450.731,61.169,123.042,62.997,3.611,4303967.559,15.641
5823,112,33487.024,26797.483,139.004,1626.34,0,3.375,3758140.781,7.793
5824,112,33520.245,27834.41,5.518,27.297,66.188,4.198,5816784.053,8.609
5825,112,34175.894,27995.162,51.373,100.786,64.744,3.892,4998441.161,14.895
5826,112,34560.941,28558.949,3.387,37.988,65.114,2.943,2858750.693,6.006
5827,112,35304.756,30257.111,101.08,286.854,39.196,2.173,1558005.739,13.97
5828,112,35386.233,29371.637,195.94,3840.063,0,4.314,6142627.598,7.395
5829,112,35836.179,25519.17,4.764,33.742,46.247,4.17,5738981.023,7.293
5830,112,35843.55,29159.41,144.089,1375.814,0,3.392,3796637.089,9.042
5831,112,36024.581,30426.49,59.614,212.144,38.435,3.539,4133265.581,10.26
5832,112,36448.718,28289.723,153.875,1910.096,0,7.656,19343482.117,11.076
5833,113,10038.137,38937.793,82.409,300.446,103.775,5.61,10386302.594,15.309
5834,113,10262.463,38306.805,178.373,4734.74,0,5.73,10834618.774,6.222
5835,113,10292.343,39373.9,156.627,3802.529,14.375,7.906,20625399.441,6.846
5836,113,10411.794,37664.803,158.86,3047.296,0,4.95,8086308.266,6.833
5837,113,10478.784,33085.904,54.349,155.701,56.659,2.656,2328637.753,10.363
5838,113,10652.06,33589.811,220.159,7145.264,0,4.782,7548088.439,5.946
5839,113,10723.124,36745.147,41.107,154.571,147.541,5.134,8697078.044,9.364
5840,113,10770.473,33037.919,183.682,4036.918,0,4.118,5596872.441,6.543
5841,113,10853.38,35628.069,53.053,153.288,121.117,6.071,12165245.543,14.371
5842,113,10917.852,38183.577,199.478,5015.179,0,4.754,7458262.521,6.554
5843,113,10949.416,37803.308,88.705,375.187,90.261,8.86,25903962.883,19.622
5844,113,11057.901,33831.01,81.992,214.554,98.063,3.772,4694476.694,15.868
5845,113,11122.885,34130.252,81.418,378.609,97.559,5.662,10581297.802,12.598
5846,113,11187.842,34695.449,33.094,69.867,146.883,2.349,1820761.318,9.833
5847,113,11321.415,35075.549,146.144,4112.081,38.4,5.43,9729054.825,5.221
5848,113,11310.341,35567.831,89.834,488.953,94.782,6.178,12594727.372,12.541
5849,113,11348.231,36038.417,69.479,348.04,111.122,6.247,12879087.739,11.266
5850,113,11444.249,9480.769,42.807,68.99,36.926,1.917,1212541.276,12.26
5851,113,21517.484,30177.723,201.877,3222.57,0,5.494,9962031.04,9.432
5852,113,21963.252,29858.085,75.157,196.349,47.025,2.645,2309523.667,13.082
5853,113,21919.993,30487.46,6.011,31.046,60.257,5.605,10368950.24,9.093
5854,113,22374.479,30281.913,166.359,2620.493,0,3.527,4105615.713,7.303
5855,113,22689.919,29359.682,77.776,317.382,41.967,3.891,4996162.28,11.3
5856,113,22796.814,30156.218,7.532,63.899,75.22,7.946,20836282.152,6.57
5857,113,23322.15,29805.987,59.613,93.483,70.15,4.926,8008487.323,22.405
5858,113,24137.059,29057.347,168.69,1933.692,0,4.554,6845785.29,9.745
5859,113,26641.787,13439.278,2.218,72.53,136.009,9.035,26938842.993,5.71
5860,113,27027.493,12831.947,110.702,765.675,80.179,9.591,30359593.081,16.185
5861,113,27105.017,14295.641,70.623,214.594,85.554,3.348,3698271.24,12.336
5862,113,27311.657,13337.185,167.028,4268.009,0,11.229,41610279.296,8.343
5863,113,27281.754,14602.768,2.596,39.895,123.998,9.79,31630766.209,9.844
5864,113,27791.253,15218.266,186.299,3812.905,0,5.387,9576037.561,7.454
5865,113,28187.431,14764.424,140.378,3629.072,0,12.123,48503315.156,7.561
5866,113,28364.797,15887.48,185.503,6537.245,0,9.165,27723524.56,6.298
5867,113,28726.349,15423.26,110.139,278.619,94.566,2.718,2438693.199,17.122
5868,113,28886.448,15726.428,55.124,222.844,72.825,3.655,4408732.293,9.14
5869,113,32589.069,26476.106,66.234,199.89,57.443,7.371,17928600.923,18.344
5870,113,32817.982,27042.999,135.465,927.513,41.29,2.712,2427981.722,10.145
5871,113,33130.187,27437.831,9.626,32.722,67.669,3.427,3876328.884,7.922
5872,113,33559.089,28033.834,121.886,1311.316,0,6.335,13244913.079,9.393
5873,113,34662.887,28537.998,195.69,3025.163,0,3.444,3913572.957,8.099
5874,113,35377.641,29315.223,149.899,2335.223,0,2.826,2635249.545,6.669
5875,113,35598.923,29599.799,4.892,102.025,64.165,6.26,12932884.388,4.005
5876,113,35836.646,25576.51,27.674,68.4,46.707,6.25,12889216.873,12.149
5877,113,35898.205,24537.387,151.761,1146.018,0,3.176,3329303.834,10.651
5878,113,35917.224,30321.05,8.5,38.995,64.051,5.837,11244405.369,8.394
5879,113,36397.495,25347.573,9.935,38.751,55.893,4.719,7350066.058,8.009
5880,113,36457.492,28311.474,94.2,227.737,52.767,1.541,784070.462,13.766
5881,114,9999.759,38989.687,196.391,5863.035,0,6.153,12494806.241,6.269
5882,114,10308.106,39389.413,191.139,7129.274,0,8.562,24189976.126,5.987
5883,114,10424.956,37696.216,177.89,2265.514,34.949,5.82,11178787.192,10.434
5884,114,10619.922,33561.781,147.559,2067.911,45.803,7.643,19275624.786,9.739
5885,114,10665.449,33851.944,78.166,240.314,90.865,4.485,6639160.514,14.857
5886,114,10593.626,38720.938,79.481,172.103,137.249,2.838,2657749.49,15.73
5887,114,10717.724,34482.854,3.472,50.989,113.73,8.795,25526646.279,7.558
5888,114,10719.953,34849.647,0.666,54.45,146.114,7.979,21008012.61,6.59
5889,114,10715.978,35277.078,9.467,83.52,109.301,8.943,26395097.149,6.07
5890,114,10723.5,36632.243,7.542,69.232,156.016,10.44,35970181.64,7.251
5891,114,10719.055,32997.93,3.113,50.196,87.949,5.892,11458297.81,6.164
5892,114,10816.498,36245.769,9.364,31.755,129.684,5.989,11835955.6,10.274
5893,114,10879.947,38126.652,98.531,492.507,88.577,7.489,18507359.906,16.295
5894,114,11026.048,33659.033,230.943,6155.964,0,6.357,13336450.299,7.654
5895,114,11170.317,34246.109,132.684,1461.071,83.952,2.615,2256553.616,7.515
5896,114,11170.906,34649.66,172.026,5279.23,0,7.117,16716528.693,5.932
5897,114,11116.549,37213.94,183.693,5163.893,0,5.746,10898001.667,6.112
5898,114,11331.775,35067.058,55.628,218.837,179.375,9.783,31583649.171,15.876
5899,114,11289.203,35633.692,194.039,5350.712,0,3.81,4789292.382,5.81
5900,114,11454.804,9473.349,160.494,1370.922,0,4.215,5862324.554,11.216
5901,114,11332.747,36036.963,163.815,4417.742,0,6.603,14390280.789,6.103
5902,114,21509.936,30192.244,116.245,1101.212,11.01,3.974,5212078.112,8.321
5903,114,21985.049,29885.742,97.418,697.347,45.958,3.28,3551366.345,8.501
5904,114,22442.42,30245.745,69.22,123.304,73.22,3.67,4446058.197,18.695
5905,114,22725.565,29383.153,210.891,3515.379,0,4.978,8178774.078,9.055
5906,114,22961.741,29998.68,3.71,71.154,86.188,9.842,31968136.876,6.215
5907,114,23315.924,29759.614,2.668,28.553,92.187,5.641,10500791.378,9.124
5908,114,23631.285,28879.682,85.076,429.325,30.959,4.08,5493383.226,10.508
5909,114,23837.214,29462.663,159.769,2477.015,0,5.449,9799070.459,8.166
5910,114,24182.154,29110.37,187.884,2207.298,0,2.807,2600034.353,8.936
5911,114,26549.529,13033.943,171.266,4307.812,0,2.737,2471828.175,5.472
5912,114,26642.141,13439.284,4.344,83.754,136.867,10.271,34816052.981,5.665
5913,114,26989.404,12813.376,172.67,3869.214,0,8.76,25325181.46,8.214
5914,114,27098.446,14292.184,199.644,4803.446,0,7.098,16625183.704,7.797
5915,114,27317.101,14605.661,47.435,132.42,115.425,8.509,23895891.356,17.386
5916,114,27403.563,13468.486,173.519,4552.315,0,11.093,40606547.124,8.353
5917,114,27588.274,13974.296,173.29,2694.003,4.658,2.58,2197490.546,7.148
5918,114,27915.667,15440.464,5.316,39.757,83.525,6.146,12464526.401,7.771
5919,114,28177.974,14800.568,225.463,8318.473,0,9.514,29869729.171,7.158
5920,114,28324.229,15859.52,158.413,4398.524,0,8.923,26277379.118,6.617
5921,114,28805.505,15439.357,8.717,26.294,117.935,5.431,9732616.191,11.019
5922,114,28969.924,15737.256,183.96,3958.756,0,4.735,7399958.832,6.871
5923,114,32716.839,26958.068,4.142,28.331,77.465,8.066,21468700.527,11.791
5924,114,33156.646,27489.762,148.597,1848.255,0,5.182,8861164.245,8.886
5925,114,33455.696,26802.857,175.594,2139.412,0,1.698,951286.691,7.89
5926,114,33566.863,28093.074,134.656,1098.785,3.618,4.844,7744556.408,10.889
5927,114,33729.496,27139.128,60.62,92.954,50.569,6.243,12860236.33,27.477
5928,114,34650.017,28467.821,74.126,210.615,54.838,4.85,7761203.318,15.896
5929,114,35519.232,29516.193,9.199,35.293,84.427,8.404,23309277.189,11.662
5930,114,35890.137,24582.541,128.299,997.312,0,3.089,3148638.61,9.364
5931,114,35934.836,30110.76,226.639,4139.173,0,3.649,4393386.547,8.101
5932,114,35923.26,30344.651,35.98,72.034,64.419,6.672,14689278.215,16.67
5933,114,36352.088,25368.992,64.9,171.524,35.539,1.419,664860.418,10.704
5934,114,36324.441,25782.088,74.602,142.366,42,2.675,2360584.218,16.138
5935,115,10024.75,38963.8,186.458,5371.586,0,4.139,5652666.396,5.615
5936,115,10334.641,38243.559,219.467,6410.533,22.203,4.422,6452577.663,6.218
5937,115,10279.165,39376.801,154.04,4629.372,0,5.598,10340580.778,5.212
5938,115,10558.87,33045.326,126.804,1255.505,35.004,7.299,17579629.827,11.113
5939,115,10624.353,33561.994,194.473,5250.654,0,7.179,17007179.226,7.078
5940,115,10650.072,33952.829,48.848,125.451,87.19,1.983,1297333.907,9.936
5941,115,10575.293,38669.319,193.208,5514.577,0,3.842,4870914.698,5.689
5942,115,10683.879,34940.803,68.195,360.438,117.15,7.069,16489618.797,11.441
5943,115,10711.953,35307.841,177.344,4859.547,0,10.286,34918707.575,7.841
5944,115,10794.122,36225.31,238.684,8109.482,0,6.118,12350772.665,6.526
5945,115,10762.053,36672.273,181.993,6592.114,0,5.98,11799601.559,5.222
5946,115,10842.856,35635.332,162.639,4262.989,0,6.133,12413696.634,6.04
5947,115,10956.288,38198.79,5.815,22.498,112.384,8.293,22694662.472,15.317
5948,115,10960.133,33654.933,212.104,5767.772,0,6.429,13640630.479,7.148
5949,115,11057.29,37236.097,218.803,5677.704,0,4.239,5929988.474,6.611
5950,115,11209.79,34621.068,179.613,5377.51,0,4.913,7964279.046,5.558
5951,115,11348.308,35036.562,8.566,52.713,177.857,6.336,13248890.095,6.992
5952,115,11280.276,35680.612,1.4,58.203,117.284,5.633,10471218.384,5.368
5953,115,11338.321,36039.019,160.398,4397.702,0,2.549,2143429.609,5.015
5954,115,11430.971,9450.342,48.194,108.653,31.432,4.467,6584943.505,13.868
5955,115,21501.52,30185.24,101.011,466.777,32.462,2.064,1405721.093,10.29
5956,115,21967.649,29948.483,59.844,112.529,86.511,4.051,5416971.186,17.213
5957,115,22564.86,29458.405,60.265,101.068,56.838,5.799,11098964.93,23.923
5958,115,23229.518,29851.752,110.749,881.061,32.726,7.511,18616117.668,12.155
5959,115,24155.966,29082.607,41.489,72.907,43.199,1.178,458252.457,10.813
5960,115,26549.258,13043.884,91.271,255.043,98.359,4.153,5692446.406,17.084
5961,115,26645.479,13454.153,51.885,188.703,133.03,7.021,16267996.559,12.872
5962,115,26994.444,12821.926,65.014,221.172,81.077,10.569,36864852.389,21.538
5963,115,27096.204,14245.257,90.428,676.63,59.122,3.219,3418960.036,7.898
5964,115,27285.193,14594.875,62.751,255.705,84.692,4.411,6421020.52,10.435
5965,115,27375.69,13415.396,136.398,3056.042,0.992,4.821,7671280.526,5.608
5966,115,28192.07,14762.58,164.325,4932.987,0,12.484,51429824.749,7.721
5967,115,28333.209,15885.907,169.138,5478.057,0,7.463,18380291.377,5.752
5968,115,28882.524,15837.509,10.149,61.575,91.498,5.911,11532308.938,6.383
5969,115,31109.806,34656.909,44.3,41.015,22.81,1.921,1218219.241,17.624
5970,115,32637.636,26879.141,14.578,55.621,70.237,6.229,12804643.921,8.321
5971,115,32852.084,27147.009,183.522,3080.73,0,5.325,9359250.947,8.414
5972,115,33196.183,27438.922,5.256,30.324,68.056,3.764,4675979.107,7.637
5973,115,33455.421,26759.086,129.185,1527.027,0,7.525,18688417.219,9.978
5974,115,34638.752,28454.68,43.694,50.939,61.92,2.55,2146215.27,16.534
5975,115,35133.048,29844.69,8.564,24.233,76.098,4.453,6543523.869,10.494
5976,115,35425.33,29388.263,213.134,4160.958,0,3.801,4767418.974,7.559
5977,115,35806.105,25574.681,54.356,87.012,47.912,5.167,8809518.136,21.387
5978,115,35920.784,24609.201,1.119,29.879,43.482,3.753,4648735.459,7.292
5979,115,35839.826,30164.342,9.071,50.038,64.539,4.408,6412763.791,6.375
5980,115,35839.521,30402.981,8.573,60.614,56.517,5.386,9572897.366,5.914
5981,115,36324.532,25790.75,119.563,963.636,0,2.88,2738585.218,8.652
5982,115,36489.639,28273.887,63.493,116.452,47.436,2.639,2298630.431,14.998
5983,116,9939.943,39305.62,89.343,420.436,68.278,3.871,4943975.066,11.147
5984,116,10316.644,38078.242,6.469,79.593,133.847,11.562,44119732.932,6.688
5985,116,10282.544,39401.802,149.405,4291.365,0,5.742,10881280.989,5.297
5986,116,10474.431,37685.106,209.646,5172.101,0,5.269,9160427.963,7.057
5987,116,10622.374,33957.38,211.626,5383.258,0,4.676,7215195.065,6.72
5988,116,10565.455,38977.127,194.297,5558.228,0,4.445,6521696.819,5.86
5989,116,10669.001,34846.495,158.934,4833.637,0,7.743,19785201.458,5.842
5990,116,10730.809,36669.965,196.358,6790.897,0,7.87,20438861.492,6.212
5991,116,10767.538,35779.621,118.042,1259.521,57.6,6.666,14662365.954,9.473
5992,116,10820.469,36219.218,153.651,2690.8,36.163,5.422,9701343.238,7.31
5993,116,11199.1,34275.45,147.002,3801.897,0,8.559,24174955.722,6.482
5994,116,11346.74,35004.022,87.26,439.148,172.335,9.283,28441191.704,17.212
5995,116,11299.706,35624.112,151.876,3293.543,0,6.583,14300761.55,6.728
5996,116,11415.451,9471.556,121.154,771.761,0,3.03,3030285.67,10.199
5997,116,11370.171,36017.058,157.77,3834.546,0,11.848,46328909.334,8.596
5998,116,21506.422,30340.803,157.44,2153.037,0,5.47,9873923.751,8.839
5999,116,21968.692,29818.263,180.049,3011.158,0,5.686,10670259.721,8.547
6000,116,21919.108,30517.092,2.471,21.929,69.087,5.213,8967912.124,10.698
6001,116,22906.201,29343.419,59.154,70.627,68.43,4.21,5850271.211,25.19
6002,116,23235.694,29899.477,67.718,188.799,74.742,6.413,13573298.297,18.073
6003,116,23670.495,28923.209,29.798,43.557,58.879,3.496,4033899.519,13.703
6004,116,23795.173,29456.866,88.406,326.562,42.666,4.238,5927177.195,13.676
6005,116,26515.364,13068.177,165.743,3737.96,0,3.432,3887999.163,5.87
6006,116,26670.481,12658.596,161.938,2165.885,0,5.813,11152833.565,9.403
6007,116,26640.447,13439.184,3.631,167.819,118.017,9.47,29594394.408,3.227
6008,116,27086.444,14274.362,237.194,6020.429,0,5.987,11829701.208,7.876
6009,116,27202.156,14481.931,5.538,40.24,112.16,10.368,35476120.364,10.8
6010,116,27337.61,13381.703,194.325,5908.22,0,10.203,34356617.317,7.716
6011,116,28151.745,14686.68,87.711,644.888,110.288,4.552,6837417.564,8.625
6012,116,28294.152,15866.974,157.798,5706.71,0,11.733,45432989.01,6.219
6013,116,28400.068,15040.351,6.025,78.551,110.91,10.997,39910404.477,6.466
6014,116,29241.631,35935.223,116.01,530.069,0,2.522,2099815.671,11.681
6015,116,33191.175,27562.288,177.258,2408.424,0,8.856,25885239.121,12.63
6016,116,33441.474,26720.986,4.591,42.607,50.596,2.006,1327683.814,5.427
6017,116,33759.196,28241.067,6.339,48.339,59.158,6.216,12750112.822,6.923
6018,116,33812.263,27192.445,184.708,2546.841,0,4.493,6661318.831,9.08
6019,116,35120.934,29845.428,7.347,24.696,76.834,3.001,2971201.48,8.552
6020,116,35413.49,29343.256,145.24,2215.069,0,7.387,18009898.277,8.858
6021,116,35921.111,24647.125,138.883,1020.993,8.996,4.908,7948586.464,12.083
6022,116,35918.47,26000.274,1.634,45.307,47.023,1.55,792936.33,4.981
6023,116,35835.236,30321.091,6.814,32.369,61.763,5.222,8999552.937,8.679
6024,116,36056.253,27713.168,144.067,1702.894,0,6.262,12940427.191,9.813
6025,116,36351.836,25701.236,153.61,1601.949,0,4.396,6378330.196,9.639
6026,116,36309.42,26507.185,273.798,4969.463,0,2.423,1938115.875,8.391
6027,116,36424.654,28306.308,237.072,3348.79,0,4.569,6890767.299,10.652
6028,116,37158.63,26661.646,130.581,929.952,0,3.241,3466915.587,10.13
6029,117,9997.752,39039.315,2.539,53.732,118.1,6.47,13813351.679,6.072
6030,117,10322.439,38146.511,9.606,37.915,140.911,8.941,26379979.069,11.639
6031,117,10318.309,39436.445,3.124,98.516,151.456,6.647,14582043.219,4.056
6032,117,10419.834,37666.463,189.895,4178.358,0,5.047,8407818.815,7.041
6033,117,10592.095,33886.238,106.443,992.698,42.69,5.961,11728037.939,9.226
6034,117,10557.34,39041.671,9.392,44.367,131.824,5.792,11069669.315,7.818
6035,117,10602.411,33037.299,161.134,2506.952,0,8.254,22484542.736,10.026
6036,117,10679.851,33567.764,177.586,4405.401,0,3.827,4834099.125,5.879
6037,117,10681.354,34928.116,195.185,6871.386,0,6.762,15088310.505,5.773
6038,117,10717.734,36799.894,1.713,27.995,144.468,11.674,44973219.93,15.346
6039,117,10613.523,38707.633,227.173,6554.319,0,8.315,22817079.015,8.09
6040,117,10817.932,36261.021,75.282,264.686,105.576,7.328,17722128.099,17.609
6041,117,10992.925,33662.483,165.595,3756.992,0,4.232,5909256.737,6.069
6042,117,10977.743,37806.835,179.265,5258.775,0,14.293,67422689.021,9.261
6043,117,10935.316,38133.1,199.053,6147.755,0,8.473,23695291.973,7.038
6044,117,11088.493,37200.731,116.152,819.21,86.068,9.65,30731312.986,16.632
6045,117,11330.492,35028.654,122.493,2651.017,70.894,6.267,12962929.827,5.76
6046,117,11278.758,35606.057,201.449,5449.208,0,6.004,11896455.363,6.755
6047,117,11329.593,36033.923,73.176,430.787,85.921,3.384,3779156.399,8.221
6048,117,11379.002,9413.11,131.68,911.875,0,2.213,1616010.705,9.531
6049,117,21478.194,30219.492,162.239,2196.101,0,3.97,5200487.639,8.133
6050,117,21583.822,30565.363,120.433,1351.688,0,6.041,12041664.054,8.832
6051,117,21972.335,29923.534,83.678,366.428,58.464,3.04,3050182.593,10.391
6052,117,21938.341,30567.868,137.663,1999.258,0,8.623,24541143.561,9.628
6053,117,22778.999,29368.067,187.03,2857.315,0,4.356,6262297.418,8.461
6054,117,22737.123,30140.388,179.07,3528.028,0,5.668,10601822.276,7.588
6055,117,23232.695,29843.986,152.193,2664.382,0,6.853,15498632.491,7.974
6056,117,23563.679,28930.626,98.891,530.693,24.486,5.643,10507576.048,12.914
6057,117,24145.149,29059.294,176.397,1989.735,0,2.692,2391735.025,8.752
6058,117,26558.896,13121.042,7.616,78.677,95.462,3.77,4689600.761,4.446
6059,117,26623.419,13394.378,121.931,2475.836,4.075,8.219,22290909.883,6.657
6060,117,27041.427,12799.693,6.476,68.097,83.289,4.095,5533669.759,4.79
6061,117,27107.699,14309.014,178.285,3829.63,0,3.816,4805927.596,6.414
6062,117,27281.768,14629.615,21.261,92.679,113.311,7.072,16504328.51,7.938
6063,117,27863.708,15289.588,213.437,4619.905,0,4.2,5822183.246,7.273
6064,117,28159.798,14719.484,3.836,148.149,132.655,5.706,10746174.772,3.05
6065,117,28293.658,15880.746,162.874,4673.445,0,8.075,21516422.25,6.297
6066,117,32692.164,26982.644,173.221,2971.014,0,4.492,6660301.577,7.54
6067,117,33564.546,27955.262,45.207,72.545,55.279,1.951,1255761.449,12.634
6068,117,33679.333,28227.276,33.063,62.654,48.669,8.372,23128044.314,19.896
6069,117,33849.954,27228.367,47.387,107.47,49.394,5.535,10110934.902,15.421
6070,117,34194.025,27805.228,141.554,1630.044,0,4.943,8062096.995,8.909
6071,117,34760.703,28532.252,139.849,1653.392,0,6.834,15414354.919,10.041
6072,117,35039.79,29902.689,82.814,273.079,50.126,5.483,9921905.556,16.426
6073,117,35473.599,30445.902,149.608,1712.257,0,4.485,6637544.385,8.957
6074,117,35554.866,29625.314,167.566,2804.349,0,7.74,19768594.278,9.405
6075,117,36323.059,25597.45,5.783,36.928,56.111,4.725,7368444.683,7.347
6076,117,36341.424,26594.601,209.024,2858.698,0,4.486,6641166.83,9.917
6077,117,37201.705,26640.773,9.117,77.945,39.093,3.059,3088551.133,4.51
6078,118,9928.242,39361.017,144.238,1453.978,38.908,3.916,5061728.716,9.103
6079,118,9990.372,38938.998,86.39,496.237,75.578,3.015,2999732.629,8.914
6080,118,10630.279,33064.547,178.737,3060.265,0,4.487,6645677.994,7.698
6081,118,10564.6,33520.184,7.847,18.234,130.917,10.139,33924064.164,23.352
6082,118,10697.712,34916.115,61.265,302.25,131.569,1.489,731956.703,7.472
6083,118,10823.405,35620.865,207.538,5564.345,0,3.556,4172241.866,6.069
6084,118,10793.343,36274.207,197.311,6064.431,0,8.848,25836202.216,7.169
6085,118,10941.425,33710.489,268.298,9261.261,0,7.488,18501577.549,7.597
6086,118,10936.449,38113.735,170.971,4315.864,8.769,4.07,5467387.186,5.756
6087,118,11119.39,37169.699,0.408,21.964,106.768,12.328,50158803.35,20.006
6088,118,11187.066,34276.941,207.482,7125.032,0,7.087,16573288.201,6.22
6089,118,11191.2,34649.026,25.858,96.249,131.23,8.322,22852622.575,10.217
6090,118,11329.721,35025.394,144.881,3702.094,58.119,6.661,14644382.361,5.858
6091,118,11348.623,36033.876,156.033,4149.419,0,6.393,13489403.026,5.904
6092,118,21556.563,30184.2,202.121,3151.548,0,3.657,4412947.467,8.339
6093,118,21602.565,30516.957,27.332,45.386,77.157,4.419,6443774.118,13.596
6094,118,21939.711,29931.478,52.069,122.649,72.081,5.132,8692375.401,15.125
6095,118,21932.978,30527.059,169.175,2918.811,0,5.216,8980837.628,7.76
6096,118,22751.294,30159.751,109.5,1317.171,0,5.155,8770255.714,7.431
6097,118,23225.453,29863.229,63.676,249.87,82.345,5.141,8722060.16,11.586
6098,118,23589.774,28962.094,8.091,28.414,63.333,5.135,8700477.117,9.858
6099,118,23758.036,29362.545,4.352,35.006,70.99,3.873,4950386.71,6.885
6100,118,26633.423,13401.454,153.415,4508.295,0,8.061,21444350.835,5.937
6101,118,26692.062,12646.666,133.41,1584.473,0,3.774,4699686.336,7.733
6102,118,27088.13,12959.675,50.097,86.721,97.812,5.776,11010983.718,20.515
6103,118,27149.959,14364.626,34.758,59.027,106.001,7.741,19777815.434,21.11
6104,118,27242.223,13234.513,168.129,3825.689,0,4.426,6463547.07,6.173
6105,118,27298.671,14591.473,181.388,4762.981,0,9.573,30246297.281,7.918
6106,118,27434.772,13520.173,6.04,37.037,109.411,3.268,3525139.348,6.55
6107,118,27678.629,15119.759,5.041,52.244,89.533,2.639,2298845.201,5.036
6108,118,28294.097,15857.213,170.016,5804.622,0,14.183,66388311.276,7.754
6109,118,28342.293,14954.124,83.775,429.157,113.078,6.936,15875665.212,13.413
6110,118,28879.003,15807.913,77.145,295.926,83.083,9.053,27048757.152,19.479
6111,118,32740.035,27054.697,39.115,48.289,79.937,4.762,7483001.952,20.739
6112,118,33468.001,26694.642,128.58,1112.629,0,5.025,8333546.958,10.275
6113,118,33808.769,27164.459,115.663,1138.941,0,3.657,4414592.25,7.918
6114,118,34244.326,27842.451,5.495,27.792,55.783,5.765,10966663.684,9.936
6115,118,35057.848,29903.033,43.115,77.219,62.78,2.659,2332937.351,12.494
6116,118,35372.595,29408.334,25.468,28.708,81.159,3.627,4340775.447,16.173
6117,118,35529.912,29581.012,51.396,55.566,83.564,3.135,3244465.441,20.921
6118,118,35863.931,25965.863,115.047,705.153,25.439,1.695,948235.416,9.17
6119,118,35830.754,30314.593,9.392,27.18,59.561,3.769,4687466.209,9.214
6120,118,35985.185,24491.31,55.344,104.121,34.617,1.811,1082794.968,12.442
6121,118,36357.964,25560.204,52.438,66.396,48.243,1.889,1177976.44,15.571
6122,118,37205.89,26614.282,63.732,128.081,38.051,4.113,5582426.616,17.164
6123,119,9950.371,39304.004,169.936,3259.178,0,9.832,31900069.348,9.828
6124,119,10024.211,38981.78,211.885,6188.728,0,7.742,19781084.732,7.352
6125,119,10292.515,38220.266,192.091,5048.299,0,4.466,6582965.753,6.135
6126,119,10287.039,39377.633,171.132,5750.772,0,5.476,9894197.79,5.155
6127,119,10656.742,36948.662,188.581,5139.64,0,10.565,36836280.072,8.394
6128,119,10756.416,34629.97,223.571,7115.435,0,9.577,30270587.831,8.001
6129,119,10705.54,34960.37,45.848,188.864,152.009,3.287,3565493.345,8.025
6130,119,10669.867,38740.311,158.202,3745.289,0,6.501,13949510.536,6.479
6131,119,10799.796,35680.987,2.644,69.625,98.905,4.757,7467514.691,4.577
6132,119,10802.001,36638.054,10.387,52.16,121.209,6.879,15617655.718,7.822
6133,119,11043.483,33671.589,168.269,3898.8,0,4.078,5487594.427,6.004
6134,119,11114.794,37230.016,54.228,210.226,88.429,4.566,6881071.882,10.078
6135,119,11203.799,34278.373,168.068,4933.84,0,9.31,28604789.969,6.766
6136,119,11319.243,35006.269,118.075,1786.407,118.767,3.359,3723673.296,6.094
6137,119,11389.803,9434.947,104.363,425.748,13.619,4.232,5911344.564,14.23
6138,119,11364.701,36035.556,134.536,3269.417,0,9.02,26851002.991,6.531
6139,119,21610.863,30544.785,68.411,160.032,67.769,2.344,1812915.613,12.867
6140,119,21947.188,29909.003,136.049,1858.284,0,6.525,14052088.114,8.634
6141,119,22735.308,29394.392,190.54,2839.535,0,6.491,13904630.523,10.304
6142,119,23279.698,29841.89,8.311,59.496,107.978,4.309,6126741.331,5.534
6143,119,23577.231,28910.805,122.449,1200.191,0,2.396,1895144.291,7.593
6144,119,23850.646,29339.467,209.848,3427.474,0,5.472,9882944.358,9.518
6145,119,26649.919,13342.876,190.499,5689.92,0,11.953,47150486.516,8.488
6146,119,26967.393,12777.827,154.936,2517.546,0,3.594,4262952.542,6.901
6147,119,27252.163,13362.513,220.688,7390.645,0,7.684,19483953.864,6.83
6148,119,27703.839,15114.518,199.59,4387.906,0,5.18,8855884.274,7.337
6149,119,27675.841,14003.628,4.021,24.62,90.559,6.69,14772230.351,11.641
6150,119,28160.15,14719.548,1.602,117.622,129.144,8.298,22722640.162,3.832
6151,119,28319.65,14961.73,5.611,82.202,138.696,8.937,26360145.679,5.474
6152,119,28359.47,15869.905,200.572,6041.858,0,7.346,17808248.732,6.756
6153,119,28728.597,15395.752,218.047,4010.748,0,4.656,7155311.391,8.452
6154,119,32558.544,26106.384,3.451,20.48,44.888,2.482,2033743.03,8.442
6155,119,32776.871,27107.954,149.522,2376.3,0,5.258,9124863.71,7.585
6156,119,33147.696,27464.427,51.04,71.832,60.56,5.239,9059295.762,23.12
6157,119,33520.175,26768.24,2.507,14.948,54.366,8.066,21468946.926,20.222
6158,119,33524.231,27914.379,5.751,31.572,68.596,5.043,8392334.541,8.457
6159,119,34222.981,27935.564,107.557,473.436,29.031,2.994,2957497.031,11.989
6160,119,34676.397,28450.065,74.577,312.202,38.955,4.364,6286038.932,11.326
6161,119,35055.749,29900.143,65.389,137.736,58.136,2.933,2839592.679,14.426
6162,119,35440.595,27602.912,4.558,53.214,52.575,4.108,5570121.981,5.366
6163,119,35512.278,30432.084,241.337,4764.644,0,3.939,5121206.029,8.184
6164,119,35611.492,29639.756,157.878,2460.456,0,5.552,10171310.024,8.13
6165,119,35913.481,25820.966,98.119,285.784,41.149,3.601,4279038.356,16.19
6166,119,35920.242,30318.978,4.016,30.679,61.431,3.615,4313471.78,7.305
6167,119,36040.464,24542.374,137.636,1257.798,0.614,3.689,4490209.851,9.253
6168,119,36001.321,27837.675,4.214,44.798,60.724,4.79,7571323.35,6.257
6169,119,37206.542,26613.308,105.461,657.975,4.785,2.321,1777200.537,9.019
6170,120,9928.674,39317.615,166.308,3166.665,0,5.977,11788663.707,7.541
6171,120,10219.954,38464.587,173.176,4203.805,0,6.9,15710509.782,6.926
6172,120,10283.942,38119.462,175.939,4182.8,0,8.45,23563751.619,7.81
6173,120,10278.563,39396.639,155.084,4490.476,0,9.876,32190255.436,6.641
6174,120,10482.823,33166.549,178.774,3087.191,0,2.741,2478690.628,6.908
6175,120,10599.683,33906.819,181.528,2995.509,20.823,5.486,9932791.623,8.551
6176,120,10509.635,39072.316,42.684,63.98,121.427,4.611,7015757.333,18.155
6177,120,10675.066,36937.562,231.51,6837.179,0,5.611,10389451.25,6.822
6178,120,10716.64,34526.85,106.924,1056.553,61.393,5.909,11523458.177,8.84
6179,120,10709.373,34977.889,222.764,8965.484,0,8.84,25788254.184,6.41
6180,120,10646.417,38718.839,8.92,54.465,115.197,3.93,5096802.036,5.813
6181,120,10723.009,36324.649,5.777,57.343,140.324,9.425,29316768.081,7.533
6182,120,10789.339,36584.94,60.08,151.157,136.441,7.03,16307249.362,19.341
6183,120,10845.404,33199.803,215.953,4959.824,0,3.998,5273721.962,6.975
6184,120,10961.097,38100.077,155.45,3953.362,0,10.693,37737108.164,7.687
6185,120,11035.831,33717.989,197.331,5519.148,0,7.963,20926119.288,7.305
6186,120,11166.155,34198.263,163.591,4600.66,0,9.96,32735538.392,7.097
6187,120,11162.001,37225.998,167.038,4093.631,0,3.133,3239915.977,5.556
6188,120,11325.845,34994.852,160.9,6347.578,0,13.76,62480021.5,6.464
6189,120,11260.644,35462.394,47.608,62.086,120.682,5.016,8302769.629,22.908
6190,120,11305.85,35715.586,236.322,7246.921,0,3.243,3471090.176,5.964
6191,120,11328.816,36006.33,195.799,6152.534,0,8.098,21640610.156,6.723
6192,120,21530.045,30497.436,136.708,1882.523,0,5.094,8563005.099,7.793
6193,120,21936.799,29997.399,156.344,3061.563,0,4.907,7944956.72,6.659
6194,120,22020.051,30507.057,151.248,2697.838,0,6.21,12728462.87,7.512
6195,120,23246.612,29838.374,233.552,6232.982,0,6.895,15688623.156,7.985
6196,120,23935.842,28813.849,65.358,105.45,55.192,4.833,7708615.497,23.017
6197,120,26628.874,13373.542,162.142,4503.395,0,12.877,54722418.224,8.309
6198,120,27279.128,13306.268,44.525,122.195,133.478,6.337,13254569.633,13.866
6199,120,27315.956,14643.267,129.74,2916.684,0,9.915,32443825.157,7.079
6200,120,27644.383,15108.86,175.664,3487.802,0,9.799,31687747.076,9.789
6201,120,27933.392,14389.568,191.431,4299.684,0,10.986,39829606.239,10.212
6202,120,28157.77,14721.16,5.456,71.981,143.292,7.903,20611436.16,5.663
6203,120,28321.474,14965.046,203.231,6382.539,0,13.913,63884342.983,9.52
6204,120,28359.548,15906.299,225.062,8892.715,0,2.575,2187830.516,4.933
6205,120,28682.985,15344,62.024,220.389,66.684,6.69,14770733.939,14.288
6206,120,32402.761,26713.179,8.174,25.438,55.867,7.47,18413213.865,13.687
6207,120,32661.407,26100.103,153.909,1366.631,0,3.796,4756968.176,10.218
6208,120,33065.846,27351.499,205.937,4023.367,0,6.068,12153288.983,8.64
6209,120,33467.18,26732.679,166.587,1775.319,0,3.342,3686937.644,9.188
6210,120,33526.138,27866.085,183.997,2772.44,0,4.532,6779588.815,8.559
6211,120,33785.069,27124.437,42.577,54.278,55.986,2.799,2585637.051,15.914
6212,120,34719.262,29530.719,111.47,503.157,36.322,2.752,2500194.149,11.761
6213,120,34684.749,28476.442,230.538,4405.412,0,5.392,9593799.406,9.035
6214,120,35063.357,29897.397,198.595,3399.801,0,3.882,4973976.774,7.899
6215,120,35465.402,27587.522,145.341,1364.021,0,3.916,5062225.682,9.589
6216,120,35523.654,29451.779,8.171,46.451,86.289,10.032,33213793.542,10.083
6217,120,35919.709,24519.157,2.679,27.279,46.823,4.264,6000633.177,8.25
6218,120,35834.314,25895.627,52.385,61.492,55.998,2.402,1903772.711,17.654
6219,120,35940.865,30401.964,182.772,2425.325,0,3.101,3174237.551,8.338
6220,121,9947.72,39308.727,154.13,2275.64,28.784,4.258,5983035.914,7.599
6221,121,10248.551,38281.602,102.562,735.832,62.273,5.74,10872066.945,10.718
6222,121,10321.855,37998.518,7.452,64.085,108.734,9.763,31453737.695,7.379
6223,121,10318.479,39358.774,3.296,71.959,157.178,4.669,7193625.74,4.498
6224,121,10478.759,33194.888,160.595,2421.315,0,5.51,10020286.153,8.391
6225,121,10591.746,33497.404,89.378,472.36,79.045,8.333,22914114.654,15.523
6226,121,10651.116,36889.276,60.243,168.563,107.506,4.947,8076791.455,14.178
6227,121,10567.776,38787.615,168.893,2001.942,62.625,2.694,2395095.689,8.289
6228,121,10692.774,34649.652,47.773,99.836,112.395,7.365,17902083.981,20.19
6229,121,10687.883,34984.02,73.317,742.702,117.555,4.125,5615686.464,6.172
6230,121,10781.234,35711.023,184.064,5309.077,0,5.651,10539637.127,5.989
6231,121,11158.665,34137.958,51.226,245.256,119.753,7.018,16253539.169,10.26
6232,121,11138.964,37266.581,34.823,110.401,119.66,4.863,7803122.498,9.607
6233,121,11299.506,35017.383,174.731,7297.579,0,15.485,79131437.205,7.107
6234,121,11336.501,36011.688,200.297,6198.089,0,5.51,10019519.514,5.994
6235,121,11378.985,9473.122,106.95,491.888,2.758,3.494,4028155.603,12.228
6236,121,21537.924,30161.172,150.918,2331.464,0,2.783,2555902.726,6.712
6237,121,21497.644,30455.827,70.152,284.65,60.062,7.777,19962064.434,15.425
6238,121,21904.251,30543.666,35.266,47.491,90.388,4.278,6039777.793,17.225
6239,121,22319.635,30322.563,6.526,89.836,67.093,2.764,2520332.672,3.863
6240,121,23192.285,29886.309,25.72,52.321,98.433,7.078,16531589.334,15.149
6241,121,23810.171,29298.818,202.6,3492.779,0,3.772,4696276.213,7.904
6242,121,26649.979,12737.436,134.125,905.066,43.76,2.781,2551865.909,10.235
6243,121,26636.168,13320.29,271.075,10989.958,0,6.892,15677087.115,6.586
6244,121,26919.24,13905.044,199.012,4009.801,0,4.888,7883597.634,7.613
6245,121,26957.472,12834.207,2.457,33.365,103.309,7.291,17545468.037,9.352
6246,121,27115.098,14269.225,67.362,240.113,75.16,4.583,6931704.259,12.196
6247,121,27313.26,13305.698,174.339,4731.826,0,5.752,10917308.102,6.05
6248,121,27272.281,14622.389,199.133,5519.742,0,9.754,31397331.109,8.241
6249,121,27859.839,15113.224,73.168,113.542,83.118,4.054,5422843.474,22.951
6250,121,27915.589,14415.078,163.307,2889.278,0,6.279,13012513.754,8.001
6251,121,28154.595,14753.802,48.151,194.491,121.567,14.93,73557145.422,19.842
6252,121,28398.69,15915.787,3.981,65.657,136.762,7.71,19619624.587,5.814
6253,121,28740.83,15949.817,266.881,8021.246,0,4.434,6489067.594,6.894
6254,121,32521.547,26814.421,64.41,132.68,51.416,1.858,1139466.818,12.779
6255,121,32646.481,26138.376,122.421,1131.28,0,2.944,2860122.739,8.115
6256,121,32764.644,27097.948,177.245,2872.983,0,4.842,7736848.706,8.133
6257,121,33119.318,27438.997,4.991,66.037,73.683,8.498,23834735.341,6.214
6258,121,33540.669,27927.96,63.381,112.172,51.679,4.606,7001313.214,20.224
6259,121,33798.511,27153.75,57.854,129.126,45.44,6.449,13725848.837,19.629
6260,121,33934.012,28358.847,171.41,1984.104,0,3.049,3068621.773,8.688
6261,121,34187.814,27738.515,158.202,2004.534,0,2.262,1688081.267,7.504
6262,121,34790.329,28533.912,153.403,2218.072,0,3.701,4520487.459,7.41
6263,121,35035.67,29936.206,134.523,1560.606,6.219,1.955,1260995.484,7.12
6264,121,35487.578,27594.191,70.684,243.432,36.283,4.645,7120489.043,12.986
6265,121,35520.563,29451.51,10.891,57.127,79.681,5.635,10479175.497,6.77
6266,121,36417.919,28269.947,122.182,941.277,0,3.302,3599169.08,9.3
6267,122,10002.368,38928.677,166.14,4175.97,0,6.155,12501439.975,6.304
6268,122,10282.988,38295.492,271.118,10414.773,0,7.72,19666986.83,7.18
6269,122,10321.219,39360.905,3.746,80.118,148.476,9.758,31423508.743,5.634
6270,122,10599.59,33540.611,59.326,120.896,111.843,4.342,6221844.083,16.709
6271,122,10671.723,36845.745,202.707,5759.256,0,6.607,14404090.851,6.794
6272,122,10706.215,34573.424,80.868,299.541,119.1,4.462,6570333.327,13.178
6273,122,10670.313,34917.12,162.533,5072.433,0,4.734,7395935.216,5.07
6274,122,10744.873,36512.697,211.052,6794.786,0,8.612,24476877.009,7.179
6275,122,10769.063,36281.626,221.47,7187.356,0,6.042,12048855.775,6.378
6276,122,10897.354,33192.436,200.9,4199.367,0,1.916,1211588.624,6.398
6277,122,10979.546,37877.708,215.283,7058.181,0,7.138,16814267.763,6.606
6278,122,11115.467,34146.867,230.417,7714,0,7.199,17102474.633,6.848
6279,122,11181.559,37188.433,68.827,219.334,106.477,6.385,13454493.323,16.299
6280,122,11323.922,35005.459,168.646,7542.216,0,9.605,30446203.921,5.063
6281,122,11373.279,9432.026,147.7,1019.192,0,5.353,9457815.916,13.875
6282,122,11351.611,36022.525,143.171,3738.331,0,6.85,15484094.442,5.784
6283,122,21523.358,30423.377,180.002,3119.612,0,7.932,20765152.084,9.798
6284,122,21962.523,29997.837,72.601,121.249,76.333,3.925,5085199.922,21.095
6285,122,21997.398,30481.789,4.059,38.463,96.6,5.571,10243508.899,7.398
6286,122,22795.748,29366.186,239.008,4319.026,0,3.84,4865287.315,8.546
6287,122,23117.003,29926.142,10.254,52.291,87.553,4.376,6320200.614,6.415
6288,122,24030.852,28848.21,138.358,1353.303,0,7.931,20759511.408,12.637
6289,122,26618.136,12628.296,105.075,1089.502,0,6.017,11947631.268,8.506
6290,122,26647.934,13300.566,216.751,7420.178,0,6.771,15131227.709,6.312
6291,122,26940.596,13930.251,47.038,114.286,78.513,3.534,4122732.142,11.698
6292,122,27203.959,14325.909,231.79,6774.491,0,7.397,18056949.187,7.676
6293,122,27288.765,13342.272,208.657,7226.247,0,10.919,39346856.473,7.653
6294,122,27279.939,14636.386,6.243,112.009,117.91,5.58,10275434.087,3.767
6295,122,27661.504,13980.423,123.665,760.354,48.118,5.986,11823647.752,14.167
6296,122,28147.292,14732.374,44.266,85.987,136.915,11.459,43336276.191,29.603
6297,122,28312.413,15893.426,67.86,326.983,104.503,3.162,3299284.02,8.789
6298,122,28396.043,15038.04,5.742,69.359,121.586,11.448,43253348.971,7.306
6299,122,28742.227,15363.618,29.377,54.669,99.051,5.553,10177978.779,14.473
6300,122,32497.122,26785.872,79.572,149.756,45.279,1.694,946585.146,14.818
6301,122,32802.384,27156.221,52.378,150.277,66.612,8.687,24906896.464,18.385
6302,122,33092.952,27435.379,155.3,1999.135,0,2.421,1934208.395,7.424
6303,122,33529.817,27838.642,6.929,20.764,60.599,3.142,3258196.794,9.632
6304,122,33775.434,27163.802,40.238,77.304,52.955,5.949,11678147.341,16.887
6305,122,34189.292,27745.652,192.056,3244.721,0,7.671,19420741.864,10.308
6306,122,34751.614,28500.694,82.023,230.394,52.996,4.103,5554329.296,15.697
6307,122,35352.003,30245.13,55.478,168.211,48.983,3.244,3472868.092,10.669
6308,122,35489.664,27674.018,110.79,805.849,27.718,1.299,556749.989,8.047
6309,122,35520.809,29524.118,8.346,62.892,81.549,7.041,16361145.657,6.41
6310,122,35779.875,26223.675,200.734,2449.454,0,3.814,4800833.643,9.847
6311,122,35818.081,29908.005,30.948,29.46,64.412,5.861,11337129.319,27.052
6312,122,35999.675,30443.679,2.548,11.041,55.198,7.511,18618421.295,25.173
6313,123,10338.712,38142.693,183.555,4577.237,0,5.99,11842509.468,6.704
6314,123,10560.645,33108.585,83.087,281.928,52.985,6.277,13002546.269,17.552
6315,123,10489.049,39114.785,197.993,6091.853,0,11.187,41298157.75,8.193
6316,123,10593.699,38630.947,57.108,168.464,133.094,8.815,25642447.577,19.251
6317,123,10678.405,34934.702,178.675,6066.013,0,4.801,7606585.103,5.109
6318,123,10731.107,35322.407,158.054,3656.194,0,8.324,22870012.751,7.315
6319,123,10725.817,36370.563,158.283,4064.186,0,9.658,30783454.612,7.304
6320,123,10826.931,35752.373,40.826,74.543,110.269,1.229,498178.687,10.561
6321,123,10903.018,33181.493,134.072,2220.768,0,7.332,17741606.806,7.833
6322,123,10931.935,37977.587,199.722,6333.766,0,8.425,23426093.577,6.9
6323,123,11042.904,33656.686,67.817,296.23,77.574,11.548,44006469.248,19.051
6324,123,11040.319,35521.447,3.354,91.091,126.869,8.245,22434349.397,4.668
6325,123,11147.137,37219.054,94.083,835.188,78.323,4.183,5774435.415,7.745
6326,123,11161.914,34208.805,206.705,7706.009,0,7.175,16987735.097,5.891
6327,123,11322.258,35012.293,161.51,6629.204,0,5.24,9060941.092,4.376
6328,123,11360.488,36006.781,5.006,74.475,125.708,6.68,14724961.042,5.076
6329,123,11440.485,9435.504,7.871,70.832,33.042,2.941,2853981.573,4.58
6330,123,21508.215,30454.671,28.358,49.799,77.225,3.597,4268808.263,11.984
6331,123,21922.575,29989.957,27.897,74.678,75.17,3.676,4458584.099,9.02
6332,123,22856.469,29317.04,217.953,4687.056,0,3.515,4077729.342,7.099
6333,123,23036.065,30000.221,8.506,43.159,88.205,8.518,23943205.346,9.688
6334,123,23233.841,29857.49,44.116,106.77,80.923,7.28,17491757.963,16.8
6335,123,23623.344,28920.783,172.336,2144.255,0,2.279,1713619.651,7.953
6336,123,23713.414,29416.911,157.447,2318.372,0,4.948,8080228.035,8.087
6337,123,24037.913,28841.366,117.317,1466.197,0,4.218,5871127.697,7.13
6338,123,26630.317,13319.059,149.512,3900.663,0,8.644,24657085.808,6.548
6339,123,27106.804,14276.724,187.645,4377.508,0,4.435,6490778.863,6.499
6340,123,27292.907,13267.95,143.107,3567.597,0,17.492,100976105.211,10.261
6341,123,27312.922,14637.111,61.715,330.95,99.207,8.672,24820720.295,12.004
6342,123,27680.859,15083.015,94.756,410.365,61.532,4.503,6691853.086,13.122
6343,123,27921.866,14401.852,7.957,50.43,106.102,5.61,10385830.281,6.707
6344,123,28135.159,15692.481,167.387,3341.831,0,6.338,13258734.698,7.5
6345,123,28239.185,14819.696,8.525,36.51,142.059,9.965,32772194.311,12.532
6346,123,28402.391,15916.061,10.557,58.628,113.305,4.815,7650191.021,6.196
6347,123,28781.967,15487.161,211.495,5011.222,0,4.798,7598669.939,7.081
6348,123,32670.055,26160.913,144.167,1130.851,0,1.379,627518.473,8.876
6349,123,33126.751,27418.821,46.064,80.529,54.683,3.614,4310102.401,14.748
6350,123,33522.653,27922.008,5.154,34.087,62.313,5.916,11551018.214,8.534
6351,123,33765.478,27120.664,6.131,29.4,59.081,4.991,8221483.988,8.956
6352,123,33961.289,28366.037,122.538,1116.359,0,5.489,9941273.001,9.959
6353,123,34218.514,27786.423,35.285,24.463,64.854,6.024,11976657.295,39.045
6354,123,34673.451,29468.181,49.797,74.596,53.297,5.102,8590860.243,21.201
6355,123,34730.883,28471.664,129.485,1588.023,0,3.868,4936780.712,7.49
6356,123,35362.223,30246.323,164.83,1948.751,0,4.72,7351373.741,9.52
6357,123,35481.253,27717.002,68.549,179.374,46.482,2.477,2024030.987,12.176
6358,123,35864.295,25625.69,67.204,127.942,38.619,3.961,5178775.998,18.153
6359,123,35826.009,29897.278,121.263,1070.47,20.253,2.596,2224397.098,8.111
6360,123,35936.576,30411.906,202.651,2804.298,0,2.759,2511702.072,8.444
6361,124,9931.678,39316.425,134.366,1574.489,31.606,4.795,7588406.477,8.413
6362,124,10079.163,38887.1,7.485,42.559,125.621,9.239,28167276.515,10.017
6363,124,10298.657,38217.25,161.932,3326.586,0,6.842,15448181.473,7.416
6364,124,10402.709,39196.36,10.199,67.582,127.267,9.517,29890432.211,7.646
6365,124,10641.08,33520.435,1.441,65.701,115.875,11.249,41757218.06,7.02
6366,124,10609.541,33892.851,182.942,4040.255,0,5.384,9565679.206,6.999
6367,124,10640.32,36819.384,72.115,272.206,91.709,5.765,10968423.316,13.776
6368,124,10705.49,33059.931,59.105,130.035,66.392,1.832,1107190.19,11.74
6369,124,10647.369,34880.276,5.029,57.797,145.887,5.084,8530000.783,5.465
6370,124,10713.861,35314.713,107.19,931.896,64.271,7.088,16580786.758,10.68
6371,124,10740.423,36382.46,195.253,5786.475,0,5.681,10650082.933,6.119
6372,124,10644.057,38674.57,212.994,6897.459,0,6.644,14567914.728,6.434
6373,124,10966.155,37963.555,107.232,983.815,65.257,5.119,8649172.549,8.795
6374,124,11052.724,33672.866,96.243,590.13,77.384,5.903,11501239.252,11.712
6375,124,11170.352,34213.784,230.977,8125.271,0,4.621,7046776.515,5.78
6376,124,11128.118,37213.514,192.231,5173.774,0,7.638,19253478.825,7.232
6377,124,11258.782,34600.451,167.808,4696.891,0,7.865,20413453.284,6.471
6378,124,11353.601,35119.156,5.533,106.971,191.542,8.26,22517114.193,4.339
6379,124,11297.557,35535.181,174.478,4185.255,0,6.501,13948658.793,6.857
6380,124,11318.205,36022.845,153.434,3396.955,0,8.595,24377408.351,7.517
6381,124,11425.364,9446.606,45.09,45.608,30.505,3.481,3999279.305,21.663
6382,124,21505.055,30447.722,165.871,2828.31,0,6,11880632.088,8.145
6383,124,21998.171,30000.351,78.102,250.738,75.919,6.176,12587757.522,17.365
6384,124,22826.147,29321.574,150.721,2260.945,0,6.876,15602856.754,8.887
6385,124,23004.622,29971.548,154.677,1958.559,29.288,5.14,8720113.018,8.989
6386,124,23675.812,28900.338,176.617,2241.288,0,3.917,5063529.939,8.91
6387,124,23786.108,29390.366,225.743,4203.052,0,1.878,1164226.448,7.231
6388,124,24029.258,28908.767,55.501,121.651,42.321,4.539,6799206.097,15.523
6389,124,26627.279,13370.515,155.156,4676.452,0,6.347,13295314.744,5.406
6390,124,27263.975,14602.671,67.762,499.691,105.928,8.053,21402980.002,9.445
6391,124,27297.405,13329.246,163.425,4317.78,0,12.089,48232519.76,8.362
6392,124,27979.504,14468.677,62.352,222.812,105.288,6.447,13718615.997,13.945
6393,124,28201.609,14784.872,41.516,131.239,150.284,14.393,68364147.972,22.005
6394,124,28310.675,15868.397,67.524,261.343,92.592,5.407,9646485.141,12.473
6395,124,28848.096,15521.164,59.208,139.501,77.869,6.711,14862437.352,19.59
6396,124,28846.539,16128.338,157.538,2843.812,0,6.45,13730165.507,7.781
6397,124,33023.585,27404.681,68.841,204.018,41.033,3.479,3995442.623,12.539
6398,124,33437.526,26797.48,197.054,2354.358,0,6.066,12144274.454,12.077
6399,124,33528.209,27873.002,46.75,68.818,58.254,6.466,13796222.017,24.556
6400,124,34158.501,27714.126,63.42,139.547,42.622,4.643,7114552.204,17.067
6401,124,34556.656,28797.608,3.52,32.129,72.212,5.169,8817280.005,8.079
6402,124,34734.706,28511.065,192.113,3513.816,0,5.208,8951918.576,8.112
6403,124,35996.612,30321.295,3.212,38.941,57.624,4.014,5317959.379,6.377
6404,124,36111.031,24456.628,135.276,1122.458,0,4.149,5681475.962,10.143
6405,125,9949.989,39301.002,120.234,1287.726,43.525,4.561,6864178.589,8.18
6406,125,10356.745,38045.533,228.54,6330.378,0,9.177,27790501.423,8.859
6407,125,10587.84,33134.465,210.641,4298.712,0,5.94,11643641.749,8.431
6408,125,10565.974,33422.77,43.654,90.907,92.052,4.394,6371775.849,13.843
6409,125,10572.076,37176.727,180.604,3826.225,0,6.731,14951175.447,7.775
6410,125,10676.973,34922.894,207.422,7728.136,0,9.762,31446408.818,6.764
6411,125,10625.738,38686.52,64.648,294.896,115.629,5.166,8808242.704,10.491
6412,125,10924.579,38012.968,172.724,3731.477,17.234,5.751,10915971.417,6.994
6413,125,11051.02,33658.211,185.677,4139.458,0,5.46,9838303.19,7.055
6414,125,11033.146,36885.227,14.821,47.529,116.152,5.07,8482474.304,8.553
6415,125,11159.037,34152.744,84.759,594.893,92.412,8.748,25253497.969,12.13
6416,125,11130.426,37217.065,263.357,9376.089,0,5.426,9715945.794,6.491
6417,125,11238.415,34633.32,4.566,21.898,135.594,6.296,13083545.224,12.463
6418,125,11307.614,35000.283,194.855,8253.392,0,10.69,37712264.084,6.14
6419,125,11282.54,36004.156,5.654,46.467,119.338,3.886,4982794.018,5.887
6420,125,11388.157,9425.484,54.941,189.21,23.968,1.81,1080820.981,8.774
6421,125,21572.142,30489.459,113.682,1040.935,49.435,2.403,1905003.298,7.582
6422,125,21845.234,30002.487,11.371,54.541,85.944,4.006,5297360.804,6.309
6423,125,22975.014,30017.124,203.847,3754.192,0,6.102,12289462.166,8.974
6424,125,23268.361,29782.421,38.44,84.513,73.682,4.4,6388122.777,12.498
6425,125,23837.104,29394.607,3.91,40.437,85.66,6.288,13050007.922,7.545
6426,125,23873.802,28890.424,78.544,399.569,46.698,6.713,14873711.547,12.62
6427,125,26662.545,13351.561,187.978,6529.811,0,7.649,19309634.227,5.942
6428,125,26852.609,12749.227,77.551,177.015,67.14,3.321,3639252.176,15.933
6429,125,27287.713,14624.21,158.889,3497.574,29.262,9.79,31632545.331,8.324
6430,125,27376.779,13502.104,157.276,3629.206,0,12.057,47972555.632,9.054
6431,125,27668.273,15092.578,178.061,3536.862,0,5.046,8402904.073,7.224
6432,125,27847.471,15399.752,6.249,39.623,90.513,8.836,25768119.646,9.942
6433,125,27944.191,14482.418,177.587,4424.332,0,4.719,7348004.501,6.125
6434,125,28193.696,14760.123,168.753,5147.828,0,10.325,35179725.362,6.957
6435,125,28320.74,15920.645,4.248,77.616,102.881,9.178,27801868.612,5.633
6436,125,28818.758,15488.211,125.431,1632.272,12.604,3.65,4396356.806,6.996
6437,125,28867.33,16144.199,193.32,4064.478,0,4.255,5974403.907,6.99
6438,125,33118.701,27427.233,54.95,109.844,53.461,3.139,3251925.286,13.895
6439,125,34029.006,28375.526,139.807,1592.223,0,6.608,14408359.589,10.147
6440,125,34156.842,27722.608,78.797,229.006,35.333,4.017,5325235.54,14.739
6441,125,34552.968,28756.698,168.398,2875.058,0,5.255,9112286.592,7.812
6442,125,34683.28,28513.891,206.86,3320.514,0,4.168,5733994.514,8.621
6443,125,35439.365,27759.243,1.951,48.876,57.049,5.747,10899707.235,6.135
6444,125,35518.719,29465.048,318.717,8246.118,0,4.793,7580551.333,8.74
6445,125,35843.158,29883.872,74.656,304.218,32.369,2.313,1765544.65,9.593
6446,125,35896.454,30351.569,219.856,3651.067,0,1.819,1091765.976,7.564
6447,126,9959.397,39297.449,73.889,227.051,77.771,4.24,5931661.043,13.914
6448,126,10402.671,39236.602,38.765,110.691,120.727,8.014,21196207.111,14.542
6449,126,10635.576,33871.863,59.876,171.075,91.307,6.746,15019088.148,16.814
6450,126,10643.943,37022.756,6.988,31.327,122.633,5.686,10670311.434,9.344
6451,126,10568.404,38725.403,8.033,39.999,128.796,7.852,20345137.578,9.625
6452,126,10684.15,34857.814,154.973,5173.334,0,10.256,34714063.672,6.078
6453,126,10732.85,35333.165,81.714,363.582,104.273,13.103,56660872.186,24.212
6454,126,10689.65,36624.529,163.743,4180.556,0,9.647,30713319.264,7.52
6455,126,10759.892,33052.074,153.519,2255.178,0,5.879,11405308.391,8.51
6456,126,10763.366,36214.076,188.361,4835.075,0,3.044,3058010.217,5.763
6457,126,10953.765,36904.436,0.401,14.809,128.815,7.646,19294690.175,19.216
6458,126,10948.852,37964.581,321.283,13784.416,0,5.724,10811163.188,6.648
6459,126,11014.753,33673.657,282.385,9323.931,0,8.472,23688754.176,8.692
6460,126,11108.147,37121.762,11.161,54.037,110.058,4.284,6056891.036,6.427
6461,126,11210.847,34285.053,150.64,3686.144,0,8.574,24258548.22,6.875
6462,126,11280.958,34959.67,2.15,102.971,199.511,7.196,17090243.791,4.001
6463,126,11276.42,35598.299,9.442,81.25,121.306,8.779,25432016.163,6.133
6464,126,11307.715,36047.374,177.567,4288.671,0,5.797,11092079.272,6.627
6465,126,21563.395,30490.815,52.969,150.279,85.061,6.894,15684923.447,15.822
6466,126,21841.423,29995.897,6.38,46.606,84.382,4.021,5334739.135,6.031
6467,126,22029.636,30287.888,1.832,17.763,99.526,3.17,3316571.01,9.814
6468,126,22825.042,29319.544,125.99,1905.734,0,8.375,23150389.817,8.581
6469,126,22985.317,29992.159,163.3,2870.249,0,8.249,22457578.457,9.198
6470,126,23816.232,29449.579,147.232,2409.954,0,4.467,6585649.198,7.009
6471,126,26636.312,13377.902,88.479,808.956,100.026,7.515,18639175.399,9.242
6472,126,27279.087,13362.485,9.244,44.567,127.748,5.508,10010339.527,7.573
6473,126,27306.887,14627.887,172.123,4284.369,0,7.495,18537728.347,7.017
6474,126,27575.419,13932.034,206.7,4339.988,0,7.39,18021993.775,9.027
6475,126,27959.366,14446.57,64.263,242.935,101.947,3.681,4471515.967,10.414
6476,126,27999.663,15521.779,6.671,44.434,89.678,5.577,10265833.567,7.065
6477,126,28257.701,15788.616,267.204,7659.631,0,6.019,11955510.7,7.872
6478,126,28239.653,14799.604,3.416,131.011,140.046,11.458,43323294.522,4.184
6479,126,28881.692,15518.722,9.904,67.796,102.051,9.83,31887414.9,7.7
6480,126,28889.618,16126.17,42.123,100.187,86.919,3.815,4803470.072,11.581
6481,126,33118.098,27482.812,63.414,138.372,48.883,6.402,13526236.907,21.231
6482,126,34020.844,28382.529,130.264,1293.565,0,4.36,6275028.105,8.92
6483,126,34137.678,27714.992,65.716,100.951,51.282,3.145,3264229.751,18.682
6484,126,34554.17,28726.384,8.82,46.657,70.089,4.737,7406361.858,6.798
6485,126,34660.108,28505.421,45.818,40.331,62.06,3.903,5028121.675,26.268
6486,126,35442.836,27722.127,109.946,273.4,48.132,5.161,8789073.698,24.797
6487,126,35579.833,29630.119,155.75,2109.203,0,4.851,7765831.305,8.438
6488,126,36081.91,24637.412,5.356,50.234,43.974,2.452,1983692.982,5.132
6489,126,36276.772,27023.16,62.526,149.084,45.773,4.792,7576701.465,16.162
6490,127,10001.967,38954.904,4.979,54.167,122.434,6.401,13522134.825,6.253
6491,127,10285.216,38209.808,209.622,6336.876,0,8.384,23199715.047,7.389
6492,127,10506.735,33257.94,1.526,32.496,91.589,12.284,49801943.973,13.944
6493,127,10469.111,39106.635,222.409,7229.638,0,14.27,67201337.203,10.162
6494,127,10597.057,33027.1,60.612,198.651,59.752,4.378,6324051.392,11.899
6495,127,10662.947,33878.621,228.257,5851.033,0,8.348,22999971.298,8.912
6496,127,10640.224,36830.326,87.529,569.5,93.333,10.121,33801864.157,14.701
6497,127,10544.511,38627.342,111.22,503.341,92.537,4.475,6608287.178,14.156
6498,127,10716.729,34957.127,6.624,106.06,158.844,5.618,10415418.742,3.939
6499,127,10719.772,36402.443,8.407,111.332,111.568,6.345,13286744.486,4.144
6500,127,10768.679,35350.472,173.097,4842.14,0,6.741,14998170.841,6.221
6501,127,10764.58,36078.127,2.833,26.818,111.696,4.458,6557732.167,8.528
6502,127,11026.233,33709.942,253.066,7413.674,0,5.596,10335121.45,7.27
6503,127,11159.089,34254.54,231.027,8017.628,0,5.594,10326966.815,6.123
6504,127,11151.837,37153.54,124.614,1564.721,35.833,4.212,5855449.853,7.37
6505,127,11311.77,35017.729,169.62,6385.053,0,5.613,10398212.712,4.81
6506,127,11345.456,35848.266,228.171,6641.958,0,6.1,12278353.167,7.025
6507,127,11427.131,9505.949,95.252,287.304,25.895,2.837,2656135.762,14.04
6508,127,21576.103,30496.589,174.368,2622.398,0,3.556,4173659.077,7.74
6509,127,21743.461,30561.281,229.894,4548.926,0,3.297,3587989.629,7.605
6510,127,21922.559,29917.802,8.062,40.595,77.502,2.791,2571349.358,6.296
6511,127,22831.327,29324.452,164.961,2905.392,0,2.08,1427890.226,6.359
6512,127,23001.566,30000.633,173.277,2945.947,0,6.121,12366088.738,8.486
6513,127,23798.222,29442.733,181.93,3436.386,0,4.083,5500769.241,7.127
6514,127,23877.603,28848.618,144.63,1529.374,0,3.833,4849712.05,8.783
6515,127,26638.891,13280.539,8.223,87.68,147.361,8.937,26357251.072,5.608
6516,127,27140.85,14322.05,210.132,5912.844,0,8.009,21168295.017,7.634
6517,127,27281.72,14642.702,8.84,108.796,115.857,10.291,34948763.103,5.228
6518,127,27333.861,13349.806,67.651,271.147,119.072,4.55,6830909.162,11.193
6519,127,28146.678,15617.871,203.259,4239.614,0,10.909,39271929.669,11.368
6520,127,28237.835,14801.093,7.206,101.371,128.516,4.72,7352997.985,3.949
6521,127,28233.652,15752.345,6.337,25.523,83.908,6.088,12232046.977,11.23
6522,127,28877.726,15605.917,8.448,53.384,96.794,5.625,10440151.715,6.545
6523,127,28873.813,16052.802,241.019,6240.006,0,4.778,7533168.046,7.259
6524,127,33037.698,27437.568,6.46,34.634,58.612,6.005,11900156.509,8.778
6525,127,33754.908,27113.336,187.059,2266.005,0,3.878,4963478.331,9.502
6526,127,34129.497,27735.198,168.796,2093.535,0,5.164,8800241.78,9.703
6527,127,34565.434,28697.739,226.545,4848.527,0,5.249,9091083.349,8.164
6528,127,34689.88,28463.347,151.757,2123.034,0,3.082,3135532.361,7.242
6529,127,34692.811,29472.9,98.429,474.057,39.208,3.531,4114171.932,11.282
6530,127,35475.318,27639.228,142.089,1444.664,0,4.553,6841635.096,9.435
6531,127,35519.97,29438.266,2.501,51.526,68.594,2.775,2542071.324,4.928
6532,127,35674.565,27233.168,222.088,3264.746,0,5.947,11670258.506,11.155
6533,127,35804.3,26048.162,174.63,1699.777,0,5.409,9654967.22,12.141
6534,127,35724.734,29791.009,228.635,4215.631,0,10.665,37533943.269,13.737
6535,127,35847.041,29953.593,94.758,372.088,40.655,6.004,11895138.212,16.673
6536,127,36117.329,24589.883,48.204,90.405,47.499,4.544,6812999.748,16.125
6537,128,9999.292,38960.832,2.314,114.625,101.074,10.598,37068819.98,4.383
6538,128,10277.216,38274.842,149.512,3261.761,0,4.343,6224388.461,5.883
6539,128,10266.903,39434.763,129.02,2261.173,0,6.057,12107592.629,6.777
6540,128,10427.474,39218.707,73.855,390.537,98.434,8.652,24704190.03,13.782
6541,128,10640.892,33521.523,11.03,68.302,97.328,3.681,4470895.443,5.316
6542,128,10679.122,36929.782,237.78,8068.826,0,8.458,23610351.613,7.47
6543,128,10591.256,38686.977,89.065,440.656,94.076,2.556,2155601.567,9.584
6544,128,10694.049,34594.744,164.322,4359.168,0,6.659,14635164.103,6.203
6545,128,10717.078,34962.755,3.62,59.635,167.254,8.592,24363605.243,6.592
6546,128,10737.215,36453.378,75.077,329.363,100.955,3.659,4417939.809,10.301
6547,128,10843.079,33192.898,55.778,106.739,76.986,6.647,14579499.371,22.359
6548,128,10957.181,38036.511,49.584,135.755,107.355,5.055,8431288.607,12.965
6549,128,11025.371,33704.658,213.197,5279.424,0,6.257,12919218.399,7.577
6550,128,11123.881,37201.082,7.306,78.377,123.745,5.438,9760766.823,4.82
6551,128,11301.704,34989.989,180.188,6934.132,0,5.257,9121204.645,4.85
6552,128,11278.845,35515.942,3.183,33.115,137.329,6.461,13777311.025,8.832
6553,128,11359.819,9513.417,7.746,26.36,27.874,3.956,5165700.582,9.124
6554,128,21605.62,30532.239,146.222,1613.801,17.39,5.291,9239285.094,9.646
6555,128,21895.431,29923.077,213.063,4268.638,0,6.054,12096738.586,8.683
6556,128,21959.087,30433.208,233.973,5114.01,0,4.757,7468451.044,7.947
6557,128,22160.629,29677.197,3.55,55.974,53.944,5.288,9228915.385,5.514
6558,128,22792.872,29325.805,122.005,1268.348,24.997,5.073,8493274.811,8.749
6559,128,23040.07,30000.748,5.346,88.81,88.954,5.106,8604886.058,4.176
6560,128,23779.275,29434.288,252.977,6129.419,0,7.327,17716949.052,9.379
6561,128,23919.805,28862.085,7.084,41.298,49.59,5.997,11868806.911,7.806
6562,128,26636.973,13370.891,115.08,1535.228,58.409,5.413,9668511.665,7.276
6563,128,26659.236,12998.185,86.098,497.533,106.61,5.191,8892907.55,10.637
6564,128,27159.524,14294.811,52.011,126.209,108.345,7.352,17837790.028,18.696
6565,128,27297.917,14572.353,198.656,5941.264,0,6.509,13981062.817,6.434
6566,128,27567.662,13976.774,297.588,7773.903,0,5.969,11756515.399,9.043
6567,128,27954.402,14411.808,122.177,1500.617,34.14,3.365,3735752.972,7.02
6568,128,28234.263,14809.054,207.583,6904.946,0,6.101,12285388.184,6.034
6569,128,28373.16,15882.805,164.309,3409.776,0,3.535,4123311.569,6.158
6570,128,28730.444,15399.081,178.278,3618.817,0,6.254,12908023.546,7.7
6571,128,32669.547,26185.529,56.53,92.81,36.777,4.693,7268189.678,20.166
6572,128,32880.68,27200.664,5.304,42.426,48.617,3.673,4451638.64,6.099
6573,128,33106.525,27532.648,125.356,1187.702,0,5.081,8521907.004,9.512
6574,128,34565.755,28685.15,58.496,103.232,74.847,6.054,12096819.495,23.136
6575,128,34707.488,28495.085,188.276,3561.636,0,5.784,11041833.176,8.138
6576,128,34716.005,29507.893,198.649,2643.037,0,2.891,2757480.202,8.62
6577,128,35599.167,29600.074,5.713,52.638,70.747,8.099,21648400.81,7.346
6578,128,35806.162,25717.586,63.119,74.729,49.464,3.017,3004069.953,21.692
6579,128,35836.921,29967.276,75.183,201.653,50.971,4.858,7789028.314,16.819
6580,128,35918.531,30395.331,20.909,54.647,51.595,5.515,10037643.017,10.273
6581,128,36053.738,24512.225,162.609,1574.297,0,5.152,8761171.091,11.298
6582,128,36005.862,28171.057,138.793,1336.269,6.593,1.92,1216870.182,8.001
6583,129,9936.192,39225.568,152.415,2659.312,18.312,8.105,21678425.383,8.697
6584,129,10046.288,38899.165,45.216,83.818,112.041,5.817,11166839.511,18.284
6585,129,10302.108,38304.159,88.37,484.185,90.981,7.362,17888326.835,13.72
6586,129,10561.123,39040.228,6.609,74.54,131.345,6.656,14618321.237,5.259
6587,129,10646.518,33499.337,79.636,231.408,88.251,2.995,2959981.947,13.138
6588,129,10720.886,36952.805,6.856,70.326,130.956,9.245,28207544.22,6.506
6589,129,11148.638,34236.828,178.055,4942.677,0,13.139,56970140.925,9.097
6590,129,11091.036,37230.582,93.927,634.731,96.478,7.022,16270526.722,11.76
6591,129,11312.525,35007.84,168.717,6311.228,0,6.575,14265514.275,5.009
6592,129,11278.34,35523.928,4.159,45.702,114.971,3.464,3960411.992,5.622
6593,129,11311.754,35871.861,106.082,767.447,67.296,3.596,4268185.3,9.095
6594,129,11402.306,9474.328,55.865,149.926,23.247,3.841,4867966.051,12.372
6595,129,21606.814,30496.673,63.261,140.806,74.861,3.891,4997000.77,15.358
6596,129,21925.724,29925.415,137.235,1305.895,40.737,3.669,4443163.862,8.984
6597,129,21845.57,30408.002,9.505,37.559,83.94,3.509,4064389.403,7.268
6598,129,22235.132,29719.407,217.869,3807.652,0,6.442,13696551.444,10.052
6599,129,22615.494,30122.891,65.061,102.038,64.775,3.589,4250804.705,19.56
6600,129,22843.984,29342.427,69.04,180.687,58.83,5.916,11550706.029,18.293
6601,129,23223.841,29872.102,176.893,3670.777,0,9.702,31061441.704,9.437
6602,129,23599.318,28939.248,47.131,66.352,54.385,2.473,2018874.402,14.931
6603,129,23769.619,29460.522,189.581,3652.309,0,4.167,5731535.125,7.257
6604,129,26578.669,12999.216,156.458,3992.868,0,4.563,6871044.186,5.553
6605,129,26654.523,13395.824,149.463,3894.355,0,9.487,29701043.983,6.858
6606,129,27144.703,14280.842,210.133,6122.318,0,7.054,16423542.305,7.026
6607,129,27280.324,14637.966,2.506,62.201,113.318,8.254,22485657.734,6.141
6608,129,27296.977,13322.168,179.81,4605.727,0,6.697,14800238.537,6.764
6609,129,27604.724,13971.218,107.96,413.835,64.26,3.006,2981587.862,13.192
6610,129,27943.649,14403.443,50.461,142.867,112.873,5.682,10654301.452,13.616
6611,129,28233.586,14809.84,10.711,32.065,117.687,5.819,11172882.908,10.532
6612,129,28351.508,15881.256,167.398,3171.352,0,7.994,21087281.325,8.692
6613,129,28722.96,15380.868,57.874,251.301,78.865,5.813,11149576.939,10.763
6614,129,32948.885,27236.226,44.661,68.744,58.114,6.21,12728128.457,22.28
6615,129,33678.541,26998.561,56.578,124.816,37.084,2.718,2438246.814,12.57
6616,129,34174.445,27747.378,179.78,2481.406,0,7.561,18867020.439,11.4
6617,129,34693.714,29605.002,106.14,728.887,9.548,3.27,3528012.253,9.166
6618,129,34743.177,28474.028,67.26,225.655,64.207,4.964,8130525.23,13.264
6619,129,35475.861,29478.635,202.123,3684.865,0,5.053,8424830.454,8.32
6620,129,35538.744,27706.372,152.679,1950.706,0,4.318,6152320.667,8.33
6621,129,35554.827,28164.424,55.484,146.984,45.539,4.187,5784849.611,12.919
6622,129,35817.112,25712.628,150.289,1550.485,0,4.249,5957719.647,9.455
6623,129,35854.696,29994.091,154.837,1992.809,0,4.919,7985298.104,8.746
6624,129,36000.02,30427.404,208.969,2476.961,0,5.742,10882170.933,12.331
6625,129,36193.239,24593.166,116.392,823.28,0,1.693,946253.351,8.529
6626,130,10068.367,38871.45,214.979,5912.029,0,4.138,5651254.617,6.279
6627,130,10242.417,38352.051,135.461,2002.766,33.231,2.397,1895611.845,6.378
6628,130,10258.179,39439.666,157.371,4046.095,0,4.216,5866799.653,5.463
6629,130,10564.128,33114.987,223.728,4979.074,0,5.353,9457724.536,7.94
6630,130,10480.512,39121.595,2.191,60.409,116.057,7.473,18429583.412,5.942
6631,130,10588.911,38589.608,202.739,5503.978,0,6.46,13773314.902,6.952
6632,130,10677.789,34883.346,36.236,92.92,185.331,9.598,30399965.524,17.651
6633,130,10740.364,35327.663,176.049,4612.483,0,6.631,14509488.532,6.54
6634,130,10706.123,36430.822,129.962,2733.702,0,8.448,23555220.221,6.872
6635,130,10719.996,36960.596,4.341,51.101,135.88,5.309,9301834.521,5.953
6636,130,10840.409,33148.262,83.197,291.487,72.812,5.391,9590796.276,15.537
6637,130,10932.34,38024.783,206.744,6169.382,0,3.998,5274599.821,5.803
6638,130,11019.855,33649.343,184.46,4063.541,0,6.707,14846760.854,7.662
6639,130,11356.537,35039.745,9.065,105.795,197.195,9.539,30031864.245,5.171
6640,130,11289.843,35543.487,112.027,1081.599,70.363,7.864,20408532.148,10.79
6641,130,11293.981,36030.173,97.707,556.286,68.634,3.354,3711872.668,9.896
6642,130,11366.281,9499.781,76.529,227.277,15.35,1.087,389987.792,10.652
6643,130,21599.86,30471.511,107.616,726.257,39.921,6.487,13886896.815,12.425
6644,130,21901.554,29953.156,46.743,102.542,80.017,5.333,9384415.256,15.362
6645,130,21925.1,30417.887,167.463,3064.248,0,6.001,11886392.503,7.802
6646,130,22802.004,29360.085,8.241,32.728,61.255,3.767,4682709.156,7.831
6647,130,23812.046,29440.049,57.218,149.026,70.847,8.179,22074172.992,20.315
6648,130,26545.244,13019.974,120.901,1872.244,30.643,4.054,5424048.911,6.302
6649,130,26656.144,13355.087,72.297,411.086,119.347,4.77,7508448.669,9.287
6650,130,27098.683,14259.052,163.728,3808.741,0,3.134,3240849.437,5.658
6651,130,27270.026,14623.093,69.506,429.409,94.45,8.85,25846038.762,11.753
6652,130,27600.808,13956.991,83.039,287.257,77.439,1.585,828576.834,10.546
6653,130,27939.297,14443.678,168.922,4271.524,0,7.917,20683375.181,7.016
6654,130,28268.094,15713.467,207.579,5293.367,0,6.618,14453099.394,7.455
6655,130,28676.741,15415.348,48.213,106.877,100.294,3.791,4743957.638,12.999
6656,130,28930.428,16083.702,31.899,58.407,70.471,6.46,13770141.995,16.679
6657,130,28960.675,15714.375,164.052,2819.85,0,3.065,3099890.77,6.708
6658,130,32680.202,26238.494,5.575,26.882,42.4,3.257,3501037.614,7.946
6659,130,32878.39,27193.687,143.94,1700.315,0,4.334,6198528.517,8.457
6660,130,33120.963,27524.652,3.733,42.126,56.489,4.639,7102589.687,6.399
6661,130,34179.958,27846.595,182.955,2378.99,0,4.222,5883302.486,9.188
6662,130,34729.319,28487.451,89.475,358.338,54.96,2.805,2597042.939,11.189
6663,130,34757.192,29604.818,104.925,1056.577,0,6.026,11983823.611,8.684
6664,130,35517.248,29506.021,178.037,2869.041,0,4.913,7964679.355,8.23
6665,130,35797.168,25645.162,132.577,1293.942,0,3.561,4184363.207,8.585
6666,130,35848.961,30000.429,169.53,2432.456,0,6.517,14015017.76,9.746
6667,130,35926.405,30458.856,72.585,112.262,47.207,1.236,504352.437,15.013
6668,130,36050.88,28027.994,138.134,1583.486,0,2.297,1740879.944,7.385
6669,131,10035.798,38945.238,89.13,558.518,80.639,2.15,1525850.625,8.135
6670,131,10246.161,38399.03,215.154,5528.983,0,6.803,15274620.212,7.694
6671,131,10271.133,39416.004,64.36,322.303,98.899,12.019,47669733.454,16.708
6672,131,10539.519,33458.305,90.531,265.242,92.671,5.884,11426133.358,20.287
6673,131,10510.074,39095.788,54.783,184.419,108.862,15.251,76754891.116,26.275
6674,131,10643.09,33916.408,7.802,63.872,94.679,9.983,32889019.117,7.59
6675,131,10638.091,36879.105,6.872,57.689,111.774,9.488,29711323.536,7.76
6676,131,10691.773,34906.669,111.86,1400.73,86.903,4.547,6824529.14,7.06
6677,131,10724.587,36519.315,51.137,144.875,129.383,3.199,3378129.576,10.646
6678,131,10883.711,33169.744,94.683,465.809,60.896,5.389,9583681.869,13.056
6679,131,11039.699,33679.394,7.938,106.756,102.423,6,11878630.193,4.132
6680,131,11086.437,34192.099,0.451,11.065,119.673,15.317,77422788.697,47.309
6681,131,11145.645,37175.858,138.63,2990.475,0,8.347,22994784.716,7.021
6682,131,11303.673,35025.787,192.533,8272.65,0,11.361,42597715.382,6.215
6683,131,11314.56,35561.893,170.693,4625.825,0,6.099,12274727.284,6.084
6684,131,11357.707,35990.97,24.549,62.836,108.695,6.235,12828590.204,11.446
6685,131,21584.603,30480.293,58.345,134.447,58.953,3.984,5237788.506,14.406
6686,131,21854.282,29926.025,80.226,378.377,57.981,4.568,6886901.567,11.111
6687,131,22563.234,30121.306,34.16,41.49,70.174,7.248,17338006.193,26.847
6688,131,22853.319,29377.604,181.036,2591.853,0,4.675,7213005.641,8.859
6689,131,23299.104,29841.353,247.337,5954.699,0,6.545,14137648.86,8.76
6690,131,23858.412,29454.27,118.41,1410.655,0,7.786,20005381.534,9.474
6691,131,26601.609,13024.835,220.469,6922.927,0,3.666,4434961.407,5.76
6692,131,26749.771,12715.76,153.6,2536.108,0,6.741,14998249.319,8.313
6693,131,27075.596,14205.599,209.967,5535.481,0,7.262,17403112.39,7.642
6694,131,27261.415,14618.035,95.835,851.449,75.717,6.659,14633006.699,9.379
6695,131,27503.124,14892.293,165.775,2875.108,0,4.683,7236591.601,7.37
6696,131,27645.388,13997.366,130.819,1764.771,0,3.922,5075995.983,7.128
6697,131,27920.905,14400.182,0.608,33.967,92.989,8.588,24339011.947,10.13
6698,131,28161.137,14795.306,7.652,85.554,122.693,4.73,7383575.579,4.432
6699,131,28368.248,15931.501,155.376,3069.118,0,8.808,25602844.009,8.389
6700,131,28730.036,15449.877,39.623,118.068,92.413,7.418,18161914.755,13.462
6701,131,28971.489,15662.714,150.981,2504.537,0,5.085,8532662.02,7.334
6702,131,28954.003,16131.488,67.245,214.713,47.423,2.213,1616447.331,10.407
6703,131,32521.64,26867.544,172.463,1703.942,0,4.682,7234832.468,11.111
6704,131,32866.103,27173.139,130.565,1273.308,0,5.847,11283977.619,10.205
6705,131,33041.674,27354.675,9.536,19.795,66.995,5.642,10505568.729,14.623
6706,131,33745.404,27158.787,207.506,3328.852,0,5.248,9088451.813,9.396
6707,131,34159.815,27762.026,9.253,71.016,63.053,4.811,7638865.8,5.24
6708,131,34683.775,28555.545,153.759,2575.903,0,6.258,12924687.7,7.966
6709,131,34696.548,29536.285,99.595,487.323,30.278,2.678,2366724.639,10.384
6710,131,35489.032,29393.959,165.65,2561.863,0,3.545,4147839.783,7.374
6711,131,35546.731,27612.225,40.891,52.73,56.813,4.588,6947306.209,19.988
6712,131,35682.571,29691.194,76.555,266.816,40.778,2.391,1887145.246,10.744
6713,131,35788.56,25560.589,63.093,122.211,52.282,4.113,5581578.903,17.545
6714,131,35971.928,24499.708,165.619,1585.397,0,6.684,14745168.381,13.309
6715,131,35957.67,30431.118,44.422,73.558,57.838,4.862,7801901.33,17.691
6716,131,36033.644,28017.685,198.133,3240.756,0,5.386,9571742.803,9.071
6717,131,36234.678,24640.898,6.851,46.348,45.928,4.179,5762585.355,6.193
6718,131,36201.694,25359.623,187.882,2308.278,0,3.722,4571636.916,9.322
6719,132,10000.224,38998.249,58.375,190.125,93.035,4.996,8237622.951,12.445
6720,132,10081.138,38718.381,6.884,67.319,100.387,8.131,21818862.342,6.271
6721,132,10219.04,38363.345,75.223,334.908,72.985,3.688,4487590.005,10.239
6722,132,10278.64,39427.777,154.609,3684.756,0,11.499,43635003.387,8.432
6723,132,10510.35,33031.803,146.195,1529.497,13.812,5.854,11309309.2,10.509
6724,132,10516.942,39058.154,113.055,981.679,67.592,12.919,55078196.714,16.995
6725,132,10640.242,36878.914,5.743,106.974,114.886,9.225,28081575.023,4.58
6726,132,10566.978,38727.973,9.478,33.509,114.665,4.731,7387862.661,8.765
6727,132,10716.463,36455.021,128.921,2450.516,36.215,2.531,2113460.126,5.445
6728,132,10828.935,33150.986,218.548,5666.585,0,5.027,8340857.578,6.916
6729,132,11039.173,33653.442,182.881,4034.285,0,3.382,3773675.362,6.272
6730,132,11124.645,37070.164,164.89,2993.511,42.275,3.84,4867028.568,6.788
6731,132,11173.281,34209.989,200.634,6004.717,0,8.244,22430823.637,7.15
6732,132,11336.24,34958.945,101.802,829.868,145.69,12.692,53163749.786,16.23
6733,132,11392.703,9498.767,120.598,878.878,0,5.599,10345254.902,11.737
6734,132,21520.388,30089.928,9.118,33.504,62.939,8.066,21468619.878,11.807
6735,132,21572.48,30492.296,141.537,1603.345,0,8.066,21470210.276,11.532
6736,132,21942.113,30509.471,142.898,1418.973,11.311,4.317,6149476.338,9.439
6737,132,22185.397,29696.232,174.025,2376.13,0,3.026,3022728.736,7.924
6738,132,22879.762,29346.659,8.071,45.036,64.548,5.385,9570679.207,7.17
6739,132,23538.721,29626.951,71.57,247.268,63.067,3.194,3367280.802,11.227
6740,132,23630.89,28979.079,229.966,4372.861,0,5.856,11317694.6,9.381
6741,132,23783.424,29454.782,178.286,2924.527,0,6.456,13753161.126,9.107
6742,132,26560.766,12954.441,6.161,102.327,140.966,8.502,23853278.02,4.604
6743,132,26595.415,13288.192,167.2,3862.494,0,7.297,17572144.719,7.17
6744,132,27091.775,14263.384,159.156,3094.113,0,7.575,18935929.204,7.99
6745,132,27287.053,14601.877,92.811,793.182,78.449,8.639,24632304.147,10.951
6746,132,28356.987,15878.811,121.279,1979.197,13.221,3.867,4935798.939,6.061
6747,132,28720.734,15360.234,2.128,71.161,90.896,6.312,13149751.96,4.906
6748,132,28909.741,16132.327,154.559,1835.36,0,4.548,6826426.835,8.969
6749,132,32642.125,26961.383,8.463,38.564,51.245,4.057,5430847.316,7.242
6750,132,32721.525,26157.195,2.123,19.259,44.248,3.028,3025189.442,9.162
6751,132,33130.515,27478.155,62.087,58.309,54.093,2.282,1718898.704,22.29
6752,132,34160.96,27756.259,7.911,62.563,64.521,7.256,17377008.298,6.444
6753,132,34559.757,29230.924,82.174,214.301,48.271,4.262,5994268.296,16.978
6754,132,34646.012,28556.589,8.21,28.201,74.757,5.89,11446933.407,10.749
6755,132,34720.319,29526.733,4.11,30.132,57.807,4.973,8159837.399,8.399
6756,132,35846.414,25486.549,90.381,402.116,42.079,4.383,6339235.74,12.303
6757,132,35881.861,30132.869,131.441,1519.841,0,4.113,5583008.727,7.973
6758,132,35967.15,30438.234,146.529,2090.594,0,5.944,11660564.885,8.453
6759,132,36037.143,27958.817,166.687,2513.809,0,7.293,17551809.18,9.828
6760,132,36113.584,24520.178,210.286,2616.32,0,3.978,5222818.513,10.165
6761,133,10019.799,38759.158,0.49,20.278,112.57,12.29,49845058.069,21.514
6762,133,10261.732,38192.283,39.542,85.92,94.583,11.186,41290954.78,24.393
6763,133,10297.666,39409.149,155.546,2948.874,19.151,8.669,24802240.58,8.592
6764,133,10555.393,33282.623,3.966,29.388,97.548,6.328,13214122.607,9.717
6765,133,10587.854,33931.706,100.79,598.503,63.895,5.815,11158430.616,12.307
6766,133,10688.469,34836.047,175.275,5077.801,0,8.376,23154951.002,6.694
6767,133,10714.725,36459.316,125.927,1948.391,51.886,7.373,17939976.767,7.9
6768,133,10625.402,38604.993,45.047,104.452,112.338,7.732,19729948.416,18.44
6769,133,10841.495,33128.789,188.327,4039.679,0,5.945,11662029.341,7.538
6770,133,10960.644,35517.691,6.374,83.648,121.652,4.779,7535947.27,4.363
6771,133,10932.477,38047.808,201.211,5551.751,0,4.447,6526413.746,6.117
6772,133,11039.165,33676.815,11.035,64.886,93.497,3.425,3870378.325,5.405
6773,133,11175.543,34232.579,52.798,138.971,109.567,8.335,22926091.084,19.323
6774,133,11280.724,35541.033,95.859,663.473,97.065,3.88,4968861.824,9
6775,133,11391.415,9488.336,115.218,667.688,0,1.237,504904.216,9.228
6776,133,21511.049,30483.667,124.714,1203.356,0,6.278,13011158.436,10.313
6777,133,21951.722,30511.82,173.184,2888.194,0,2.444,1970613.747,6.825
6778,133,22181.15,29753.635,230.108,3778.252,0,6.187,12632765.248,10.751
6779,133,22859.853,29348.274,200.971,2939.531,0,5.918,11557373.915,10.373
6780,133,22881.406,30077.063,5.114,63.929,63.823,8.494,23810020.967,6.388
6781,133,23478.464,29593.519,211.31,4853.611,0,6.037,12025674.773,7.824
6782,133,23576.475,28928.424,180.554,2614.32,0,7.198,17097269.621,10.7
6783,133,23829.996,29445.326,6.962,19.875,79.878,5,8248772.705,12.4
6784,133,26603.725,12897.774,119.08,1439.61,74.293,3.574,4216366.888,7.067
6785,133,26617.855,13306.304,151.585,2901.028,0,7.585,18986108.511,7.81
6786,133,27041.13,14183.498,217.637,5435.006,0,6.627,14493327.656,7.827
6787,133,27299.827,13317.027,41.237,158.747,117.647,4.713,7331889.654,8.91
6788,133,27359.57,14631.373,200.578,5396.533,0,5.079,8513803.84,6.414
6789,133,27603.48,13998.82,10.31,44.193,92.049,2.439,1962742.961,6.249
6790,133,28001.552,14481.535,3.523,40.984,100.406,5.94,11643689.351,7.213
6791,133,28157.568,14798.416,13.177,60.034,121.354,6.68,14725839.368,7.697
6792,133,28204.16,15150.479,104.866,859.164,45.526,5.83,11215192.861,9.937
6793,133,28385.126,15934.854,136.164,2340.383,0,7.155,16897449.444,7.621
6794,133,28718.872,15428.109,207.951,3969.493,0,3.42,3860360.839,7.376
6795,133,28899.199,15671.829,229.236,4447.909,0,5.324,9353473.71,8.858
6796,133,32623.192,26174.316,202.854,2251.308,0,2.09,1441286.077,9.185
6797,133,32646.076,26951.286,190.43,2635.359,0,4.129,5626127.838,8.982
6798,133,32877.896,27202.18,7.99,72.115,60.564,4.051,5416484.589,4.796
6799,133,33460.181,27884.195,0.551,23.051,62.532,2.027,1356310.085,7.376
6800,133,33531.972,26860.499,82.206,170.445,35.031,2.832,2647192.452,16.549
6801,133,33838.964,27221.25,42.993,68.802,51.129,2.825,2634578.759,13.718
6802,133,34082.853,27721.87,223.346,3945.863,0,4.265,6002227.447,8.568
6803,133,34668.077,28641.393,226.946,5564.208,0,7.487,18500427.539,8.664
6804,133,34681.253,29558.119,163.848,2154.648,0,4.781,7543448.494,8.855
6805,133,35477.7,29411.902,158.882,2316.307,0,5.023,8327869.312,8.234
6806,133,35652.687,29665.855,143.963,1783.548,0,3.263,3513044.634,7.631
6807,133,35794.035,25506.526,137.095,1889.171,0,3.347,3698085.316,6.996
6808,133,35882.39,24580.85,128.92,1249.044,0,5.47,9877174.536,9.851
6809,133,36072.676,28157.356,10.327,39.207,61.674,2.557,2158278.811,6.753
6810,133,35996.152,30427.178,146.239,1855.883,0,2.312,1763944.724,7.203
6811,133,36330.029,26926.824,141.841,1448.841,0,2.936,2844465.416,8.316
6812,134,9999.113,39010.82,208.977,5483.369,0,7.265,17420609.622,7.644
6813,134,10002.995,39359.083,314.932,11821.834,0,3.266,3519301.306,6.259
6814,134,10307.309,38135.141,185.465,5356.437,0,11.502,43658201.012,8.332
6815,134,10271.972,39432.959,157.304,3991.678,0,13.328,58623266.077,8.951
6816,134,10559.999,33440.117,2.466,52.302,94.545,5.655,10552353.375,5.84
6817,134,10623.03,33887.756,41.374,98.66,95.227,7.913,20663720.287,17.426
6818,134,10572.545,39010.713,183.123,4807.854,0,5.278,9194312.934,6.219
6819,134,10733.162,34845.918,257.042,9833.435,0,5.831,11220263.4,6.233
6820,134,10700.259,36458.934,162.016,4331.7,0,9.484,29681260.398,7.136
6821,134,10620.962,38694.438,72.676,250.642,98.115,4.882,7864948.903,13.55
6822,134,10721.19,36161.984,5.637,62.95,108.272,6.244,12865058.29,5.636
6823,134,10910.404,38056.825,183.977,4987.884,0,6.401,13520990.174,6.495
6824,134,10974.866,33643.831,168.262,3844.621,0,8.754,25289723.758,7.933
6825,134,11152.947,34222.901,195.045,5195.728,0,4.77,7509588.302,6.238
6826,134,11115.016,37083.013,311.45,13583.246,0,9.407,29201364.658,8.001
6827,134,11321.951,34931.378,58.23,269.998,150.841,2.236,1650290.207,7.826
6828,134,11376.871,9543.799,150.404,1188.116,0,5.347,9434651.082,12.665
6829,134,21520.86,30128.244,41.074,96.078,49.084,3.157,3289339.552,10.822
6830,134,21839.455,30558.632,5.94,44.398,65.409,5.507,10009328.725,6.901
6831,134,22877.534,30084.841,9.023,114.88,61.94,8.383,23191588.137,4.574
6832,134,23522.421,29663.215,185.589,3304.512,4.83,6.017,11949101.783,8.551
6833,134,23759.342,28957.878,4.249,47.168,68.342,3.655,4408242.637,5.59
6834,134,23858.933,29426.228,48.933,121.775,69.749,6.873,15588226.407,16.77
6835,134,26559.43,12970.124,66.096,370.811,95.346,7.115,16706853.5,10.728
6836,134,26681.769,13446.185,159.628,3535.978,0,8.635,24609064.193,7.755
6837,134,27113.489,14287.763,226.36,5793.177,0,5.062,8456785.638,7.149
6838,134,27277.637,13280.52,6.268,55.617,120.248,9.872,32162807.488,8.067
6839,134,27657.368,14055.609,106.73,431.094,54.951,3.678,4464028.571,13.649
6840,134,28030.892,14526.891,162.653,3786.578,0,7.683,19481498.673,7.156
6841,134,28080.187,14720.071,1.266,63.217,137.401,7.114,16703376.948,5.571
6842,134,28395.006,15918.631,7.94,51.631,110.692,5.926,11590283.79,6.751
6843,134,28734.089,15413.277,165.275,2854.855,0,2.738,2474845.413,6.612
6844,134,28967.372,16138.884,101.5,553.289,32.572,6.267,12963034.296,13.816
6845,134,32388.254,26189.313,189.281,1942.841,0,3.216,3412890.527,10.081
6846,134,32554.629,26842.203,91.921,260.876,39.39,3.406,3828868.466,15.389
6847,134,32998.076,27322.94,229.991,4702.717,0,6.044,12055506.822,9.028
6848,134,33785.258,27154.323,225.173,3170.283,0,2.672,2357017.642,8.837
6849,134,34153.193,27747.241,9.184,28.804,54.319,3.51,4066480.454,8.569
6850,134,34653.978,29520.586,172.928,2247.763,0,3.67,4444393.356,8.5
6851,134,34696.646,28589.803,237.201,5171.51,0,4.301,6103481.858,7.786
6852,134,35631.227,29650.009,46.189,89.27,69.548,5.266,9151197.126,16.767
6853,134,35833.923,25559.597,69.293,222.371,52.934,2.52,2096204.415,10.831
6854,134,35917.32,30076.265,3.224,36.613,58.564,4.663,7174591.002,7.006
6855,134,35992.203,30409.742,75.446,224.753,42.842,3.145,3264190.657,12.72
6856,135,10003.738,38982.669,90.045,532.803,84.775,10.675,37609063.004,17.037
6857,135,10568.014,33467.878,89.043,631.612,72.531,2.316,1769737.022,7.654
6858,135,10584.507,33947.878,133.596,1472.632,35.735,6.11,12320734.848,9.676
6859,135,10569.685,38984.187,163.496,3896.022,0,8.973,26569657.613,7.618
6860,135,10711.939,34655.459,15.986,59.015,145.872,5.91,11527083.853,8.21
6861,135,10719.889,36080.687,1.35,108.52,102.017,9.727,31226052.369,4.341
6862,135,10729.644,36522.895,205.262,6893.885,0,7.004,16187435.013,6.242
6863,135,10625.48,38584.883,198.82,5269.02,0,8.978,26603008.56,8.136
6864,135,10828.747,35390.593,243.966,7336.013,0,3.366,3739742.943,6.175
6865,135,10840.598,33152.832,203.416,5120.37,0,7.227,17241242.93,7.71
6866,135,10953.326,35480.214,39.8,90.287,116.591,3.952,5155111.122,11.83
6867,135,10977.317,33697.094,214.184,5763.216,0,4.902,7930523.946,6.618
6868,135,11181.382,34258.097,20.111,36.045,116.448,7.219,17199342.967,16.487
6869,135,11185.934,37083.422,173.041,3828.102,0,7.193,17076284.859,7.531
6870,135,11323.508,34935.401,77.368,524.011,136.548,6.827,15382737.341,10.074
6871,135,11308.376,35514.145,298.942,13209.255,0,5.572,10247242.458,6.17
6872,135,11295.041,35997.221,157.095,3155.113,0,3.849,4889292.886,6.212
6873,135,22844.454,30096.386,156.622,2129.511,0,4.144,5667101.223,8.03
6874,135,23591.743,29002.059,35.596,59.396,62.907,3.377,3762510.34,13.119
6875,135,23593.13,29610.894,6.098,48.62,87.007,8.035,21305121.323,7.866
6876,135,23965.892,28866.355,149.99,1537.917,0,2.66,2335161.624,8.414
6877,135,23900.591,29391.369,95.611,356.432,45.668,0.954,300435.934,10.46
6878,135,26625.425,13016.259,186.72,4104.14,0,3.462,3956372.761,6.385
6879,135,26685.655,13429.967,152.143,3181.381,0,7,16170764.848,7.082
6880,135,27182.674,14355.376,171.314,4142.256,0,7.471,18420428.331,7.131
6881,135,27389.938,13469.407,210.24,4880.657,0,8.574,24258007.451,9.176
6882,135,27919.518,15354.86,4.372,49.825,83.29,6.179,12598989.373,6.46
6883,135,28082.104,14726.299,4.707,49.749,131.369,4.481,6625702.885,5.758
6884,135,28243.83,15673.224,7.52,35.319,96,4.756,7464587.688,7.957
6885,135,28364.799,15906.504,142.639,2482.402,0,8.149,21918742.743,8.32
6886,135,28742.42,15441.977,164.577,2585.216,0,6.211,12731777.366,8.721
6887,135,28962.538,15737.028,147.462,2067.399,0,4.754,7459197.211,7.901
6888,135,28940.92,16118.248,63.395,108.769,57.67,4.057,5430471.935,19.203
6889,135,32344.435,26179.276,76.838,128.943,38.389,1.159,443247.982,14.638
6890,135,32923.677,27254.773,140.514,1952.579,0,5.396,9608108.335,8.051
6891,135,33585.042,26889.149,73.794,182.129,47.084,3.917,5062955.63,15.747
6892,135,33749.296,27165.653,156.208,2095.804,0,4.889,7889720.575,8.532
6893,135,34157.53,27752.151,74.218,103.384,52.136,2.862,2702969.916,20.753
6894,135,34661.583,29518.313,102.142,605.516,30.854,4.271,6021204.461,10.755
6895,135,35455.522,27617.693,145.302,1376.141,0,2.918,2809769.461,8.816
6896,135,35645.839,29618.332,180.026,2597.087,0,6.019,11957268.507,9.753
6897,135,35831.276,25539.701,113.489,1139.914,9.908,4.075,5478838.265,7.953
6898,135,35801.059,28065.083,161.896,2025.808,0,4.665,7180427.411,9.007
6899,135,35915.989,24555.955,7.957,54.103,41.603,5.805,11122575.509,6.473
6900,135,36018.51,30359.284,71.473,259.132,36.999,2.648,2314282.125,10.335
6901,136,9985.094,38987.441,151.571,3154.196,7.324,4.948,8079966.832,6.298
6902,136,10275.125,39469.504,146.744,2384.33,0,4.871,7830582.887,7.204
6903,136,10561.969,33519.873,4.897,52.642,93.823,8.742,25222447.668,7.543
6904,136,10668.267,36926.933,188.482,5000.475,0,12.765,53771907.688,9.712
6905,136,10719.289,34638.994,3.675,64.445,136.686,4.407,6408064.871,4.775
6906,136,10747.377,36137.391,52.431,108.626,116.52,6.185,12626239.674,19.02
6907,136,10846.381,33109.882,93.647,502.69,69.757,3.39,3793070.082,10.052
6908,136,10881.589,33441.471,6.187,76.623,92.609,4.355,6257993.428,4.488
6909,136,10930.967,38116.957,50.323,153.346,95.361,4.776,7528095.949,11.726
6910,136,11028.771,35538.864,229.875,7299.613,0,5.919,11561638.341,6.586
6911,136,11055.167,33702.525,184.963,3853.271,0,4.844,7743570.63,7.086
6912,136,11157.264,34245.463,148.974,2285.804,49.916,3.504,4050963.977,6.945
6913,136,11129.629,37154.004,98.316,433.076,89.92,6.759,15075716.205,16.864
6914,136,11296.454,34926.183,59.153,170.118,161.276,10.318,35131610.474,22.938
6915,136,11416.592,9536.408,88.263,207.891,18.699,4.051,5414685.627,18.79
6916,136,21548.77,30416.879,95.279,650.501,31.506,6.396,13502554.463,11.179
6917,136,21847.285,30569.15,9.34,30.078,72.416,7.161,16923174.002,12.011
6918,136,22078.902,29757.43,4.314,35.787,63.078,4.928,8015204.407,7.412
6919,136,22333.405,30334.037,194.26,3155.291,0,5.091,8553244.856,8.793
6920,136,22808.038,30067.707,102.559,876.551,48.394,2.335,1798956.219,7.433
6921,136,22993.901,29239.615,182.596,2329.635,0,6.249,12887938.971,11.015
6922,136,23543.972,29584.235,164.199,2908.706,0,6.292,13064522.453,8.031
6923,136,23598.737,29040.762,7.704,73.116,66.655,4.931,8024543.352,4.952
6924,136,23844.297,29458.584,194.533,3654.349,0,5.431,9733630.286,8.159
6925,136,23935.596,28851.225,122.194,1200.418,0,4.61,7013325.413,8.789
6926,136,26622.142,13002.479,208.891,5696.185,0,6.289,13052525.894,7.001
6927,136,26652.071,13395.706,72.992,237.333,93.411,5.045,8398509.168,14.474
6928,136,26783.424,12638.235,51.329,177.859,67.856,4.948,8078386.11,10.968
6929,136,27110.802,14289.283,190.184,4575.987,0,5.922,11571680.142,7.003
6930,136,27275.724,13276.709,10.661,27.926,121.162,5.029,8346465,10.793
6931,136,27359.752,14638.643,7.635,55.385,116.54,9.986,32909229.178,8.501
6932,136,28077.709,14560.598,10.174,96.951,111.737,8.173,22045522.677,5.314
6933,136,28413.154,15932.645,86.05,425.778,82.188,4.112,5579770.682,10.76
6934,136,28942.42,16094.676,175.645,2702.447,0,6.968,16021963.392,9.822
6935,136,32512.265,26186.073,174.43,1651.827,0,2.525,2104038.998,9.531
6936,136,33075.033,27407.325,194.851,3332.052,0,5.397,9611473.079,8.698
6937,136,33479.854,27892.924,132.797,1602.724,0,3.735,4602671.762,7.616
6938,136,33727.967,27136.519,150.96,2067.778,0,1.728,985148.95,6.855
6939,136,34742.473,28613.874,42.615,27.697,72.864,1.763,1026279.309,21.28
6940,136,35419.964,27775.723,46.629,53.9,48.459,5.591,10317034.556,27.156
6941,136,35609.712,29629.587,165.3,2344.825,0,4.535,6787401.046,8.311
6942,136,35878.439,30081.014,191.754,2674.14,0,3.841,4869904.724,8.781
6943,136,36029.244,30330.345,61.544,64.062,58.866,0.886,259225.757,16.624
6944,136,36402.969,28251.061,134.712,1185.996,0,3.501,4045994.218,9.213
6945,137,10368.026,38059.804,166.974,3788.393,0,3.926,5086850.995,6.008
6946,137,10308.345,39376.501,227.884,6562.167,0,7.753,19835574.484,7.839
6947,137,10561.53,33520.577,8.914,102.705,89.228,6.939,15892160.972,4.574
6948,137,10559.459,34002.323,9.906,95.649,79.301,11.491,43575439.565,6.417
6949,137,10563.684,37239.964,91.834,329.591,70.386,6.669,14675989.943,18.844
6950,137,10560.259,39041.337,5.068,54.867,110.17,9.861,32089716.155,7.906
6951,137,10671.375,34669.006,176.089,6033.314,0,11.937,47025192.786,7.128
6952,137,10714.969,36825.21,202.997,6682.547,0,5.558,10193318.84,5.824
6953,137,10631.962,38562.529,212.071,6144.487,0,4.655,7150464.821,6.194
6954,137,10777.883,36226.377,172.925,4533.245,0,7.162,16925808.01,6.655
6955,137,10797.266,36524.77,326.33,16268.263,0,6.222,12776631.439,6.249
6956,137,10960.45,38080.647,4.684,96.221,92.266,8.258,22504571.696,4.596
6957,137,11124.576,34243.458,55.142,221.42,131.917,6.633,14521567.569,11.93
6958,137,11101.261,37103.725,251.579,7922.947,0,7.844,20303940.173,7.932
6959,137,11302.16,34936.108,204.391,8177.21,0,6.886,15647924.99,5.497
6960,137,11274.794,35478.898,5.894,30.337,127.112,9.756,31410500.59,13.354
6961,137,11316.972,36005.894,66.06,191.688,86.554,5.193,8898277.19,15.038
6962,137,21517.47,30104.907,144.791,1703.975,0,5.187,8877690.578,9.079
6963,137,21600.874,30443.963,163.276,2125.242,0,5.611,10388758.435,9.494
6964,137,22134.001,29700.453,31.512,38.207,58.934,3.349,3701806.673,15.693
6965,137,22296.73,30399.879,95.099,523.922,40.726,5.713,10771763.194,12.389
6966,137,22842.985,30099.414,159.806,2307.125,0,4.068,5460704.327,7.785
6967,137,22942.274,29271.647,63.149,131.159,45.682,2.174,1559068.542,13.024
6968,137,23498.501,29592.369,321.334,10012.153,0,1.02,343562.453,6.459
6969,137,23716.37,28940.984,101.492,515.018,34.439,3.547,4151942.587,11.122
6970,137,26634.99,13145.025,166.579,3658.438,0,8.143,21881275.821,7.815
6971,137,26837.259,12722.674,152.295,1478.863,39.901,3.095,3161992.065,9.046
6972,137,27279.478,14561.255,4.504,57.726,125.366,8.988,26660910.75,7.063
6973,137,27246.019,13355.883,248.231,8676.739,0,12.884,54785112.69,9.736
6974,137,27574.173,13947.054,295.795,8634.254,0,5.811,11143852.788,8.224
6975,137,28031.888,15435.315,287.896,8248.586,0,6.41,13559299.68,8.528
6976,137,28077.033,14559.029,6.327,98.646,123.707,11.482,43506736.956,5.567
6978,137,28362.13,15908.579,77.599,258.016,75.061,7.605,19086033.334,19.43
6979,137,28925.027,16099.482,176.546,2346.176,0,4.607,7004704.693,9.117
6980,137,29089.891,15784.16,60.027,121.764,69.86,5.574,10254016.145,19.724
6981,137,32385.03,26232.34,151.006,1286.187,0,3.593,4261340.179,10.191
6982,137,32997.168,27278.429,220.884,3472.361,0,2.899,2773963.572,8.31
6983,137,33149.35,27501.648,25.411,51.816,60.31,3.437,3898235.675,10.331
6984,137,33489.335,27901.376,57.993,96.21,55.172,5.023,8327308.19,21.257
6985,137,33730.004,27092.334,170.219,2376.717,0,5.144,8731621.436,8.964
6986,137,35508.36,27724.863,61.025,114.051,49.427,2.522,2098218.921,14.264
6987,137,35628.244,29623.225,127.804,1463.972,0,3.635,4360156.508,7.639
6988,137,35832.225,25569.475,58.473,177.322,47.834,4.307,6123141.269,12.232
6989,137,35856.781,26028.558,48.355,59.744,43.249,2.62,2265457.375,16.889
6990,137,36009.058,30304.467,188.304,2609.601,0,3.301,3596948.535,8.381
6991,137,36285.416,24704.952,157.735,1247.941,0,2.38,1869567.192,9.893
6992,138,9997.385,38926.035,177.576,3905.679,0,6.935,15870170.279,7.577
6993,138,9997.789,39199.223,3.494,68.672,110.526,6.343,13277004.12,5.122
6994,138,10309.772,38205.692,208.859,5631.506,0,6.267,12959769.86,7.045
6995,138,10277.028,39436.346,163.091,3960.647,0,10.746,38107063.161,8.303
6996,138,10557.44,33526.399,7.954,51.406,99.875,5.914,11544012.417,6.769
6997,138,10571.859,37282.233,57.032,100.318,80.774,1.17,451744.227,12.362
6998,138,10602.495,33965.582,49.767,104.03,96.48,3.162,3300491.477,12.811
6999,138,10561.551,39041.955,3.548,62.97,131.901,7.094,16605648.91,5.72
7000,138,10690.883,34604.965,178.913,5354.534,0,4.477,6613920.603,5.439
7001,138,10625.322,38601.146,202.468,5564.036,0,7.287,17525519.641,7.237
7002,138,10776.923,36238.754,91.719,532.475,77.721,5.15,8753216.801,11.02
7003,138,10825.701,33068.33,177.797,3437.448,0,8.678,24854946.89,9.377
7004,138,10951.89,38038.896,189.817,4706.224,0,8.517,23941016.766,8.038
7005,138,11054.786,33649.808,150.219,2816.525,0,8.082,21554406.278,8.132
7006,138,11105.271,34218.222,50.151,148.291,149.226,3.854,4902555.856,10.913
7007,138,11122.36,37200.261,11.002,75.908,115.967,11.134,40912983.107,7.94
7008,138,11279.711,34880.286,11.86,117.251,168.627,8.107,21688619.293,4.902
7009,138,11274.424,35467.767,59.181,161.338,131.409,6,11878547.812,16.046
7010,138,11332.538,35983.075,41.741,77.693,88.87,3.814,4800609.162,13.736
7011,138,21755.688,29954.838,48.026,62.318,81.131,3.429,3879914.959,18.354
7012,138,22270.433,30397.171,179.869,2598.465,0,4.959,8115126.521,8.96
7013,138,22784.592,30078.79,245.559,5270.849,0,6.441,13692757.156,9.413
7014,138,23011.95,29226.45,146.232,1513.24,0,3.939,5119317.645,9.043
7015,138,23523.571,29605.087,6.913,40.397,87.416,3.964,5184774.41,6.676
7016,138,23727.439,28937.089,160.53,1893.317,0,2.674,2358857.08,8.066
7017,138,26644.153,13150.797,61.625,223.715,85.323,3.314,3624956.941,10.105
7018,138,26906.266,13959.506,199.162,4025.71,0,5.561,10206274.185,7.953
7019,138,27275.157,14563.409,8.034,62.905,117.768,8.832,25744115.168,7.174
7020,138,27294.142,13303.39,143.011,3603.107,0,11.133,40906137.5,7.438
7021,138,27587.79,13925.759,246.088,6112.447,0,4.914,7969982.468,7.627
7022,138,27935.509,15431.828,140.548,1324.334,39.299,7.82,20180607.895,13.075
7023,138,28064.821,14534.233,95.916,654.568,97.604,7.807,20114255.487,12.652
7024,138,28379.959,15917.561,108.048,847.221,46.123,3.147,3268591.137,8.455
7025,138,29011.437,15807.945,61.391,155.453,58.36,2.636,2292581.327,11.906
7026,138,32934.618,27215.125,61.819,156.874,49.724,6.506,13967880.937,18.532
7027,138,33491.817,27950.864,62.322,39.759,65.364,2.417,1927392.618,30.732
7028,138,33711.381,27096.455,134.541,1466.834,0,5.773,10997178.634,9.545
7029,138,34687.266,28560.164,176.006,2699.538,0,5.276,9187099.874,8.675
7030,138,35187.845,30078.88,167.91,1872.302,0,4.952,8092720.458,10.246
7031,138,35543.028,27730.199,227.481,3107.854,0,4.298,6095151.901,10.342
7032,138,35633.04,29671.501,191.46,2553.449,0,6.134,12418408.463,10.926
7033,138,35871.707,25539.401,240.048,3943.577,0,5.219,8987782.452,10.213
7034,138,36059.688,25078.988,56.77,39.445,49.558,1.988,1304784.596,24.72
7035,138,36047.033,30307.92,51.29,51.955,66.075,3.656,4410856.09,24.017
7036,138,36451.547,27986.416,141.747,1335.103,0,3.579,4227063.776,9.162
7037,139,10005.029,38989.055,120.927,1084.06,57.429,2.381,1870266.728,7.925
7038,139,10167.059,38679.548,69.256,178.615,91.173,7.979,21011809.342,23.129
7039,139,10320.378,38164.645,5.057,51.805,117.817,5.014,8295064.858,5.857
7040,139,10280.075,39441.518,153.94,3671.773,0,6.668,14674840.586,6.39
7041,139,10478.174,37559.238,209.217,4623.105,0,7.228,17242626.522,8.666
7042,139,10512.839,33557.926,281.978,10043.333,0,6.17,12565132.663,7.093
7043,139,10607.707,33939.07,65.761,123.24,89.972,6.424,13620031.603,24.963
7044,139,10776.23,35395.503,89.7,378.399,85.04,6.387,13463620.353,15.697
7045,139,10881.79,33126.564,10.534,56.53,95.788,9.394,29122175.864,8.897
7046,139,11017.118,33621.765,226.531,6055.822,0,5.838,11247496.599,7.292
7047,139,11128.821,34227.403,148.822,4652.075,0,3.984,5238816.808,4.687
7048,139,11111.924,36768.688,61.887,266.372,89.964,4.751,7450339.633,10.268
7049,139,11302.596,34969.235,42.115,139.477,147.139,5.296,9257445.543,10.54
7050,139,11319.765,35440.001,4.153,26.087,139.609,13.004,55805608.907,18.656
7051,139,21753.119,29931.63,159.268,2479.065,0,4.118,5597513.36,7.432
7052,139,22040.007,29779.391,166.551,2419.991,0,4.732,7388876.677,8.336
7053,139,22043.491,30433.163,199.557,3688.555,0,3.451,3929218.487,7.352
7054,139,22290.475,30389.474,177.824,2911.156,0,5.826,11200764.622,8.691
7055,139,22881.581,30084.127,13.191,41.259,79.996,6.92,15803521.551,10.538
7056,139,23002.427,29230.898,93.564,377.133,36.488,2.057,1396007.401,10.68
7057,139,23557.92,29637.449,42.445,109.499,80.632,7.254,17365935.5,15.527
7058,139,23758.787,29034.904,3.514,48.846,60.112,6.105,12300507.386,6.422
7059,139,23824.501,29432.84,59.753,124.305,53.172,6.428,13636987.205,21.277
7060,139,26633.326,13389.303,168.836,3603.951,0,6.169,12559897.166,7.125
7061,139,26797.962,12603.281,2.676,28.942,64.117,6.239,12846548.224,9.56
7062,139,26852.312,13782.146,35.332,37.82,84.755,4.517,6732419.791,21.462
7063,139,27268.239,13269.873,10.53,44.938,123.113,10.909,39274792.727,12.073
7064,139,27610.775,13951.856,73.103,267.714,65.783,2.104,1460344.052,9.939
7065,139,27956.367,15432.159,66.511,197.415,81.762,5.08,8515474.794,14.655
7066,139,28030.078,14536.758,148.863,3648.964,0,11.316,42261642.134,7.92
7067,139,28421.781,15932.333,177.453,4225.236,0,7.298,17578978.334,7.316
7068,139,28790.256,15494.408,169.657,2465.109,0,8.344,22975404.513,11.099
7069,139,28959.902,16101.059,158.433,2113.164,0,5.403,9632899.214,8.989
7070,139,29022.727,15818.716,73.427,322.363,55.688,4.269,6013740.267,10.748
7071,139,32325.234,26214.893,90.35,259.283,26.789,4.629,7071805.707,17.663
7072,139,32486.021,26761.329,90.399,315.394,26.694,3.82,4814539.519,13.796
7073,139,32920.056,27246.946,190.743,2548.108,0,5.767,10973885.404,10.547
7074,139,33482.348,27867.537,275.406,5627.236,0,3.659,4418504.979,8.529
7075,139,33677.08,27026.513,39.314,63.686,53.329,5.459,9835607.999,18.162
7076,139,34078.69,27680.306,6.908,61.832,53.107,1.04,357071.571,4.527
7077,139,34466.978,29284.986,158.506,1810.385,0,5.213,8969428.364,9.891
7078,139,35123.241,30021.679,147.959,1500.535,0,4.447,6526862.84,9.624
7079,139,35456.413,30375.031,89.877,274.588,42.154,2.136,1505239.245,12.418
7080,139,35629.056,29663.883,160.54,1931.804,0,7.698,19556658.615,11.776
7081,139,35837.902,24625.727,35.37,71.858,34.331,3.329,3656441.729,11.361
7082,139,35851.344,25543.822,56.629,93.26,43.747,3.662,4426371.953,17.45
7083,139,35829.156,30120.899,213.949,4002.214,0,6.687,14757770.224,9.602
7084,139,35999.325,30393.317,158.384,2117.695,0,6.754,15055932.116,9.959
7085,139,36123.548,25121.357,152.106,1650.097,0,5.366,9502140.695,10.101
7086,140,9998.491,39201.153,6.727,49.564,107.306,7.806,20107072.879,7.747
7087,140,10188.207,38599.259,243.174,7486.639,0,4.958,8111314.194,6.599
7088,140,10331.187,38133.564,205.611,5579.006,0,7.952,20868369.93,7.693
7089,140,10268.266,39433.362,136.786,3239.968,0,6.748,15032245.277,5.965
7090,140,10514.321,33493.328,213.888,4994.661,0,8.328,22890878.677,9.105
7091,140,10501.535,37363.6,43.558,69.485,82.643,7.167,16953294.848,23.719
7092,140,10648.341,33893.467,255.791,6889.261,0,4.314,6142650.763,7.143
7093,140,10553.984,38707.573,72.953,207.467,112.979,3.511,4068528.316,13.418
7094,140,10547.664,39041.396,150.262,3414.727,0,4.505,6699638.45,5.801
7095,140,10720.271,34603.633,87.769,359.079,107.045,2.777,2545059.8,10.887
7096,140,10724.531,36524.517,234.221,7158.905,0,9.896,32318995.358,8.732
7097,140,10797.662,36239.726,3.104,68.255,100.576,9.002,26745816.103,6.041
7098,140,10811.333,33025.813,148.042,2767.918,0,6.618,14452003.078,7.35
7099,140,10955.379,33522.644,8.583,37.842,110.801,8.535,24039176.417,10.866
7100,140,11035.406,35486.768,104.815,666.908,107.657,5.826,11200015.896,12.014
7101,140,10960.715,38037.382,174.1,4031.616,0,3.986,5242823.629,6.099
7102,140,11095.929,34194.596,62.322,252.016,148.311,10.69,37714659.113,18.005
7103,140,11124.07,37516.755,10.066,63.555,96.941,8.245,22436041.585,7.331
7104,140,11300.406,34954.382,180.907,6451.615,0,6.792,15223626.193,5.455
7105,140,11316.392,35438.179,2.623,42.769,143.417,8.339,22949535.426,8.33
7106,140,11332.741,36011.715,167.686,3361.079,0,2.914,2802650.677,6.178
7107,140,21658.567,29944.283,152.073,2306.876,0,4.535,6788292.774,7.541
7108,140,22076.846,29668.853,21.754,42.098,76.275,3.049,3068599.731,10.006
7109,140,22191.163,30368.024,133.505,1121.846,36.98,5.75,10910669.947,11.499
7110,140,22928.733,29260.617,129.591,1240.517,0,4.711,7324017.673,9.371
7111,140,22881.423,30080.369,23.751,75.941,88.957,4.5,6681404.954,8.268
7112,140,23525.601,29628.69,211.172,4980.63,0,8.742,25220316.709,9.196
7113,140,23921.927,28882,4.627,38.747,48.735,4.283,6054790.159,6.687
7114,140,26673.788,13270.824,232.028,5818.102,0,6.424,13620802.395,8.056
7115,140,26758.95,12650.266,165.634,2361.207,0,5.974,11776735.373,9.236
7116,140,27243.24,13324.547,192.465,5003.053,0,9.34,28790327.456,8.236
7117,140,27657.605,15095.024,150.155,2231.317,0,5.398,9616455.535,8.037
7118,140,28036.693,14532.183,144.848,3526.94,0,8.38,23173040.657,6.638
7119,140,28160.278,14882.499,7.689,56.024,102.094,9.547,30076263.189,8.185
7120,140,28401.072,15919.913,1.028,48.42,94.818,5.157,8777690.996,5.881
7121,140,28979.673,16042.938,47.927,73.919,64.264,2.826,2634953.826,14.842
7122,140,29050.29,15871.792,152.328,2007.553,0,2.986,2941763.244,7.474
7123,140,32404.481,26212.864,107.172,560.45,14.784,1.652,900891.247,9.617
7124,140,32958.967,27279.181,3.991,20.172,63.969,7.369,17919142.071,14.765
7125,140,33483.07,26739.751,29.034,35.802,40.114,1.511,753162.346,11.992
7126,140,33483.972,27906.629,174.77,2624.363,0,6.316,13165769.997,9.484
7127,140,33761.947,27200.943,3.534,40.869,48.668,7.465,18388902.148,8.18
7128,140,34010.422,27670.319,91.473,252.647,45.152,1.63,876840.306,12.654
7129,140,34582.753,29370.93,77.735,250.906,35.876,4.721,7355945.059,14.653
7130,140,35503.875,27718.713,64.431,139.049,38.266,3.992,5259028.266,16.109
7131,140,35681.167,29766.168,9.395,52.08,59.386,5.521,10058020.846,6.811
7132,140,35839.844,24637.601,6.119,51.1,47.657,5.427,9718525.718,6.236
7133,140,35857.714,30116.316,170.685,2584.398,0,6.508,13977869.697,9.401
7134,140,36000.046,30320.072,0.672,36.153,64.39,3.05,3070907.002,6.096
7135,140,36157.729,27556.408,249.837,4241.964,0,3.411,3839142.856,8.855
7136,140,36349.559,25733.275,125.468,576.709,23.858,3.141,3256293.887,13.053
7137,140,36393.903,26471.436,7.445,18.809,56.531,3.085,3141585.05,10.379
7138,141,10003.749,39186.175,51.416,116.867,82.068,5.176,8841277.543,15.518
7139,141,10082.021,38828.846,73.929,244.842,78.262,9.919,32471956.728,23.147
7140,141,10160.535,38722.785,3.575,32.96,105.059,7.653,19328729.959,9.905
7141,141,10278.536,39444.583,161.466,3334.827,0,4.473,6602504.186,6.411
7142,141,10558.317,33454.515,172.422,3598.211,0,6.588,14321689.85,7.539
7143,141,10561.813,37200.714,8.99,98.037,83.319,4.882,7864830.35,4.261
7144,141,10637.452,38953.604,9.112,42.778,135.35,14.01,64778099.7,14.624
7145,141,10668.562,34627.891,188.298,5273.43,0,8.007,21157434.383,7.074
7146,141,10754.914,36559.814,265.623,9869.186,0,8.41,23342979.958,7.554
7147,141,10721.601,36160.633,9.516,53.674,102.651,7.726,19698884.601,7.91
7148,141,10811.514,33033.679,160.225,3160.756,0,14.167,66233839.852,11.818
7149,141,10893.181,38197.115,185.194,4178.298,0,5.778,11017135.207,7.125
7150,141,11039.552,33597.702,6.921,63.377,110.479,5.709,10754678.351,5.591
7151,141,11109.273,37359.762,208.838,6242.654,0,12.576,52192079.736,9.461
7152,141,11117.662,34203.727,68.646,249.34,134.691,4.639,7102230.027,12.243
7153,141,11280.14,34881.437,2.469,132.737,159.046,10.042,33281430.4,3.838
7154,141,11341.283,35367.2,109.892,809.827,98.58,6.513,13998074.104,11.801
7155,141,11319.922,36027.631,153.535,2478.262,0,6.417,13588445.021,8.262
7156,141,21679.363,30507.748,23.905,43.606,54.072,5.118,8644900.785,13.271
7157,141,22089.537,29714.526,172.111,4150.033,0,7.926,20730868.306,7.367
7158,141,22250.591,30361.563,43.632,95.567,58.088,2.51,2079700.66,10.881
7159,141,22876.209,30079.488,48.868,197.692,74.593,6.534,14088684.671,10.936
7160,141,23537.485,29638.211,133.348,1389.096,31.767,3.513,4073540.09,8.242
7161,141,26629.53,13235.376,176.469,3680.291,0,5.586,10299276.271,7.192
7162,141,26784.932,12649.299,151.739,2141.619,0,1.669,919191.06,6.751
7163,141,26897.861,13922.59,35.604,59.138,70.617,5.764,10964930.534,17.569
7164,141,27210.449,14334.781,312.477,11500.376,0,5.661,10577178.73,7.206
7165,141,27256.998,13268.069,65.817,332.19,84.753,6.944,15914868.252,11.466
7166,141,27303.8,14609.383,163.08,3701.416,0,7.419,18164988.07,7.188
7167,141,27585.69,13837.739,165.805,2903.278,0,3.513,4072040.593,6.835
7168,141,27984.316,15466.856,197.501,4411.016,0,7.476,18445216.861,8.379
7169,141,28047.986,14534.19,70.502,172.698,112.275,7.147,16854702.011,22.527
7170,141,29044.242,15833.884,8.872,54.236,68.636,6.819,15346959.795,7.17
7171,141,32451.775,26227.92,183.247,1835.401,0,4.712,7326023.02,11.516
7172,141,32445.368,26685.945,145.17,1285.694,0,4.496,6671978.806,10.482
7173,141,33010.079,27301.058,151.348,2064.989,0,7.391,18027706.169,9.949
7174,141,33390.44,27857.209,86.154,255.309,44.611,2.884,2744344.607,13.427
7175,141,33482.806,26800.414,131.768,977.911,0,4.213,5858848.031,10.827
7176,141,33687.199,27141.139,183.851,2423.298,0,4.702,7298059.434,9.494
7177,141,34028.266,27638.769,225.603,3299.997,0,6.045,12060764.005,11.428
7178,141,34566.908,29373.031,164.948,1666.488,0,3.581,4231394.905,9.632
7179,141,34734.374,28554.163,157.858,2035.5,0,6.237,12835744.26,9.805
7180,141,35439.231,27778.384,110.356,709.868,10.586,4.7,7290357.203,11.123
7181,141,35493.065,28357.743,150.749,1603.966,0,4.885,7875429.681,9.777
7182,141,35524.023,30414.122,219.532,3323.625,0,5.365,9497743.761,10.292
7183,141,35636.553,29646.532,135.358,1545.529,0,7.96,20911663.6,10.979
7184,141,35860.074,30523.025,160.371,1846.368,0,1.591,834932.123,7.719
7185,141,35943.481,30272.975,175.437,2318.278,0,6.963,16000681.347,11.035
7186,141,36318.176,24728.991,4.72,29.123,47.512,2.502,2065122.496,6.964
7187,141,36314.672,25681.504,26.598,48.087,46.356,4.926,8008863.879,13.404
7188,141,36398.91,26569.398,5.024,45.881,47.674,4.043,5395250.78,5.923
7189,142,10168.694,38611.756,64.261,237.688,90.557,5.528,10085862.94,12.655
7190,142,10265.058,39425.714,171.404,4242.578,0,6.869,15572534.669,6.772
7191,142,10561.037,38970.965,236.334,8137.069,0,11.991,47451649.803,9.012
7192,142,10691.359,34595.66,329.211,15175.989,0,8.865,25935217.67,7.746
7193,142,10719.913,36637.697,3.288,76.294,116.861,11.965,47247613.293,6.598
7194,142,10738.303,36290.348,36.275,85.152,113.06,5.819,11174412.549,13.445
7195,142,10808.494,33026.728,188.454,5185.404,0,7.762,19882299.524,7.068
7196,142,10945.433,33434.891,306.672,10729.044,0,6.376,13417131.249,7.712
7197,142,10921.564,38030.022,234.962,6149.409,0,4.703,7300170.875,7.06
7198,142,11125.994,33763.96,8.946,41.821,106.063,3.966,5191268.072,6.912
7199,142,11070.777,37401.513,265.599,9049.455,0,5.936,11629596.239,6.923
7200,142,11127.957,34133.283,184.969,5284.215,18.596,2.233,1645962.155,5.24
7201,142,11130.002,36872.469,200.182,5071.271,0,3.985,5241343.169,6.275
7202,142,11283.691,34915.857,175.789,6435.005,0,3.616,4314000.227,4.644
7203,142,11320.222,36006.388,6.477,26.01,88.036,6.181,12606267.587,11.208
7204,142,11344.602,35400.849,103.411,835.446,87.746,3.638,4366661.603,8.376
7205,142,21653.671,30553.668,68.298,169.855,50.288,5.282,9207599.358,17.589
7206,142,22105.804,29708.363,122.643,1193.846,42.128,6.141,12445159.816,10.01
7207,142,22935.22,30032.718,199.183,4045.474,0,6.18,12605509.272,8.273
7208,142,23541.79,29685.388,74.671,335.594,50.856,4.529,6768027.699,10.946
7209,142,23838.72,29431.826,8.603,31.293,80.456,2.96,2892223.98,7.586
7210,142,23904.785,28858.404,190.4,2325.877,0,7.996,21099178.93,13.665
7211,142,26651.448,13139.328,89.595,454.605,76.776,4.277,6036677.634,11.02
7212,142,26801.257,12563.914,4.47,33.223,60.125,2.886,2749330.388,6.595
7213,142,26816.972,13680.216,55.081,69.51,79.036,4.17,5738300.486,22.812
7214,142,27219.95,14391.752,201.538,6723.992,0,6.792,15222215.385,6.124
7215,142,27276.518,13272.476,135.536,2135.882,20.509,7.475,18441125.688,8.268
7216,142,27623.649,13881.846,154.553,1670.188,32.151,4.399,6386302.431,9.448
7217,142,28000.161,14496.5,8.085,36.326,95.666,5.979,11799076.874,8.855
7218,142,28149.151,14766.558,182.205,4123.999,0,5.905,11506665.069,7.088
7219,142,28465.318,15947.164,178.53,3878.376,0,7.588,19003349.763,8.003
7220,142,28896.415,16150.453,149.042,1697.469,0,3.85,4892980.104,8.543
7221,142,29041.533,15839.793,5.332,54.342,66.29,4.52,6742532.771,5.519
7222,142,32453.175,26224.037,45.736,50.927,54.39,3.03,3029965.696,18.844
7223,142,32454.024,26740.758,147.893,1571.253,0,7.08,16543260.71,11.609
7224,142,33008.965,27303.655,66.677,169.095,60.865,6.148,12474765.806,18.808
7225,142,33520.333,26799.061,4.996,45.985,39.096,1.789,1056618.637,5.195
7226,142,33514.841,27913.231,169.825,2271.874,0,6.474,13831191.963,10.254
7227,142,34025.412,27623.394,47.311,61.806,61.84,4.166,5728241.253,20.196
7228,142,34481.314,29313.357,3.441,33.422,63.933,6.931,15851735.055,9.176
7229,142,35419.862,30402.908,145.466,1804.839,0,3.204,3387875.865,7.642
7230,142,35491.557,27780.624,116.292,988.014,0,3.295,3583291.673,8.49
7231,142,35612.572,29678.622,186.334,2583.252,0,3.763,4672264.217,8.606
7232,142,35694.762,30575.64,128.626,1293,0,4.153,5691668.08,8.639
7233,142,35906.487,30124.404,65.164,143.009,60.968,4.599,6980959.112,17.318
7234,142,36244.906,27441.1,5.482,34.898,59.154,3.142,3257868.608,6.651
7235,143,10257.143,39437.676,173.348,4747.541,0,7.105,16660055.506,6.445
7236,143,10569.307,39020.144,76.177,312.174,107.293,6.1,12278508.367,13.861
7237,143,10676.759,33790.231,70.524,249.451,101.642,8.268,22557347.455,18.22
7238,143,10684.675,34736.923,35.305,105.327,116.226,7.19,17061671.659,12.463
7239,143,10737.113,35389.333,168.47,3433.939,0,4.194,5804037.86,6.532
7240,143,10732.228,36193.132,210.589,5229.828,0,3.833,4848148.382,6.492
7241,143,10703.84,36385.244,174.068,3893.189,0,7.019,16257005.793,7.421
7242,143,10706.574,36828.029,31.889,76.005,112.029,9.844,31979534.021,18.135
7243,143,10859.568,33057.428,60.424,188.736,95.77,8.934,26341640.527,19.249
7244,143,10921.287,33513.025,193.121,4974.901,0,5.053,8427509.105,6.43
7245,143,10928.634,38029.712,143.85,1638.637,44.771,4.597,6975160.819,8.834
7246,143,11039.581,37335.224,0.525,27.482,125.087,8.662,24761237.96,12.227
7247,143,11138.523,34170.444,51.482,169.793,139.763,8.57,24240215.128,15.928
7248,143,11339.002,34984.282,40.822,136.346,163.995,11.381,42742060.287,16.991
7249,143,11261.002,35406.365,320.035,16832.087,0,9.621,30546614.231,7.158
7250,143,11279.201,35917.699,4.073,94.914,97.656,4.296,6091212.506,3.781
7251,143,21605.5,30080.975,168.22,2614.264,0,5.106,8604902.564,8.237
7252,143,22130.523,29679.396,145.78,2317.298,0,6.835,15416857.13,8.289
7253,143,22921.312,30073.737,155.477,2929.558,0,7.864,20408244.564,8.193
7254,143,23462.954,29678.626,187.809,3304.958,0,3.852,4895464.28,7.487
7255,143,23838.261,29439.844,3.687,84.06,64.244,3.055,3080344.735,3.842
7256,143,26618.892,13259.098,150.357,2514.271,0,4.406,6407537.001,6.979
7257,143,26671.689,12647.675,105.353,419.165,34.481,4.235,5920111.832,14.6
7258,143,26824.624,13753.4,188.938,3523.354,0,5.87,11372981.546,8.291
7259,143,27120.138,14321.579,4.976,57.697,114.333,8.363,23082978.351,6.841
7260,143,27234.957,13234.495,144.951,3039.566,0,9.569,30221106.518,7.959
7261,143,27603.414,13839.467,9.53,64.533,77.718,6.074,12174367.306,6.116
7262,143,27934.103,15355.04,189.338,3886.666,0,6.649,14590425.859,8.18
7263,143,27972.39,14464.702,95.963,512.876,60.989,7.309,17628945.751,14.84
7264,143,28227.387,14900.687,174.242,3639.816,0,3.693,4500751.88,6.395
7265,143,28450.403,15946.181,95.369,606.352,64.756,4.576,6909807.691,10.066
7266,143,28761.391,15415.013,154.187,2239.916,0,8.52,23954922.897,10.431
7267,143,29064.162,15951.044,169.225,2593.112,0,5.544,10142088.327,8.62
7268,143,32488.401,26753.179,75.344,167.847,42.535,4.837,7721187.868,19.51
7269,143,32560.16,26157.242,7.494,72.429,47.422,4.593,6962378.358,4.86
7270,143,33019.54,27284.391,165.156,2617.709,0,7.943,20821768.783,9.847
7271,143,33445.593,27862.39,35.186,63.474,61.247,7.313,17651168.726,19.276
7272,143,34000.351,27601.673,5.474,56.706,61.33,4.084,5504220.976,5.241
7273,143,34121.092,28420.751,145.203,1412.319,0,4.977,8175120.536,10.234
7274,143,34553.527,29345.778,141.902,1780.695,0,4.232,5911265.877,7.998
7275,143,34826.392,28610.57,161.061,1854.257,0,6.806,15284920.263,11.368
7276,143,35476.132,27776.945,66.485,198.248,43.874,1.238,505957.651,10.026
7277,143,35504.918,30396.525,144.466,1888.597,0,5.322,9345998.894,8.51
7278,143,35640.9,29701.881,143.555,1573.957,0,4.825,7682018.994,9.218
7279,143,35856.379,25560.169,159.078,2002.079,0,4.35,6245273.824,8.658
7280,143,35947.967,30134.413,175.386,2484.292,0,3.85,4892766.869,8.226
7281,143,36242.072,27438.487,4.541,35.486,70.317,1.266,529218.518,5.794
7282,143,36405.444,26098.956,238.605,3379.462,0,3.825,4827265.613,9.997
7283,143,36363.133,26453.011,40.837,54.113,52.057,1.763,1025515.547,13.293
7284,144,10314.862,38163.579,8.191,79.437,104.87,7.209,17152146.82,5.437
7285,144,10263.127,39446.449,164.235,4425.211,0,15.564,79943088.602,9.855
7286,144,10562.293,33617.497,35.922,98.95,85.342,7.023,16274862.492,13.21
7287,144,10663.785,36914.284,85.264,511.422,75.541,2.415,1924931.324,8.278
7288,144,10574.459,38939.5,216.528,6582.948,0,11.066,40415003.636,8.827
7289,144,10690.439,34665.082,169.248,4521.808,0,9.158,27675559.412,7.241
7290,144,10718.427,36326.514,9.043,32.928,104.256,7.533,18729189.854,11.398
7291,144,10808.656,35376.17,217.647,5671.384,0,3.703,4525797.913,6.389
7292,144,10862.017,33041.52,155.581,3519.026,0,3.833,4847466.912,5.754
7293,144,10844.426,36668.063,148.167,3401.951,0,6.624,14481029.145,6.378
7294,144,10958.358,38076.195,9.613,29.227,99.598,2.572,2182929.391,7.887
7295,144,10951.627,33568.861,39.408,56.423,106.701,5.637,10484708.594,20.615
7296,144,11121.582,34160.034,4.792,79.986,142.765,5.101,8586308.01,4.41
7297,144,11121.378,36939.168,211.505,5739.639,0,4.234,5917470.558,6.299
7298,144,11110.125,37318.894,82.655,381.61,91.934,4.693,7269440.738,11.645
7299,144,11264.404,34922.184,187.179,6560.014,0,10.502,36397989.797,6.822
7300,144,11244.029,35437.087,255.386,10730.701,0,9.365,28941694.293,7.062
7301,144,11242.03,35917.434,152.873,1766.236,41.099,6.079,12197324.803,10.269
7302,144,21522.975,30143.907,162.759,2176.931,0,6.068,12152748.646,9.627
7303,144,21680.079,30527.283,57.785,109.874,46.538,5.315,9322227.579,19.653
7304,144,21840.063,29880.459,0.564,36.078,77.175,8.296,22715258.37,9.403
7305,144,22941.406,30054.503,187.698,3459.733,0,6.186,12628955.778,8.509
7306,144,23404.527,29754.065,193.658,3460.778,0,6.51,13984105.191,9.112
7307,144,23731.824,28926.575,191.742,2996.039,0,4.24,5932900.589,8.4
7308,144,23859.614,29408.861,138.119,1771.499,0,6.746,15019375.613,9.292
7309,144,26619.156,13304.984,42.818,63.294,99.065,5.468,9866561.156,20.552
7310,144,26680.313,12590.013,176.982,2878.99,0,6.997,16157714.554,9.489
7311,144,26809.591,13825.062,45.055,109.433,91.416,8.319,22837398.526,18.711
7312,144,27251.896,13206.139,51.975,145.155,111.727,3.547,4152223.741,11.217
7313,144,27267.677,14587.746,174.48,4159.519,0,8.36,23065510.11,7.704
7314,144,27515.781,14952.401,13.799,13.357,84.471,7.597,19044159.27,31.235
7315,144,27606.71,13811.455,139.391,1972.328,0,4.32,6159476.576,7.367
7316,144,27917.662,15448.039,197.944,4237.738,0,6.227,12795767.197,7.959
7317,144,28046.068,14641.668,81.192,308.298,92.301,9.309,28596544.12,20.924
7318,144,28249.01,14913.338,171.525,3725.939,0,3.13,3232337.339,6.034
7319,144,28481.946,16001.492,31.097,106.034,84.779,7.028,16302146.916,10.48
7320,144,29083.895,15799.11,54.18,91.178,61.085,4.219,5872933.731,18.041
7321,144,32436.382,26718.263,143.731,1263.754,0,3.534,4122097.953,9.626
7322,144,32548.273,26202.089,64.088,151.723,49.685,3.55,4157875.843,14.182
7323,144,33039.133,27323.032,4.199,11.362,67.266,5.029,8347590.731,18.437
7324,144,33999.232,27599.249,6.563,49.353,61.155,2.912,2797956.243,5.447
7325,144,34046.286,28394.482,135.703,1353.833,0,6.028,11989854.501,10.47
7326,144,34585.978,29362.458,61.098,185.338,63.944,1.885,1172899.231,9.956
7327,144,35521.884,27838.691,7.507,29.322,59.937,5.209,8955247.167,9.526
7328,144,35608.748,29701.877,164.755,2069.102,0,5.463,9848591.491,9.689
7329,144,36241.841,27359.402,7.953,62.456,69.861,3.297,3587169.588,5.018
7330,144,36404.003,26480.255,7.73,15.813,56.771,4.246,5948513.318,13.826
7331,145,9999.509,39276.556,6.54,48.109,102.552,9.529,29965977.694,8.963
7332,145,10076.586,38959.789,4.757,42.605,121.857,5.013,8293617.446,6.657
7333,145,10277.019,39451.765,88.075,606.596,95.437,8.927,26302082.599,12.862
7334,145,10557.637,33506.287,214.155,5581.606,0,5.726,10818337.051,7.095
7335,145,10641.969,33839.014,6.893,82.889,92.306,3.984,5236896.446,4.276
7336,145,10562.482,38646.068,7.712,96.14,111.988,7.827,20218962.217,4.844
7337,145,10588.497,38988.297,205.268,5799.85,0,5.399,9618354.131,6.418
7338,145,10704.296,34698.118,80.216,278.565,113.329,4.565,6877760.843,13.912
7339,145,10720.976,36667.149,148.374,3070.757,0,7.51,18613864.148,7.23
7340,145,10792.762,32985.414,50.406,107.539,87.73,9.338,28776715.948,24.783
7341,145,10981.46,38024.411,165.281,3142.109,0,6.63,14508229.796,7.845
7342,145,11137.697,34176.912,43.278,87.953,135.339,3.427,3874663.062,12.549
7343,145,11298.059,34951.749,159.155,5059.747,0,6.661,14641221.412,5.385
7344,145,11305.081,35405.248,205.269,6833.141,0,6.304,13116835.368,6.051
7345,145,11300.12,36049.276,41.626,94.429,78.351,4.927,8011751.998,13.436
7346,145,21446.811,30249.214,5.555,18.198,66.233,5.503,9994588.508,13.607
7347,145,21757.801,29953.911,202.985,3868.464,0,4.038,5380259.156,7.56
7348,145,23850.965,29374.986,154.526,1762.29,0,4.933,8032400.993,9.508
7349,145,26587.021,13290.569,75.844,167.749,84.825,1.655,904403.201,13.065
7350,145,26720.294,12962.146,5.554,95.89,88.624,2.946,2864079.909,3.674
7351,145,26801.506,13760.652,9.87,94.192,108.136,12.538,51876906.857,6.872
7352,145,27227.75,13232.443,39.819,104.712,105.624,7.639,19256014.615,15.294
7353,145,27279.85,14594.869,72.686,404.775,79.687,5.434,9743277.5,9.993
7354,145,27517.852,14963.936,6.877,56.056,75.494,5.981,11803400.082,6.199
7355,145,27554.894,13809.225,161.518,2568.536,0,5.397,9611267.05,8.054
7356,145,27908.908,15458.741,160.014,2534.087,0,5.036,8368359.449,7.83
7357,145,28069.503,14619.959,41.854,85.166,118.725,3.632,4352740.003,12.629
7358,145,28258.137,14840.861,186.207,4757.283,0,10.247,34650703.928,8.593
7359,145,29066.271,15720.769,134.555,2026.361,0,7.335,17757503.966,8.43
7360,145,32457.645,26745.639,123.009,920.169,0,3.38,3769312.285,9.574
7361,145,32564.343,26176.311,63.887,141.163,35.547,3.88,4968683.352,15.517
7362,145,32990.281,27331.962,68.412,122.766,62.193,7.549,18807123.221,30.416
7363,145,34036.805,28421.429,107.457,891.871,0,5.789,11061530.111,9.978
7364,145,34533.96,29325.561,115.931,1182.459,0,8.26,22516893.051,10.918
7365,145,34719.612,28483.596,3.165,52.672,60.219,7.877,20478268.806,6.867
7366,145,35595.068,30453.591,179.472,2575.58,6.374,4.43,6476350.138,8.633
7367,145,35897.768,24577.361,188.838,1716.815,0,3.715,4554113.779,11.423
7368,145,35874.357,25641.18,149.141,1557.769,0,5.545,10145536.014,10.397
7369,145,36019.447,30274.584,171.143,1965.508,0,3.668,4440800.242,9.139
7370,145,36411.248,26403.711,66.748,216.765,33.871,2.72,2442283.829,10.733
7371,146,10081.273,38886.38,8.266,64.584,133.982,9.788,31616000.483,7.54
7372,146,10264.558,38435.965,80.16,305.836,103.993,4.272,6022241.206,12.562
7373,146,10305.294,38148.04,143.407,3006.924,0,5.797,11089868.245,6.34
7374,146,10641.412,33836.315,7.44,53.551,84.172,5.135,8702355.071,6.119
7375,146,10649.473,36857.933,155.788,3262.993,0,5.607,10376583.213,6.62
7376,146,10591.129,38660.002,94.23,433.679,116.427,7.49,18513609.359,16.882
7377,146,10571.411,38980.29,222.402,7046.255,0,10.752,38150634.121,8.564
7378,146,10661.222,34675.796,238.366,8449.846,0,8.763,25343813.106,7.372
7379,146,10834.955,33029.488,158.25,3130.895,0,8.563,24198972.873,8.365
7380,146,10940.812,38054.457,90.404,623.659,61.749,5.763,10960873.24,10.136
7381,146,11196.654,34240.036,5.696,73.901,134.368,3.641,4374336.007,4.384
7382,146,11140.82,34683.605,51.562,173.257,117.21,3.647,4390296.43,9.96
7383,146,11115.831,37452.933,177.406,3837.261,0,10.34,35283683.343,9.519
7384,146,11198.593,36964.735,10.331,58.827,97.719,11.948,47109171.827,10.125
7385,146,11302.836,34949.027,184.741,6121.699,0,5.218,8985848.52,5.385
7386,146,21499.748,30184.352,158.577,1942.35,0,2.647,2312777.967,7.824
7387,146,21705.688,30545.552,61.856,180.985,48.729,4.497,6675349.411,13.262
7388,146,21820.629,29924.899,27.101,67.981,97.126,7.347,17813642.534,13.214
7389,146,22228.766,29679.214,116.744,481.088,49.895,2.31,1761273.102,12.237
7390,146,22881.823,30085.85,8.398,35.421,64.287,6.891,15669756.83,9.906
7391,146,23204.853,29923.02,8.344,31.759,64.706,5.311,9308768.745,9.293
7392,146,23363.366,29675.688,4.432,37.192,71.178,5.177,8844659.588,7.383
7393,146,23679.351,28954.243,5.695,58.466,57.495,7.177,16998902.489,6.343
7394,146,26618.94,13240.359,84.536,599.3,62.422,4.955,8101826.072,8.912
7395,146,26743.763,12992.14,216.574,5783.26,0,5.04,8384363.416,6.751
7396,146,27120.504,14317.777,5.099,90.457,94.337,5.937,11631996.544,4.28
7397,146,27176.046,13165.32,183.887,3893.823,0,8.323,22858813.457,8.751
7398,146,27280.853,14635.599,6.27,68.137,100.199,3.788,4736403.384,4.69
7399,146,27679.059,15206.671,7.771,34.078,76.589,4.749,7443557.677,8.218
7400,146,27967.375,15469.82,146.297,2498.397,0,4.724,7365970.455,6.9
7401,146,27988.498,14549.527,216.115,6006.675,0,8.418,23383575.983,8.07
7402,146,28248.991,14822.419,47.602,107.199,89.774,10.212,34414523.758,24.467
7403,146,29080.272,15787.508,138.506,2502.037,0,5.57,10237971.443,6.756
7404,146,32430.199,26736.723,137.454,1514.308,0,5.726,10820650.543,9.58
7405,146,32533.395,26156.209,126.289,1168.374,0,5.379,9550041.425,9.966
7406,146,32927.358,27233.213,72.439,173.191,50.556,6.723,14917797.584,22.429
7407,146,33699.769,27150.875,182.796,2401.621,0,3.982,5233768.741,8.95
7408,146,34076.083,27678.497,10.928,32.144,65.358,2.007,1329010.953,7.427
7409,146,34022.766,28397.16,164.721,1604.84,0,4.201,5822929.878,10.404
7410,146,34559.31,29273.283,10.179,62.439,64.781,2.898,2771245.916,5.236
7411,146,35558.992,30495.251,122.554,1053.122,5.815,4.686,7246548.598,9.711
7412,146,35642.701,29718.682,198.405,2744.626,0,8.626,24556610.153,13.406
7413,146,35806.427,25558.372,163.539,1699.742,0,3.718,4560901.334,9.511
7414,146,35999.244,30297.408,148.255,1095.504,11.564,1.835,1111301.847,9.553
7415,146,36391.814,26317.245,118.058,418.566,33.316,1.664,913642.354,12.632
7416,147,10064.671,38925.994,159.073,4045.784,0,3.267,3522150.333,5.325
7417,147,10219.171,39406.855,186.67,5324.094,0,3.717,4559150.438,5.551
7418,147,10513.822,33351.941,137.302,1732.364,22.893,5.036,8368817.591,8.258
7419,147,10485.045,37460.259,59.142,138.995,66.173,1.981,1295035.239,11.454
7420,147,10564.905,38667.481,60.311,169.756,110.79,4.133,5638512.14,12.911
7421,147,10560.948,38981.743,196.355,5884.01,0,9.296,28521583.941,7.471
7422,147,10720.473,33759.884,2.475,81.913,100.925,5.81,11141530.65,4.356
7423,147,10687.787,34578.868,186.802,5235.213,0,6.808,15293796.889,6.563
7424,147,10719.135,36159.463,5.183,100.975,99.689,5.011,8286956.38,3.83
7425,147,10754.037,36727.025,310.186,12411.49,0,5.222,9000333.182,6.61
7426,147,10821.677,33031.81,200.738,4532.288,0,8.951,26441197.58,9.279
7427,147,10904.511,33353.424,101.127,634.857,74.514,4.946,8072787.008,10.914
7428,147,10937.044,35545.618,179.387,4730.88,0,3.189,3356757.671,5.557
7429,147,10939.824,38038.812,83.236,451.566,69.726,3.003,2976584.702,9.033
7430,147,11091.99,37393.348,225.264,5974.398,0,4.793,7581511.702,6.852
7431,147,11175.013,34246.647,185.395,5146.86,0,8.673,24826970.018,7.318
7432,147,11201.161,36804.493,8.524,69.321,98.582,7.757,19857531.603,6.29
7433,147,11349.037,34983.995,26.475,58.394,152.849,6.147,12469683.163,13.015
7434,147,21497.936,30204.91,164.161,2136.261,0,3.628,4344108.183,8.202
7435,147,21621.821,30444.025,89.445,289.797,48.798,3.657,4414384.006,14.176
7436,147,21806.596,29891.606,193.134,3374.407,0,7.036,16337585.857,9.619
7437,147,22245.621,29624.372,65.747,153.051,63.799,4.744,7428381.895,16.931
7438,147,23085.492,29968.244,174.658,2590.041,0,5.876,11395089.048,9.249
7439,147,23461.152,29717.937,142.157,1893.48,0,5.478,9904982.531,8.405
7440,147,23826.242,28967.39,173.162,2796.302,0,6.578,14280807.092,9.103
7441,147,23932.876,29408.506,72.966,254.553,35.912,7.202,17116438.968,17.106
7442,147,26665.981,13230.791,143.681,1488.069,58.486,4.234,5916368.712,9.147
7443,147,26712.68,12616.902,70.664,263.627,47.908,1.896,1186706.247,9.521
7444,147,26712.393,13040.624,8.016,25.535,116.035,5.012,8290896.287,10.538
7445,147,26879.941,13918.987,1.428,72.547,87.772,8.47,23677215.217,5.48
7446,147,27179.903,14436.079,149.191,2917.038,0,6.332,13232302.327,7.036
7447,147,27210.35,13188.891,134.112,2727.218,0,7.141,16833033.115,6.682
7448,147,27423.324,14825.408,159.037,2716.45,0,12.42,50904181.91,12.064
7449,147,27933.091,15492.065,44.465,129.885,71.12,4.831,7702509.585,11.378
7450,147,27981.551,14533.118,180.976,4425.594,0,4.658,7161559.505,6.248
7451,147,28156.93,14721.8,8.733,67.083,107.44,10.387,35603739.488,7.717
7452,147,28402.412,15915.38,6.005,40.847,95.464,7.526,18690333.247,8.674
7453,147,28722.481,15421.219,41.057,68.923,67.237,9.582,30298262.076,27.74
7454,147,29048.428,15714.934,35.447,128.816,106.48,7.034,16330216.28,10.515
7455,147,32415.385,26691.408,169.827,1699.438,1.466,4.472,6600558.038,10.685
7456,147,32589.378,26120.685,48.723,112.534,33.555,3.185,3346853.02,11.874
7457,147,32882.625,27200.352,2.483,20.74,70.309,3.402,3818631.426,9.114
7458,147,33696.179,27188.487,101.071,488.543,24.099,3.383,3777108.987,11.278
7459,147,34597.657,29450.779,50.442,129.846,68.204,6.17,12564458.965,15.459
7460,147,34800.941,28559.158,4.832,44.755,54.121,6.505,13965494.728,7.238
7461,147,35415.282,28340.648,152.907,1555.113,0,2.924,2822484.335,8.705
7462,147,35630.978,27662.263,175.416,2526.392,0,3.543,4141826.769,7.971
7463,147,35662.965,26995.553,156.549,1429.5,0,4.291,6077205.264,10.601
7464,147,35621.553,30531.71,162.301,1981.103,0,2.658,2331262.172,7.948
7465,147,35969.667,30182.499,63.068,107.517,41.235,7.451,18322531.217,29.634
7466,147,36330.051,25758.536,7.366,42.744,63.845,7.13,16777505.04,8.418
7467,147,36352.557,26486.635,173.175,1772.904,0,3.943,5129884.6,10.163
7468,147,36399.316,28261.016,91.335,283.893,29.025,4.427,6468738.951,16.302
7469,148,10043.109,38948.046,222.238,7326.437,0,6.369,13386488.73,6.441
7470,148,10240.33,38397.36,5.503,72.598,105.372,12.003,47544690.148,7.217
7471,148,10208.325,39442.778,171.665,4253.121,0,10.357,35399226.651,8.317
7472,148,10478.49,33441.3,6.886,56.618,85.605,8.852,25856924.187,7.545
7473,148,10560.484,33879.86,138.592,2075.051,0,4.298,6095697.983,7.073
7474,148,10561.133,38636.316,9.938,72.578,119.697,5.566,10223787.95,5.528
7475,148,10608.154,38943.755,190.043,4892.47,0,6.736,14971868.163,7.016
7476,148,10686.709,34595.904,166.316,4266.275,0,8.726,25127779.875,7.193
7477,148,10706.409,34875.369,8.247,50.289,127.529,9.42,29285692.074,9.042
7478,148,10730.725,35247.115,216.707,5584.844,0,6.14,12441264.369,7.396
7479,148,10753.89,36605.349,237.471,7077.547,0,4.737,7405522.002,6.556
7480,148,10742.538,36901.018,105.846,600.105,76.845,5.939,11641965.221,13.382
7481,148,10720.058,36237.661,1.88,59.747,113.351,6.078,12190689.029,5.446
7482,148,10806.989,33015.323,137.299,2513.84,0,11.661,44876040.957,9.627
7483,148,11039.348,37520.281,4.358,40.723,104.66,3.742,4621693.934,6.179
7484,148,11204.645,34690.857,70.879,347.587,113.539,5.098,8578046.13,10.479
7485,148,11278.535,35525.772,6.884,51.789,132.92,10.936,39467213.255,9.372
7486,148,11446.175,9501.896,144.343,935.413,0,5.759,10943756.304,14.944
7487,148,21571.984,30481.567,49.663,86.301,49.549,6.91,15757614.859,23.193
7488,148,22042.456,30508.975,141.843,1567.238,0,7.253,17362406.608,11.055
7489,148,22323.971,29627.432,223.326,3937.72,0,2.9,2775806.902,7.815
7490,148,22829.264,30112.176,66.669,270.511,46.19,9.225,28086183.826,16.824
7491,148,23387.927,29772.615,167.654,2892.802,0,6.135,12423098.697,8.214
7492,148,23929.31,29457.021,93.726,559.338,19.602,3.328,3655493.645,9.348
7493,148,26641.613,13309.042,91.896,545.252,67.242,2.318,1773495.234,8.615
7494,148,26877.495,13864.868,92.283,620.402,59.867,6.026,11985264.335,10.716
7495,148,27196.148,14448.395,112.271,950.051,60.348,7.563,18878769.809,11.735
7496,148,27203.607,13200.948,6.718,104.302,99.553,7.456,18348467.557,4.365
7497,148,27902.947,15446.355,232.323,4474.734,0,4.445,6521172.945,8.414
7498,148,27999.843,14561.766,3.293,75.982,117.879,4.167,5729542.987,4.242
7499,148,28329.528,15831.879,6.843,19.683,97.719,5.373,9527596.4,13.014
7500,148,28754.949,15521.263,225.042,4475.985,0,2.95,2871489.209,7.336
7501,148,29048.719,15681.977,8.068,78.885,112.509,4.538,6794784.555,4.666
7502,148,32437.518,26163.152,47.847,54.819,44.648,4.207,5840639.892,22.757
7503,148,32405.033,26718.134,184.883,1900.13,0,3.359,3723763.288,10.049
7504,148,33080.206,27377.955,166.074,1973.674,0,5.884,11427339.191,10.507
7505,148,33681.528,27278.799,10.142,38.557,50.838,3.314,3623859.933,7.176
7506,148,34033.977,27619.685,180.144,2571.049,0,5.171,8825777.261,9.196
7507,148,34648.863,29458.218,149.005,1499.915,30.327,1.46,703682.375,7.936
7508,148,35421.561,28302.907,155.585,1936.803,0,2.518,2092537.929,7.613
7509,148,35587.021,27674.772,102.387,736.794,21.414,2.563,2168362.843,8.3
7510,148,35612.427,30515.498,188.877,3763.096,0,3.787,4732950.119,6.934
7511,148,35681.555,27040.096,2.71,63.912,44.516,4.949,8083343.429,4.89
7512,148,35657.408,29694.751,42.942,56.385,59.099,3.267,3522564.64,16.739
7513,148,35851.516,25430.942,154.328,1806.585,0,3.546,4149374.342,8.391
7514,148,36016.099,30269.097,128.783,1247.984,0,6.247,12877202.246,10.493
7515,148,36234.464,27519.915,8.743,33.353,57.88,4.955,8103225.231,8.77
7516,148,36345.886,25593.835,99.169,672.205,15.504,3.387,3786139.019,8.958
7517,148,36335.715,25914.163,115.462,582.45,32.518,3.812,4794722.389,12.476
7518,148,36389.074,28280.066,75.761,136.842,35.077,1.504,746561.032,14.462
7519,148,37271.137,25351.482,169.857,1177.068,0,4.231,5908263.609,13.585
7520,149,10064.248,38937.646,188.297,5002.617,0,5.941,11647335.727,6.515
7521,149,10212.484,39447.559,138.921,3010.656,0,7.437,18253397.68,6.654
7522,149,10323.334,38000.892,5.509,39.936,103.519,2.774,2538859.728,5.977
7523,149,10647.947,36910.317,80.386,463.951,74.867,8.528,24002200.031,13.498
7524,149,10720.721,33679.069,10.198,28.276,103.673,5.175,8836722.063,10.674
7525,149,10701.658,34678.941,39.993,93.63,142.928,6.352,13315011.16,14.92
7526,149,10711.612,35379.41,112.566,1223.184,33.939,1.039,356395.917,6.539
7527,149,10724.863,36243.728,22.744,101.913,108.744,5.922,11572705.436,7.227
7528,149,10776.128,33004.475,189.65,4297.265,0,4.98,8185652.758,6.875
7529,149,10966.694,33501.17,225.925,6067.157,0,5.015,8299607.464,6.9
7530,149,10982.916,37001.124,218.898,6194.653,0,3.048,3065234.641,5.93
7531,149,11041.896,37443.458,6.459,46.976,115.216,4.73,7383747,6.329
7532,149,11200.436,34285.96,148.368,3213.15,0,3.371,3749555.73,5.633
7533,149,11191.684,34642.064,202.107,5912.694,0,8.262,22526666.065,7.318
7534,149,11192.095,36787.024,180.514,3690.934,0,7.519,18657199.093,8.404
7535,149,11310.553,34926.998,157.216,4627.662,0,7.429,18212892.966,5.839
7536,149,11305.043,36006.095,61.695,165.785,84.159,5.976,11786957.135,16.657
7537,149,21456.667,30207.879,60.071,205.383,43.713,3.209,3398935.29,10.263
7538,149,21839.884,29918.118,2.658,63.647,82.412,6.399,13512351.036,5.36
7539,149,22020.595,30523.298,137.327,1552.043,0,1.203,477354.679,7.102
7540,149,22267.015,29647.815,85.951,180.288,54.978,1.619,864904.876,14.357
7541,149,23247.05,29893.757,30.904,58.445,77.134,5.104,8598306.657,13.839
7542,149,24002.776,28841.516,65.604,153.851,42.223,1.813,1084604.94,11.894
7543,149,26659.606,13281.291,111.839,713.901,64.031,3.593,4259744.79,10.19
7544,149,26754.428,12976.351,126.022,807.255,52.76,2.276,1708978.653,9.776
7545,149,26874.524,13876.816,180.675,3747.509,0,6.728,14939424.863,7.895
7546,149,27167.628,14423.614,105.689,895.986,62.865,7.071,16499503.864,10.766
7547,149,27188.616,13221.693,56.068,184.108,88.246,6.931,15855017.727,14.587
7548,149,27435.894,14799.629,135.498,2183.439,0,8.379,23170867.749,8.626
7549,149,27610.939,13961.594,222.496,4489.326,0,3.915,5058734.806,7.66
7550,149,28009.579,14633.379,207.757,5359.446,0,6.311,13142861.66,7.258
7551,149,28400.132,15925.617,10.287,72.897,96.794,9.488,29707688.785,7.201
7552,149,28674.112,16091.814,152.842,2284.608,0,6.977,16065243.933,9.067
7553,149,28755.635,15437.274,108.425,591.889,45.806,3.211,3401574.841,10.695
7554,149,29116.985,15786.743,72.864,462.002,59.595,6.127,12387176.306,9.627
7555,149,32312.65,26234.278,134.784,845.278,10.982,4.362,6278017.962,12.579
7556,149,32475.347,26793.832,8.973,54.275,36.684,4.615,7027387.378,6.113
7557,149,32879.461,27201.209,5.027,65.093,48.738,7.079,16538934.058,5.733
7558,149,34039.399,27644.519,184.989,2804.863,0,4.887,7882201.291,8.784
7559,149,34095.159,28398.749,72.315,241.133,32.828,3.508,4062273.523,11.946
7560,149,34611.765,29484.044,127.262,1446.979,0,7.148,16863491.526,9.886
7561,149,35493.444,27952.486,42.392,88.584,49.837,4.784,7551979.598,14.219
7562,149,35521.239,30403.404,5.773,55.507,77.441,7.509,18606087.78,6.766
7563,149,35668.711,27635.887,61.695,67.599,55.782,1.338,590532.03,17.099
7564,149,35668.654,29727.56,231,3886.873,0,6.022,11968960.41,10.44
7565,149,35837.742,25760.038,133.666,1253.19,0,3.662,4426092.055,8.919
7566,149,35878.602,24577.556,184.042,2016.571,0,3.402,3818667.773,9.65
7567,149,36048.043,30259.732,140.759,1653.385,0,5.085,8533841.388,8.85
7568,149,36223.926,27492.033,82.619,151.303,43.699,5.278,9193761.262,26.155
7569,149,36352.764,25613.698,28.829,48.248,57.467,5.392,9594401.828,15.388
7570,149,36357.287,25919.484,2.418,30.373,63.71,3.049,3067322.103,6.861
7571,150,10077.064,38892.57,49.264,117.054,110.531,4.443,6514333.833,13.458
7572,150,10157.446,38627.961,189.787,4321.787,0,9.321,28670409.868,9.035
7573,150,10241.021,39442.138,4.398,122.024,115.268,6.951,15945238.245,3.645
7574,150,10266.578,38247.824,42.166,92.277,97.098,2.735,2468941.608,10.961
7575,150,10649.09,36926.816,170.574,4009.308,0,4.529,6769709.329,6.136
7576,150,10566.198,38992.227,195.365,4771.542,0,8.614,24489108.471,8.36
7577,150,10648.176,34601.753,212.12,6898.236,0,5.054,8428165.353,5.883
7578,150,10726.911,36536.637,194.624,5415.053,0,7.663,19377304.559,7.133
7579,150,10772.383,33014.059,160.825,3482.616,0,3.631,4350724.833,5.961
7580,150,10775.077,36246.623,244.879,7659.967,0,4.625,7058295.173,6.442
7581,150,10879.307,38168.569,266.391,6359.563,0,5.197,8914528.541,8.424
7582,150,10923.635,33527.828,40.731,70.975,89.238,7.111,16689748.329,20.978
7583,150,10961.416,37998.872,3.489,65.248,75.321,7.802,20090413.522,5.828
7584,150,11060.573,37470.375,59.127,165.569,87.135,6.269,12969772.378,16.14
7585,150,11122.295,33959.268,60.969,203.921,74.175,7.881,20496292.235,16.608
7586,150,11194.699,34271.267,37.586,149.51,110.821,7.097,16623002.928,10.11
7587,150,11294.335,34938.385,186.541,6301.085,0,6.822,15357796.399,5.778
7588,150,11304.355,35492.931,184.65,5833.121,0,3.896,5009755.775,5.239
7589,150,11315.277,35988.15,41.208,77.601,92.885,2.639,2297763.997,11.825
7590,150,21511.834,30177.355,234.409,4639.704,0,3.201,3380869.063,7.646
7591,150,21505.612,30419.848,128.642,1566.052,0,5.952,11690737.763,8.661
7592,150,21830.451,29914.99,90.636,287.454,74.483,3.246,3477503.911,13.816
7593,150,21994.001,30530.914,47.346,62.197,53.005,3.213,3405931.682,17.469
7594,150,23457.925,29631.031,189.608,2878.324,0,3.49,4019267.387,8.06
7595,150,23755.74,28891.27,6.041,34.512,77.114,5.763,10959978.116,8.517
7596,150,23926.807,28891.625,168.884,2575.491,0,4.619,7040810.354,8.08
7597,150,26719.946,12960.394,2.631,79.718,85.605,5.018,8309022.599,4.261
7598,150,26890.899,13902.323,59.461,221.97,74.201,7.069,16491337.247,13.817
7599,150,27217.796,14417.11,169.818,3630.398,0,4.869,7823219.401,6.614
7600,150,27206.123,13209.133,104.198,801.137,68.248,3.404,3823934.609,8.534
7601,150,27429.161,14820.319,184.542,3673.131,0,4.938,8047094.832,7.333
7602,150,27554.381,13833.376,229.605,5136.483,0,2.403,1906298.862,6.753
7603,150,27602.77,14082.982,3.763,32.497,88.28,6.308,13131319.461,8.924
7604,150,28032.769,14661.059,214.224,5809.038,0,5.128,8678940.281,6.671
7605,150,28463.914,15994.802,16.989,63.291,86.885,7.246,17328545.912,9.036
7606,150,28736.505,15476.856,64.265,168.296,67.481,3.938,5118854.829,13.834
7607,150,29100.82,15806.877,154.934,2825.761,0,6.226,12792843.858,7.526
7608,150,30960.514,34173.723,9.066,26.823,25.63,2.66,2334818.667,8.244
7609,150,32420.59,26152.319,93.551,341.079,31.601,2.72,2441745.841,12.095
7610,150,32422.204,26683.32,151.425,1471.245,0,2.92,2813867.683,8.895
7611,150,33781.241,27199.925,74.069,299.624,29.984,1.202,476870.058,8.957
7612,150,34078.713,27607.064,146.278,1200.392,28.845,2.579,2195079.886,9.409
7613,150,34080.06,28400.83,4.308,73.192,40.143,4.612,7018587.895,4.506
7614,150,34668.976,28546.643,117.852,644.095,18.87,4.975,8167366.738,13.508
7615,150,34716.606,29595.996,10.602,69.049,62.791,5.61,10386986.469,5.863
7616,150,35470.628,28348.077,131.164,1269.685,0,5.545,10148177.593,10.039
7617,150,35598.08,27678.231,4.797,35.103,58.964,7.019,16259772.26,9.122
7618,150,35598.894,29598.242,4.649,35.096,58.388,3.893,5000722.57,6.922
7619,150,35753.927,26850.531,158.003,1600.665,0,3.004,2977199.593,8.948
7620,150,35790.312,25650.872,192.456,2384.525,0,4.527,6764222.18,10.074
7621,150,35892.402,24587.195,156.791,1671.206,0,3.212,3404124.848,8.766
7622,150,36079.711,30280.043,2.716,46.8,54.39,5.113,8628611.817,6.085
7623,150,36355.462,25602.681,169.804,1905.572,0,5.6,10349132.847,10.876
7624,150,36327.81,25952.323,189.053,2793.005,0,5.952,11691236.74,9.875
7625,150,36412.241,28313.373,52.988,81.129,36.305,3.548,4154007.182,17.435
7626,151,9903.912,39382.963,129.364,1649.86,0,5.136,8705253.939,7.941
7627,151,9996.428,38935.92,137.243,2965.599,0,8.633,24594332.441,7.076
7628,151,10224.405,39460.194,161.135,3699.728,0,4.046,5401645.927,5.877
7629,151,10307.32,38176.751,269.424,8914.746,0,6.221,12771388.97,7.257
7630,151,10499.528,33169.074,151.456,2261.032,0,6.295,13079520.853,8.585
7631,151,10568.858,33483.578,38.924,81.04,80.153,4.188,5789390.262,12.784
7632,151,10547.8,37330.797,206.152,4059.632,0,6.475,13835008.792,8.853
7633,151,10606.063,33887.353,53.599,132.247,90.931,4.57,6893565.965,13.932
7634,151,10663.339,36918.593,184.807,4433.168,0,5.746,10896455.904,6.814
7635,151,10602.16,38694.859,181.282,4430.481,0,7.755,19845982.887,7.494
7636,151,10726.504,35057.739,165.807,4302.494,0,9.372,28989084.987,7.381
7637,151,10707.488,36530.417,218.355,5884.897,0,5.811,11145427.043,7.063
7638,151,10788.885,32989.381,50.429,124.04,91.595,6.638,14542895.73,16.85
7639,151,10919.092,38189.095,172.59,3164.392,0,6.411,13561999.769,8.179
7640,151,11073.433,37531.491,218.457,4865.283,0,3.976,5215922.613,7.149
7641,151,11186.864,34349.882,93.542,661.593,74.059,3.101,3172510.063,8.263
7642,151,11259.814,35925.18,90.429,431.281,65.782,5.37,9516196.524,12.919
7643,151,21501.655,30190.248,164.336,2281.233,0,7.504,18581811.313,10.538
7644,151,21507.7,30497.253,73.968,410.653,37.014,1.99,1307016.145,7.846
7645,151,23172.243,29939.093,105.596,1363.157,18.054,7.574,18933456.878,8.089
7646,151,23523.432,29601.1,5.471,24.576,84.544,4.963,8129560.568,10.059
7647,151,23793.007,28919.72,171.371,2825.285,0,5.021,8319901.196,7.964
7648,151,26579.905,13242.722,167.859,3055.268,0,4.058,5435242.77,6.935
7649,151,26859.837,13861.244,160.685,2848.65,0,9.873,32168343.326,10.052
7650,151,27202.998,14436.307,83.39,506.763,76.692,4.458,6558674,9.442
7651,151,27198.026,13204.506,10.477,72.09,103.522,9.25,28238215.957,7.207
7652,151,27362.304,14685.467,71.506,244.332,89.471,7.427,18202951.118,17.533
7653,151,27557.842,13805.679,199.248,3765.428,0,5.592,10318427.161,8.354
7654,151,27881.296,15437.998,177.086,2948.756,0,4.717,7341484.87,7.914
7655,151,27995.384,14593.194,50.599,179.882,100.866,3.23,3443999.368,9.178
7656,151,28258.823,14830.338,122.834,1755.638,0,1.633,880414.195,6.015
7657,151,28421.387,15973.782,249.602,5952.741,0,6.049,12076932.862,8.568
7658,151,28741.681,15447.217,128.859,1988.43,0,5.17,8822481.008,6.991
7659,151,29122.24,15832.245,25.634,74.123,94.772,5.97,11763934.843,10.26
7660,151,32307.374,26210.137,111.878,1086.412,0,2.469,2012006.898,7.297
7661,151,32428.944,26697.743,57.716,80.294,45.454,3.487,4012308.387,19.569
7662,151,32842.41,27090.453,130.945,1208.227,0,5.161,8791435.67,10.053
7663,151,34060.742,27618.548,160.459,1971.196,0,4.719,7350093.289,9.106
7664,151,34481.622,29278.862,8.433,53.792,66.809,7.851,20341260.817,7.679
7665,151,34718.79,29599.69,10.298,75.334,60.712,5.5,9981380.063,5.433
7666,151,35537.272,27752.8,181.933,2318.68,0,4.493,6661538.455,9.484
7667,151,35568.632,30482.1,149.209,2430.986,0,9.507,29831587.796,9.915
7668,151,35828.794,24565.932,70.465,192.461,36.605,3.1,3172244.934,12.885
7669,151,35824.365,25561.112,117.29,731.084,21.059,5.37,9517317.53,12.677
7670,151,36359.324,25921.027,155.936,1877.856,0,3.393,3798845.797,8.208
7671,151,37301.281,25310.608,147.566,807.131,0,4.953,8095854.918,15.916
7672,152,10049.411,38910.186,191.271,5079.128,0,7.371,17930209.697,7.162
7673,152,10236.058,39479.491,34.479,80.274,99.509,5.488,9940871.077,12.793
7674,152,10524.736,39134.016,38.604,70.384,90.673,10.215,34436702.297,26.207
7675,152,10620.008,36848.745,141.389,2801.371,0,6.068,12151872.736,6.625
7676,152,10572.877,38658.625,165.591,3495.924,0,4.365,6288694.902,6.385
7677,152,10673.001,34762.402,211.406,7129.88,0,4.285,6060413.555,5.539
7678,152,10707.406,35330.315,84.079,455.874,67.365,6.634,14522750.486,12.503
7679,152,10756.161,32989.154,147.22,2411.276,0,5.582,10283197.877,7.514
7680,152,10942.768,33420.998,167.508,3464.628,0,6.97,16032649.002,7.619
7681,152,10950.24,38059.432,57.633,200.223,68.868,8.179,22074371.548,15.876
7682,152,11120.523,37424.468,56.176,176.921,88.753,5.554,10178688.787,13.196
7683,152,11290.626,34880.256,8.312,85.645,164.283,7.094,16609803.892,5.137
7684,152,11331.445,35512.364,42.954,69.694,135.565,11.916,46857659.776,35.677
7685,152,11301.996,36004.594,48.018,72.802,97.399,4.215,5863231.997,18.217
7686,152,21536.214,30113.238,77.506,209.108,46.718,3.571,4208685.505,14.578
7687,152,21493.579,30496.633,126.092,1186.554,0,4.39,6360136.635,9.076
7688,152,21839.415,29902.902,164.032,3100.518,0,4.242,5938862.639,6.752
7689,152,23107.244,29918.654,247.406,4920.06,0,6.979,16075247.168,10.457
7690,152,23530.899,29596.612,248.854,5150.42,0,4.397,6380797.729,8.363
7691,152,23851.205,28929.795,165.903,2548.439,0,5.795,11082991.888,8.646
7692,152,26798.956,12920.315,3.055,34.471,91.502,4.628,7068843.891,7.269
7693,152,27224.953,13233.551,168.469,3576.143,0,6.233,12821146.768,7.17
7694,152,27270.201,14553.128,7.222,28.983,118.559,5.257,9121274.509,9.576
7695,152,27479.467,14907.037,85.539,394.613,66.171,6.105,12301123.861,13.706
7696,152,27602.596,14008.333,168.884,3006.607,0,6.245,12868897.438,8.134
7697,152,27830.68,15365.675,134.489,1286.048,17.47,5.016,8304105.029,9.86
7698,152,28035.864,14617.406,146.687,2580.156,0,5.319,9335210.018,7.027
7699,152,28158.678,14888.642,4.57,42.752,94.493,7.406,18103079.171,8.009
7700,152,28593.929,16086.8,140.38,1920.917,0,6.892,15676618.918,9.053
7701,152,28760.255,15462.063,171.081,3116.739,0,6.165,12544357.06,8.03
7702,152,29120.319,15839.362,5.189,67.666,96.703,8.758,25315448.845,6.228
7703,152,32373.082,26161.694,134.859,1706.508,0,7.281,17496218.473,9.598
7704,152,32503.37,26607.195,207.491,2591.424,0,4.758,7470076.701,10.771
7705,152,33681.306,27112.081,158.249,1762.563,0,5.254,9110276.766,10.095
7706,152,34036.347,27662.767,72.722,182.518,44.447,3.302,3598173.602,14.261
7707,152,34636.799,29440.847,3.787,39.005,76.121,7.959,20907060.195,8.877
7708,152,35566.21,30507.293,82.448,585.607,30.85,4.719,7348009.984,8.606
7709,152,35869.688,25494.062,70.907,94.251,42.413,2.834,2650091.963,20.76
7710,152,35966.867,30200.435,185.987,2447.214,0,7.703,19582237.666,12.311
7711,152,36348.632,25590.966,139.683,1715.222,0,8.376,23151243.56,10.945
7712,152,36403.592,25896.841,131.275,1252.902,0,4.804,7617498.702,9.544
7713,152,37207.808,26632.971,107.008,470.301,3.643,3.629,4345699.15,12.81
7714,153,10020.069,38942.016,71.723,195.74,99.007,5.828,11210115.003,17.975
7715,153,10170.835,38611.84,73.999,240.034,86.745,7.685,19490907.921,19.296
7716,153,10218.658,39445.714,158.204,3615.91,0,4.597,6974863.524,5.987
7717,153,10323.186,38197.668,72.642,268.072,81.044,5.838,11248177.773,14.201
7718,153,10487.499,33266.356,112.942,1214.718,23.177,3.736,4606631.928,7.43
7719,153,10482.401,37679.196,5.906,67.231,79.927,2.489,2045075.87,4.423
7720,153,10521.522,39178.481,0.571,32.554,102.048,10.524,36551892.372,12.221
7721,153,10652.302,36915.718,159.296,3441.201,0,6.772,15137083.234,7.046
7722,153,10693.126,34607.243,171.664,4618.051,0,6.522,14036125.797,6.278
7723,153,10714.938,36223.006,53.622,200.776,97.365,5.255,9113711.207,10.929
7724,153,10711.593,36539.801,33.69,89.274,110.986,3.196,3370267.595,9.25
7725,153,10800.372,35481.181,63.531,198.488,98.753,5.498,9974086.45,14.287
7726,153,11179.703,34271.432,85.429,537.672,83.635,8.797,25537644.477,13.421
7727,153,11294.87,34913.954,198.984,6896.34,0,7.332,17740532.764,6.086
7728,153,11293.296,36188.464,173.25,2830.641,0,5.765,10968664.328,8.509
7729,153,21838.859,29863.219,193.202,4441.147,0,4.492,6659702.632,6.699
7730,153,22380.931,29566.782,64.355,140.457,45.424,3.036,3042708.108,14.129
7731,153,23447.555,29561.536,36.342,87.319,66.351,4.098,5540973.004,11.078
7732,153,24003.219,28826.331,26.489,57.337,71.259,4.437,6497057.651,11.089
7733,153,26599.872,13283.055,6.205,21.612,86.579,6.32,13180798.545,13.153
7734,153,26846.067,13857.452,153.764,2888.761,0,7.235,17274056.408,7.822
7735,153,27210.585,14501.209,161.16,3593.114,0,6.239,12847275.37,6.732
7736,153,27228.732,13272.182,185.685,4666.919,0,6.961,15990016.589,7.118
7737,153,27819.166,15365.754,163.387,2148.856,0,4.166,5727099.381,8.44
7738,153,28072.254,14636.897,7.117,60.436,118.543,4.259,5986163.577,5.289
7739,153,28432.829,16015.228,247.255,6001.397,0,6.256,12917307.596,8.529
7740,153,28745.23,15461.331,172.915,3335.243,0,5.602,10355852.403,7.488
7741,153,29048.836,15935.373,176.938,2932.134,0,4.905,7940320.892,8.04
7742,153,32338.073,26174.72,140.447,1649.025,0,3.35,3703431.049,7.812
7743,153,32400.256,26639.374,1.597,66.6,41.41,2.448,1978070.288,4.183
7744,153,33081.005,27337.836,42.325,31.427,52.454,3.013,2995162.675,24.576
7745,153,33665.662,27149.751,197.78,2889.258,0,5.631,10463956.461,10.022
7746,153,34280.777,28818.462,87.065,253.894,46.372,3.746,4631620.257,15.198
7747,153,34593.873,29378.875,155.128,2667.31,0,7.748,19809213.856,8.7
7748,153,35482.397,30454.588,157.129,2303.118,0,7.504,18580849.404,9.761
7749,153,35675.791,29676.697,5.083,27.05,58.478,4.381,6334636.849,8.742
7750,153,35858.71,25426.696,37.494,46.258,45.511,3.972,5205747.17,18.183
7751,153,35871.367,27681.992,181.3,2735.547,0,5.815,11159879.826,9.335
7752,153,36365.696,25628.483,61.576,162.75,46.03,1.552,794566.861,10.538
7753,154,9986.89,38945.02,155.433,3034.741,1.87,6.786,15195975.315,7.449
7754,154,10274.266,39462.364,142.421,2600.391,0,8.071,21500140.875,7.974
7755,154,10510.601,33322.513,113.409,1187.058,29.12,4.206,5839471.773,7.813
7756,154,10519.911,39098.782,72.525,173.14,93.792,10.102,33679167.741,31.339
7757,154,10665.759,34698.109,57.67,119.366,140.458,7.53,18711096.963,23.499
7758,154,10726.424,35394.712,72.631,399.96,69.264,3.694,4503451.849,8.735
7759,154,10718.037,36513.09,98.66,663.569,72.588,6.579,14283512.83,11.781
7760,154,10679.061,36989.787,160.164,2754.791,7.634,2.125,1489640.931,6.351
7761,154,10666.048,38707.052,33.702,69.007,106.641,5.69,10684444.842,14.328
7762,154,10766.372,33000.769,171.94,3392.745,0,7.155,16894711.303,8.13
7763,154,10948.167,33522.253,9.573,26.276,109.931,2.306,1754944.917,8.211
7764,154,10950.736,38126.487,142.967,1993.036,7.608,6.164,12540627.304,8.583
7765,154,11122.215,37360.62,8.458,55.447,98.932,4.845,7746271.425,6.03
7766,154,11189.974,34312.935,192.829,4893.466,0,6.95,15940412.807,7.253
7767,154,11297.012,34921.224,179.317,5439.561,7.082,6.176,12585949.245,5.854
7768,154,11280.898,35520.518,5.875,80.318,132.181,12.114,48430252.539,6.736
7769,154,11288.967,36028.256,27.871,63.121,77.896,5.303,9279371.726,11.878
7770,154,21526.489,30241.456,229.761,3955.109,0,6.507,13975392.032,10.637
7771,154,21801.9,29902.771,82.404,397.582,66.437,4.175,5752906.259,10.719
7772,154,22041.277,30477.318,77.885,209.673,42.688,4.207,5841644.27,15.858
7773,154,22560.503,30241.918,7.701,91.106,66.872,3.035,3039945.118,3.977
7774,154,23080.472,29912.299,156.03,2474.348,12.042,6.724,14918761.369,8.649
7775,154,23401.738,29571.076,164.494,2289.794,0,4.562,6867276.527,8.405
7776,154,23713.366,28936.279,204.55,3246.34,0,3.219,3419251.942,8.063
7777,154,23791.897,29533.283,113.416,802.324,15.847,4.583,6932752.756,10.475
7778,154,23955.546,28871.116,131.304,1443.758,0,6.903,15725195.355,10.187
7779,154,26620.524,13152.193,185.823,4310.874,0,8.376,23152347.882,8.25
7780,154,26838.587,13848.345,162.39,3381.221,0,9.064,27110346.439,8.46
7781,154,27124.892,14398.734,4.1,33.238,108.238,7.134,16795673.78,9.493
7782,154,27275.028,13278.512,9.952,92.994,118.396,6.967,16016677.226,5.072
7783,154,27626.169,13791.913,139.004,1685.847,0,2.924,2821763.393,7.423
7784,154,28106.262,14795.589,199.287,4795.27,0,5.448,9795090.123,7.018
7785,154,28390.55,15938.721,24.224,52.514,73.219,6.365,13367991.222,13.209
7786,154,28838.977,15522.978,97.988,471.802,62.009,3.883,4975861.206,11.655
7787,154,32366.104,26225.89,114.497,1097.729,3.319,4.542,6808202.583,8.525
7788,154,33044.162,27354.684,56.782,98.238,39.562,2.974,2918735.677,15.323
7789,154,33752.101,27203.236,6.924,33.707,59.653,7.327,17715758.269,10.234
7790,154,33820.842,28254.482,80.074,132.534,41.374,3.066,3101982.092,19.85
7791,154,34239.803,28805.758,143.03,974.642,13.396,3.577,4223131.053,11.403
7792,154,34678.587,29447.449,124.104,1689.346,10.495,6.252,12898327.794,7.968
7793,154,35442.144,28278.16,43.783,81.636,43.569,3.782,4719792.283,13.995
7794,154,35483.094,30435.301,162.77,1950.322,0,4.324,6171668.192,9.063
7795,154,35831.176,25633.835,75.587,191.262,32.038,2.193,1586906.014,12.731
7796,154,35859.617,25396.206,163.512,1666.18,2.092,2.401,1902502.411,8.72
7797,154,35995.128,27678.958,7.956,30.233,62.74,2.201,1598725.179,7.163
7798,154,36366.011,25585.782,189.849,1985.283,0,1.377,625346.13,8.79
7799,155,10042.437,38887.546,80.599,301.473,94.485,3.208,3396164.279,11.441
7800,155,10155.596,38514.553,116.809,866.484,56.004,8.366,23098688.217,14.416
7801,155,10200.401,39438.502,75.222,344.779,86.329,5.628,10452448.757,12.028
7802,155,10602.263,33931.686,166.007,3100.227,0,3.677,4461545.361,6.64
7803,155,10644.041,34719.698,2.646,43.997,118.17,4.852,7769678.237,6.221
7804,155,10727.009,35336.188,79.237,250.767,87.985,5.024,8328918.031,15.609
7805,155,10719.581,36240.223,2.314,124.24,111.439,6.772,15132334.259,3.474
7806,155,10658.477,38644.166,136.097,1195.665,66.287,6.172,12570602.514,11.705
7807,155,10722.685,33016.974,212.859,4727.006,0,7.67,19415436.229,9.016
7808,155,10877.868,35586.52,57.694,129.235,104.712,6.936,15876265.131,20.591
7809,155,10971.76,33665.495,164.562,3662.202,0,8.41,23341928.638,7.796
7810,155,11168.487,34281.725,140.189,2788.686,0,8.835,25757207.05,7.74
7811,155,11122.063,37439.18,3.604,92.933,84.462,8.915,26227991.855,4.789
7812,155,11241.732,34930.423,264.337,10700.299,0,12.557,52039305.942,8.906
7813,155,11292.36,35468.636,71.435,305.321,120.067,7.205,17131285.847,14.207
7814,155,11280.211,36000.667,2.135,80.681,79.755,4.403,6396472.654,4.086
7815,155,21441.783,30220.015,129.946,1310.741,0,1.98,1293320.784,7.553
7816,155,21840.766,29912.26,215.459,5222.793,0,6.551,14163433.295,7.9
7817,155,22535.532,30266.102,94.255,875.473,27.311,7.779,19968864.088,9.733
7818,155,23073.529,29946.157,146.724,2244.644,0,8.008,21163147.293,9.296
7819,155,23725.539,28928.77,158.326,2020.884,0,5.649,10530600.901,9.451
7820,155,23800.515,29518.156,150.467,1695.615,0,4.684,7240221.513,9.23
7821,155,26660.41,13147.974,71.312,229.697,81.683,4.407,6410032.35,13.379
7822,155,26822.225,13788.758,65.342,134.336,93.979,6.208,12718942.998,22.335
7823,155,27220.864,14390.035,57.686,127.173,95.794,6.052,12086184.126,18.934
7824,155,27234.058,13224.864,164.732,4084.187,0,4.696,7276719.273,5.863
7825,155,27626.059,14058.524,160.992,2610.666,0,7.244,17320026.321,9.029
7826,155,27787.723,15308.766,71.955,245.499,50.682,4.266,6005448.705,12.702
7827,155,28112.214,14673.104,201.457,4930.614,0,4.833,7708448.729,6.739
7828,155,28412.165,15971.215,42.941,60.051,84.983,5.444,9782352.402,21.512
7829,155,28871.563,15528.229,76.002,322.388,80.835,5.885,11429738.548,13.185
7830,155,32478.355,26166.152,8.702,73.019,74.359,7.595,19036813.195,6.02
7831,155,32402.779,26722.589,7.555,54.369,44.435,5.416,9678676.647,6.198
7832,155,32685.104,26968.363,137.834,1396.395,0,6.776,15153997.934,11.14
7833,155,34606.207,29414.009,103.053,760.918,34.211,5.301,9272613.943,10.139
7834,155,34758.581,28474.111,85.707,282.144,27.404,3.995,5266921.295,14.178
7835,155,35536.561,28297.56,251.791,4017.759,0,2.654,2324107.083,8.749
7836,155,35478.108,30412.56,147.402,1662.109,0,7.017,16250351.029,10.992
7837,155,35684.506,29728.691,198.424,2653.5,0,6.409,13553340.352,11.466
7838,155,35832.367,24544.167,38.48,47.848,36.147,2.546,2139837.424,14.918
7839,155,35817.006,25476.656,130.348,1250.385,0,3.826,4831827.599,8.762
7840,155,35810.582,27633.312,142.812,1747.873,0,3.576,4221045.306,7.805
7841,155,36003.232,30284.151,83.119,304.582,35.115,3.977,5220831.512,12.829
7842,155,36382.536,25458.103,78.203,160.782,40.742,4.06,5439411.58,19.218
7843,156,10027.649,38940.209,215.729,5896.642,0,6.116,12346096.807,7.069
7844,156,10146.07,38519.731,71.409,313.642,72.589,3.347,3696396.705,9.727
7845,156,10151.991,39440.893,11.928,85.869,107.779,6.438,13680063.299,5.569
7846,156,10335.523,38223.853,192.65,4308.103,0,3.512,4069705.725,6.452
7847,156,10491.186,33379.883,60.404,327.306,67.284,5.795,11084028.244,9.358
7848,156,10452.764,37820.909,188.627,3418.621,0,3.414,3846708.234,7.181
7849,156,10578.687,33863.03,195.722,3580.444,0,5.693,10694298.6,8.503
7850,156,10538.09,37242.496,81.577,369.996,53.325,1.587,830875.423,9.005
7851,156,10533.913,39097.02,66.724,213.621,109.432,7.222,17210978.182,17.275
7852,156,10711.018,34519.53,53.172,110.474,97.883,2.147,1520542.415,11.894
7853,156,10755.137,36184.846,213.561,5899.097,0,6.154,12498329.249,6.987
7854,156,10636.72,38682.454,259.835,8263.937,0,3.493,4027222.931,6.235
7855,156,10783.502,32992.307,174.26,3327.865,0,3.889,4991055.942,6.82
7856,156,10801.662,36559.053,4.708,50.324,117.774,6.642,14557464.685,6.68
7857,156,10901.524,33653.42,248.613,7677.196,0,4.991,8220118.478,6.692
7858,156,10898.443,38213.357,46.054,97.885,83.33,6.176,12588403.201,17.162
7859,156,11130.784,37379.717,77.504,304.206,85.092,4.343,6225718.901,12.131
7860,156,11183.39,36777.451,188.838,4497.724,0,6.19,12643123.94,7.134
7861,156,11288.538,34913.614,61.704,346.13,99.342,7.687,19501326.565,10.724
7862,156,11313.421,35427.53,28.858,85.378,130.628,8.664,24772072.768,13.128
7863,156,11368.519,35945.558,62.504,140.048,103.458,4.505,6697777.695,16.381
7864,156,21806.652,29896.75,152.898,2636.35,0,5.205,8940254.202,7.262
7865,156,22290.995,29607.077,191.207,2934.676,0,7.44,18267286.884,10.887
7866,156,22987.652,30032.676,73.722,154.26,85.096,6.57,14243327.644,25.115
7867,156,23838.429,29484.1,138.694,996.355,24.513,3.632,4353429.619,10.843
7868,156,23939.766,28939.528,183.219,2099.314,0,2.375,1861381.982,8.676
7869,156,26657.811,12711.559,54.007,106.47,56.326,5.988,11834603.561,19.774
7870,156,26640.628,13125.7,4.152,48.902,112.742,7.728,19706967.798,7.321
7871,156,26857.232,13933.366,141.973,1952.529,0,2.72,2441493.447,6.911
7872,156,27214.94,14402.873,108.412,765.463,55.475,4.042,5392912.16,9.715
7873,156,27512.364,14910.903,117.778,1179.886,13.418,4.481,6626373.526,8.391
7874,156,27680.068,14078.275,6.681,38.838,78.041,3.641,4374388.892,6.64
7875,156,27811.37,15336.655,203.888,4397.124,0,2.124,1489041.786,6.389
7876,156,28128,14756.816,204.51,4049.496,0,2.88,2737662.751,6.939
7877,156,28391.094,15930.894,141.672,2322.076,0,7.351,17833608.868,8.221
7878,156,28876.531,15596.444,236.138,6417.1,0,4.348,6238010.368,6.772
7879,156,28909.635,16105.727,160.569,2683.128,0,4.252,5966374.676,7.202
7880,156,32546.279,26894.588,141.039,1523.488,0,8.472,23689737.685,12.341
7881,156,33088.656,27392.462,130.476,1031.296,0,3.312,3620220.416,9.53
7882,156,34116.313,28373.191,84.073,147.709,43.51,1.115,410262.935,14.871
7883,156,34639.057,29364.941,3.965,40.664,71.335,4.21,5848787.585,6.363
7884,156,34740.544,28480.794,186.741,2234.311,0,5.127,8675467.03,10.658
7885,156,34798.115,29678.926,7.926,31.325,53.202,1.985,1300514.882,6.91
7886,156,35549.137,27901.23,179.857,2376.231,0,3.457,3943527.021,8.488
7887,156,35520.196,28373.518,1.806,57.141,60.505,7.351,17834824.38,6.123
7888,156,35437.301,30368.012,67.93,170.657,52.506,3.547,4151001.325,14.079
7889,156,35738.639,27589.425,90.881,381.289,38.542,5.451,9805982.287,14.446
7890,156,35877.573,24526.836,128.234,1007.332,0,3.598,4272182.337,9.693
7891,156,36069.412,30285.157,114.553,750.969,8.937,3.222,3425462.54,9.842
7892,156,36389.816,25802.496,228.128,3805.428,0,3.521,4091399.871,8.532
7893,156,36402.026,27514.378,5.542,21.804,49.057,2.898,2771069.798,8.783
7894,157,10029.08,38885.994,123.431,1298.385,46.09,4.86,7793689.395,8.606
7895,157,10123.795,39455.369,54.553,121.547,103.614,11.251,41778173.866,29.517
7896,157,10303.208,38146.304,32.252,85.82,86.189,3.508,4062276.557,9.336
7897,157,10521.357,33370.785,188.08,4855.487,0,6.542,14122932.455,6.873
7898,157,10544.444,37224.44,134.666,1552.725,17.26,3.434,3892564.692,7.747
7899,157,10499.393,39125.338,234.748,6794.728,0,8.73,25152884.201,8.494
7900,157,10689.387,34599.132,55.897,166.407,98.916,2.617,2259630.144,10.227
7901,157,10706.955,35022.931,181.213,4178.462,0,3.373,3754945.011,6.079
7902,157,10740.902,35391.316,158.591,1479.539,51.375,3.584,4238448.168,9.897
7903,157,10742.847,36428.512,207.622,6313.09,0,6.783,15181677.328,6.656
7904,157,10879.913,38277.021,193.455,3830.805,0,4.878,7853134.784,7.556
7905,157,10984.92,33668.121,125.919,794.941,79.31,4.223,5886450.94,11.777
7906,157,10952.482,37972.12,189.587,3552.268,0,3.873,4950277.523,7.253
7907,157,11199.207,34316.977,2.603,67.829,113.204,7.082,16552389.215,5.345
7908,157,11137.586,37311.395,270.128,9448.148,0,4.281,6047569.785,6.269
7909,157,11199.046,36791.472,96.614,505.778,76.648,5.223,9003569.895,12.424
7910,157,11316.783,35402.579,155.536,2208.366,65.354,2.878,2733982.862,7.199
7911,157,11277.335,36037.429,51.752,109.968,88.787,4.747,7436779.416,15.628
7912,157,21490.108,30403.857,140.601,1368.635,0,3.85,4892469.078,9.117
7913,157,23063.622,29943.402,171.128,3246.669,0,7.046,16382579.033,8.28
7914,157,23859.177,29492.774,126.017,1322.935,0,3.855,4904927.953,8.118
7915,157,23942.057,28957.214,140.211,878.847,19.794,5.353,9455682.581,14.38
7916,157,26621.072,12741.705,128.437,1479.646,2.852,3.632,4352442.128,7.633
7917,157,26651.476,13164.071,90.915,690.371,73.173,4.069,5464167.232,8.325
7918,157,26794.986,13600.531,3.652,33.645,74.524,4.646,7124156.319,7.47
7919,157,27203.745,14406.207,27.222,105.645,80.966,11.882,46593245.948,12.856
7920,157,27261.379,13290.741,56.158,139.953,119.282,4.385,6344656.115,13.92
7921,157,27643.453,13989.839,129.889,1766.282,0,2.298,1742168.642,6.504
7922,157,27804.057,15361.766,70.563,294.208,61.188,2.781,2551998.641,9.525
7923,157,28116.478,14761.323,85.259,665.581,44.16,6.411,13564699.992,9.358
7924,157,28378.345,15939.567,135.941,1887.546,0,4.53,6771378.842,7.44
7925,157,28888.19,15608.965,9.872,25.913,99.411,5.745,10891373.03,12.008
7926,157,28889.368,16109.393,109.821,808.992,38.981,6.196,12671367.106,11.478
7927,157,32517.204,26882.755,68.727,140.056,47.318,3.09,3150689.997,15.525
7928,157,33096.363,27395.53,149.424,1320.409,0,5.272,9170888.706,11.501
7929,157,34143.422,28407.273,191.274,2515.518,0,4.375,6317488.004,9.507
7930,157,34639.955,29439.553,0.426,74.001,51.061,4.305,6115736.262,4.246
7931,157,34716.828,28542.349,216.161,2813.694,0,3.429,3881014.152,9.586
7932,157,35433.858,28389.623,71.484,300.525,41.886,2.549,2144689.666,9.372
7933,157,35490.449,30456.43,40.59,74.523,60.447,1.718,973940.091,10.904
7934,157,35675.687,26963.234,4.273,36.082,47.587,3.156,3286853.911,6.375
7935,157,35789.493,27654.865,155.109,2119.008,0,4.914,7967909.031,8.403
7936,157,36072.853,30241.263,19.991,50.799,48.511,5.387,9578144.873,10.331
7937,157,36402.683,25897.113,168.438,2059.589,9.193,5.455,9821877.341,10.027
7938,157,36421.539,27548.38,103.353,547.117,13.834,1.842,1120243.322,9.487
7939,158,10190.243,39454.256,166.965,3795.357,0,11.063,40389543.096,9.091
7940,158,10499.309,33295.408,77.297,350.573,73.112,5.903,11498761.492,12.68
7941,158,10559.921,37245.297,101.874,545.637,46.253,5.554,10179246.413,13.099
7942,158,10684.425,32998.44,60.206,255.828,72.444,6.201,12690152.456,11.609
7943,158,10701.286,34568.145,297.343,11244.86,0,6.646,14577206.647,7.266
7944,158,10666.706,34824.152,214.711,5760.663,0,7.681,19470957.156,7.874
7945,158,10696.709,36217.892,159.282,3115.847,0,5.918,11558079.345,7.164
7946,158,10708.873,36536.009,237.267,7401.116,0,5.459,9833013.706,6.628
7947,158,10667.944,38684.707,197.124,4673.773,0,6.516,14013569.121,7.523
7948,158,10784.489,35508.734,204.245,4592.511,0,5.268,9160130.11,7.379
7949,158,11055.058,37862.306,161.723,2656.172,0,5.748,10902632.836,8.076
7950,158,11139.547,36914.762,165.664,3790.569,0,4.888,7884826.618,6.246
7951,158,11121.099,37439.828,1.178,72.302,130.004,7.899,20592857.427,5.299
7952,158,11279.905,34877.514,3.767,72.093,123.811,7.302,17594436.735,5.271
7953,158,11280.507,35763.193,6.22,75.458,95.916,4.054,5423930.865,4.466
7954,158,11457.553,9561.007,110.154,575.508,0,4.587,6944936.844,12.787
7955,158,21838.065,29972.017,197.708,4941.47,0,4.433,6483874.618,6.428
7956,158,22152.998,29718.564,187.555,3399.785,0,3.757,4657600.373,7.302
7957,158,23038.393,29997.24,3.841,51.507,92.991,5.034,8364013.746,5.758
7958,158,23199.476,29281.101,8.798,33.262,63.918,5.837,11243380.446,9.575
7959,158,23793.953,29484.115,119.131,1359.165,0,6.757,15067148.284,9.13
7960,158,26737.173,12641.257,147.403,1757.341,0,4.347,6235008.75,8.542
7961,158,26839.599,13769.446,62.401,139.021,59.208,2.742,2480641.96,13.21
7962,158,27201.558,14439.468,198.489,4528.372,0,7.019,16260314.521,8.031
7963,158,27233.23,13201.493,155.911,3912.58,0,9.445,29439714.458,7.263
7964,158,27496.921,14928.044,185.74,2995.162,0,3.345,3693245.544,7.602
7965,158,27793.599,15306.949,170.829,2919.995,0,4.213,5857118.837,7.359
7966,158,28127.481,14747.836,195.891,4175.284,0,3.802,4770135.061,6.808
7967,158,28434.143,15886.524,210.07,4151.707,0,4.852,7769180.118,7.97
7968,158,28773.207,15517.11,198.78,4293.757,0,3.648,4391672.347,6.755
7969,158,28914.349,16093.71,96.394,612.52,43.78,4.185,5780371.351,9.802
7970,158,32435.333,26255.664,73.435,170.993,59.356,4.943,8061683.312,18.73
7971,158,32610.198,26936.403,86.274,258.202,30.835,5.259,9127694.291,17.842
7972,158,33125.035,27397.414,48.794,77.241,45.715,5.692,10691001.408,21.551
7973,158,33827.096,27374.132,203.328,2634.21,0,4.662,7171887.561,10.26
7974,158,34081.278,28400.58,5.569,47.274,47.482,6.747,15024259.314,7.194
7975,158,34683.288,29393.646,55.186,82.625,50.191,5.364,9496478.112,23.469
7976,158,34802.44,29595.959,8.947,46.501,52.519,5.203,8932809.62,7.097
7977,158,35486.932,28393.691,45.713,68.914,52.185,6.005,11902246.621,22.444
7978,158,35599.337,27760.357,2.511,69.608,68.618,4.931,8025559.361,4.615
7979,158,35532.621,30481.449,153.033,1824.784,0,2.602,2234503.288,7.768
7980,158,35670.473,27081.689,49.663,115.408,32.005,2.979,2928090.296,11.681
7981,158,36373.412,25874.903,91.88,362.363,28.901,2.598,2226782.841,11.247
7982,158,36423.719,27542.553,63.084,105.919,49.813,4.254,5972671.619,20.03
7983,158,37330.121,26279.689,110.213,541.077,0,1.765,1028009.929,10.188
7984,159,10059.515,38866.676,182.013,3846.095,0,6.888,15658735.879,7.913
7985,159,10213.515,39426.452,204.668,4509.521,0,3.218,3417088.743,6.639
7986,159,10398.959,38271.261,103.238,369.216,70.616,5.658,10566122.275,18.505
7987,159,10562.693,37196.142,8.1,61.854,75.894,7.953,20871806.602,6.86
7988,159,10460.945,39156.536,80.138,358.313,90.214,10.641,37365675.338,19.9
7989,159,10690.276,32993.49,57.716,127.6,88.325,5.577,10263750.171,17.888
7990,159,10677.148,34639.111,2.581,37.021,119.167,8.044,21352046.401,9.159
7991,159,10717.948,35041.334,6.888,74.985,89.931,5.971,11765596.754,5.063
7992,159,10724.673,36236.784,7.461,70.244,99.953,5.799,11097353.035,5.319
7993,159,10715.647,36711.03,188.844,4499.534,0,4.489,6650286.064,6.458
7994,159,10609.182,38706.878,244.226,7963.042,0,6.196,12670085.735,6.846
7995,159,10794.248,35552.431,156.169,2937.849,0,6.187,12633878.397,7.387
7996,159,10874.017,33681.481,11.389,51.485,105.255,5.903,11501088.783,7.586
7997,159,10974.051,37886.785,4.041,12.789,84.062,4.098,5540792.935,14.589
7998,159,11174.405,34232.377,52.788,106.539,111.415,6.744,15009363.979,20.79
7999,159,11156.864,37366.451,5.733,34.979,137.542,11.629,44628961.609,13.456
8000,159,11243.199,35619.151,54.563,135.433,123.018,8.579,24286949.853,21.294
8001,159,11188.318,36782.773,58.642,215.224,83.276,4.258,5982817.465,10.643
8002,159,11292.725,34932.254,188.62,5865.103,0,8.194,22155144.187,6.632
8003,159,11289.243,36013.23,187.439,4025.549,0,5.446,9787495.227,7.273
8004,159,11361.315,35278.115,6.278,83.406,116.838,11.088,40571791.331,6.231
8005,159,21747.444,30005.694,191.419,3877.23,0,10.616,37194173.213,10.881
8006,159,22197.469,29670.559,179.134,2273.647,8.217,3.29,3572882.491,8.578
8007,159,23036.733,29994.242,9.063,65.756,74.673,3.985,5240903.982,5.211
8008,159,23803.148,28932.627,157.136,2001.622,0,4.775,7526095.306,8.798
8009,159,26631.254,13158.623,161.556,3164.843,0,5.684,10663818.618,7.121
8010,159,26744.104,13561.867,47.797,56.192,69.708,5.139,8714455.239,25.525
8011,159,27191.698,14402.036,187.786,3732.963,0,6.229,12806163.093,8.088
8012,159,27194.082,13178.62,159.384,3504.524,0,11.968,47272204.098,9.483
8013,159,27457.958,14811.795,215.641,3836.546,0,7.913,20662078.364,11.029
8014,159,27669.06,14188.839,84.342,243.194,69.483,2.497,2056863.988,12.907
8015,159,27794.525,15329.542,148.748,2473.743,0,6.28,13016366.879,7.839
8016,159,28132.376,14713.741,186.223,3652.178,0,4.101,5549662.233,7.07
8017,159,28409.095,15945.424,133.604,1335.614,28.629,5.761,10952375.351,10.112
8018,159,28797.562,15479.028,4.707,30.982,85.599,3.588,4248776.264,7.33
8019,159,28851.999,16101.688,261.849,6023.505,0,3.709,4539917.039,7.701
8020,159,32428.039,26217.311,80.673,166.29,48.326,3.421,3862938.144,17.876
8021,159,32606.867,26892.168,73.114,192.591,31.277,3.237,3458503.567,13.724
8022,159,33996.914,28322.43,9.69,24.446,54.816,3.057,3084270.703,9.276
8023,159,34801.234,29689.469,76.279,107.915,44.172,1.772,1035657.408,17.452
8024,159,35436.115,28428.448,83.079,190.118,45.45,1.448,691607.734,13.162
8025,159,35536.835,27838.878,46.864,92.219,66.102,4.347,6237111.25,14.928
8026,159,35600.309,30479.794,3.736,37.879,60.311,5.055,8431680.172,7.124
8027,159,35856.538,25406.97,180.191,2363.765,0,5.61,10386165.748,10.124
8028,159,35841.797,29918.551,7.835,47.969,60.313,5.861,11337225.795,7.064
8029,159,36381.455,25819.316,115.096,894.073,5.929,2.934,2840517.682,8.687
8030,159,36366.056,27524.41,142.01,1239.022,0,5.951,11688691.774,11.908
8031,160,9981.864,39376.24,14.124,42.906,87.613,5.076,8501619.288,8.97
8032,160,10074.6,38839.286,182.247,3797.338,0,9.052,27042571.746,9.234
8033,160,10364.955,37838.033,3.732,42.744,77.162,7.06,16448121.654,7.67
8034,160,10555.204,33279.643,6.358,44.165,74.129,7.681,19468425.877,8.326
8035,160,10483.113,39102.57,306.188,11087.411,0,5.452,9807958.966,7.094
8036,160,10658.375,32973.81,206.892,4004.072,0,4.407,6408648.882,7.762
8037,160,10684.318,35076.612,97.88,367.482,87.258,3.785,4728667.861,13.742
8038,160,10732.374,36200.702,72.906,365.048,80.879,5.764,10962552.296,11.15
8039,160,10636.617,38689.207,63.368,229.512,96.643,6.436,13670542.938,13.929
8040,160,10756.312,36533.363,165.417,3682.813,0,5.453,9812244.777,6.551
8041,160,10870.077,35499.804,204.083,5520.698,0,8.796,25535422.996,8.078
8042,160,10970.233,33666.963,55.306,190.982,80.299,4.384,6343862.81,10.874
8043,160,10982.899,37944.601,173.747,2997.53,0,6.402,13523730.368,8.582
8044,160,11150.465,34216.253,176.354,4604.433,0,6.585,14308387.39,6.546
8045,160,11200.623,36803.695,7.476,42.883,99.103,8.568,24225553.158,9.45
8046,160,11303.775,34942.271,159.428,4624.231,0,8.931,26322124.793,6.44
8047,160,11356.888,35375.49,6.08,19.707,139.991,6.251,12896373.508,14.061
8048,160,11294.593,36047.804,236.99,5856.707,0,7.409,18115347.094,8.848
8049,160,21682.333,30642.641,8.351,60.208,50.234,4.754,7457886.833,5.658
8050,160,21845.285,29920.255,25.664,71.888,84.696,8.424,23420274.963,13.031
8051,160,22439.812,29583.983,191.813,2860.734,0,1.627,873324.877,7.395
8052,160,22490.944,30184.49,200.476,3055.319,0,1.51,752018.467,7.448
8053,160,23039.506,29999.489,1.11,41.529,59.984,3.623,4332055.313,5.835
8054,160,23516.683,29604.972,9.203,24.825,62.24,4.119,5597720.841,10.142
8055,160,23834.85,28876.944,8.819,47.816,70.105,7.513,18628016.298,8.323
8056,160,23922.89,29409.162,263.914,4440.412,0,3.116,3204594.949,9.01
8057,160,26613.467,12808.244,165.052,2396.463,0,3.448,3923851.083,7.601
8058,160,26659.858,13179.119,224.366,6418.774,0,5.977,11788668.803,6.977
8059,160,26762.703,13622.608,59.162,201.886,53.975,4.256,5977013.061,11.258
8060,160,27213.311,14456.868,180.384,3526.664,0,4.745,7428845.804,7.223
8061,160,27191.821,13221.578,192.662,4906.242,0,12.331,50178675.795,9.997
8062,160,27478.832,14924.725,95.977,577.622,43.543,4.366,6292131.402,10.309
8063,160,27708.156,14201.126,144.96,2149.444,0,5.258,9122870.057,7.788
8064,160,27821.353,15379.343,142.782,2077.65,0,4.733,7392636.035,7.542
8065,160,28107.209,14705.888,159.512,2610.888,0,5.812,11148184.874,8.056
8066,160,28397.3,15932.026,148.413,2353.808,0,7.62,19160508.338,8.877
8067,160,28790.474,15482.557,168.079,3620.891,0,5.757,10936178.987,6.885
8068,160,28907.952,16179.326,119.837,1631.546,0,4.226,5894764.705,6.848
8069,160,32423.157,26297.069,138.294,1980.542,0,3.761,4667686.409,7.034
8070,160,32700.08,26988.537,167.66,1679.039,0,3.876,4956911.034,10.039
8071,160,33810.52,27340.654,65.697,194.286,43.353,3.367,3740915.32,12.067
8072,160,34009.317,28236.303,6.1,26.841,61.154,5.282,9207184.777,9.872
8073,160,35360.87,28478.287,7.462,53.882,47.205,2.438,1962308.599,5.166
8074,160,35500.781,30416.63,140.505,1587.101,0,5.642,10505288.702,9.49
8075,160,35564.805,27875.077,205.03,3058.191,0,4.286,6063168.088,9.079
8076,160,35642.845,29684.548,135.507,1383.428,0,4.824,7680764.748,9.318
8077,160,35851.311,25387.164,22.946,32.767,47.459,2.213,1615574.03,11.213
8078,161,9928.043,39315.632,180.255,2806.61,0,3.389,3789521.381,7.648
8079,161,10077.895,38913.055,69.217,105.263,93.266,1.976,1288785.868,16.259
8080,161,10247.744,38323.315,7.586,43.938,86.766,7.185,17038999.594,8.33
8081,161,10226.659,39433.129,199.883,5309.389,0,9.529,29967446.122,8.433
8082,161,10356.857,37927.384,40.556,100.179,78.578,5.931,11607640.522,13.783
8083,161,10559.675,37200.576,2.634,40.913,82.668,10.012,33082528.387,9.795
8084,161,10489.749,39155.569,195.289,5326.672,0,10.937,39474729.548,8.812
8085,161,10622.375,33020.041,139.379,1748.754,0,8.529,24008843.815,10.86
8086,161,10640.231,33888.636,36.966,73.823,73.396,4.854,7774824.66,13.883
8087,161,10750.713,33668.77,51.21,60.057,92.465,4.989,8214428.549,26.158
8088,161,10694.033,35010.175,160.908,3799.245,0,6.091,12241950.966,6.415
8089,161,10719.983,36241.759,173.205,3888.322,0,4.749,7443313.935,6.448
8090,161,10744.346,36594.481,286.927,9112.189,0,4.095,5532899.211,6.831
8091,161,10636.489,38639.439,5.681,64.345,103.826,7.274,17461555.288,5.944
8092,161,10898.203,38350.422,143.031,2171.551,0,4.748,7438519.479,7.351
8093,161,10961.35,38001.021,8.069,80.412,89.662,6.957,15973754.094,5.289
8094,161,11124.04,34240.253,3.51,53.428,134.727,8.233,22369706.847,7.001
8095,161,11089.82,37406.005,179.407,4794.263,0,12.537,51869494.997,9.153
8096,161,11306.025,34921.731,126.865,3113.602,0,7.362,17886375.262,5.719
8097,161,11318.238,35999.219,3.11,20.388,90.651,3.544,4145068.547,9.442
8098,161,21799.965,29913.513,145.618,2429.646,0,6.589,14326148.278,7.866
8099,161,22561.544,30164.849,6.922,58.108,63.148,6.886,15650206.52,6.447
8100,161,23039.471,29997.494,1.996,63.835,58.328,6.434,13661453.115,5.325
8101,161,23120.288,29275.743,9.467,34.528,52.773,3.004,2978363.973,7.346
8102,161,23793.242,28914.395,122.258,1440.419,0,7.123,16745612.31,9.325
8103,161,26594.956,12773.527,83.732,425.956,40.469,6.397,13504721.681,12.836
8104,161,26631.088,13243.213,168.89,4256.778,0,4.926,8007925.419,5.96
8105,161,26849.261,13869.095,124.366,1188.291,0.75,2.312,1763605.448,7.732
8106,161,27238.623,13261.641,160.385,3363.707,0,4.667,7188637.56,6.391
8107,161,27245.087,14519.176,164.499,2915.115,0,6.362,13355925.286,8.077
8108,161,27489.993,14902.403,144.379,2479.673,0,2.82,2624453.744,6.182
8109,161,27755.702,14159.224,5.922,36.789,74.515,3.415,3848583.195,6.634
8110,161,27838.149,15325.827,53.177,102.982,79.885,5.043,8393776.881,17.738
8111,161,28159.467,14731.845,7.691,39.689,83.478,5.628,10453076.105,7.932
8112,161,28383.016,15942.761,76.858,299.264,43.553,6.17,12565068.859,14.638
8113,161,28883.782,16166.809,52.622,222.075,66.373,7.327,17718782.314,11.821
8114,161,32485.009,26306.089,213.943,3434.097,0,6.47,13816603.114,10.602
8115,161,33111.798,27338.16,182.144,2432.833,0,4.389,6356634.063,9.117
8116,161,35521.552,30478.289,19.545,48.169,52.286,6.501,13946743.141,11.753
8117,161,35572.44,27802.639,136.652,1395.546,0,6.013,11933186.172,10.328
8118,161,35833.066,25368.79,9.267,17.904,44.922,3.727,4583885.101,12.333
8119,161,36387.818,25578.643,196.204,2307.586,0,3.164,3304672.274,9.418
8120,161,36384.597,25893.95,46.043,75.93,45.252,2.314,1767075.37,13.052
8121,162,10072.928,38920.13,76.734,338.7,72.922,4.984,8198011.249,11.79
8122,162,10338.682,37961.526,161.624,2948.15,0,6.946,15922162.304,8.126
8123,162,10281.111,39431.197,106.29,1176.932,40.707,5.741,10878498.043,8.024
8124,162,10546.172,33865.52,51.581,154.186,58.368,4.233,5913634.572,11.417
8125,162,10548.453,37253.848,204.263,4272.484,0,5.126,8670725.467,7.674
8126,162,10487.439,39116.964,4.72,45.254,128.502,8.163,21991452.278,8.14
8127,162,10652.097,36674.233,64.35,324.982,70.024,4.002,5284391.789,8.838
8128,162,10689.038,33002.511,136.649,1613.711,0,7.497,18547308.94,10.394
8129,162,10643.842,34719.414,8.787,45.384,123.176,4.127,5619869.127,6.6
8130,162,10750.736,36222.117,229.634,7015.36,0,7.803,20092641.27,7.568
8131,162,10657.025,38654.794,92.042,333.726,88.973,4.238,5927851.07,14.252
8132,162,10880.773,33593.793,7,35.149,102.383,3.081,3132400.499,6.824
8133,162,11064.496,35495.587,67.084,118.942,120.944,3.972,5207820.592,19.197
8134,162,11141.457,34201.78,105.884,935.38,62.413,6.058,12112087.162,9.638
8135,162,11119.955,37376.152,80.633,258.763,101.897,3.449,3925046.562,13.029
8136,162,11285.251,34928.475,163.606,4456.076,0,10.398,35683662.263,7.452
8137,162,11273.133,36068.696,213.174,4725.672,0,8.092,21612042.993,9.307
8138,162,11362.102,35282.661,5.419,62.621,115.61,9.79,31629244.605,7.117
8139,162,21708.454,30537.125,284.094,5567.636,0,5.276,9187533.097,10.191
8140,162,21843.134,29907.76,6.593,55.058,94.299,7.727,19703139.596,7.066
8141,162,22499.942,30204.329,81.717,254.952,47.526,5.419,9690185.507,16.89
8142,162,23121.259,29199.561,3.743,66.559,47.521,5.792,11071461.875,5.079
8143,162,23356.075,29758.668,3.943,22.289,73.568,3.78,4716160.459,9.221
8144,162,23759.747,28905.856,161.594,2390.743,0,5.19,8890926.231,8.343
8145,162,23787.472,29469.693,130.252,1581.432,0,4.841,7735189.859,8.077
8146,162,26594.597,12809.829,71.014,304.638,49.688,3.863,4924779.999,10.308
8147,162,26647.496,13299.36,136.92,3219.277,24.234,5.347,9435273.919,5.593
8148,162,27185.523,13178.355,164.438,3631.737,0,10.021,33141853.119,8.645
8149,162,27242.746,14430.277,62.036,109.118,90.201,5.687,10673103.366,23.101
8150,162,27521.659,14958.661,6.007,66.383,82.411,6.8,15257794.483,5.677
8151,162,27737.321,14193.315,192.741,3777.323,0,7.948,20847136.146,9.389
8152,162,27808.328,15305.361,119.564,1723.325,0,4.315,6144636.054,6.634
8153,162,27983.23,14561.36,211.796,4908.203,0,9.153,27649862.376,9.606
8154,162,28382.678,15931.186,137.551,2054.051,0,7.496,18544081.75,8.715
8155,162,28718.176,15518.808,4.202,61.989,68.142,9.798,31680216.603,6.99
8156,162,28894.682,16165.056,127.002,1752.018,0,7.443,18283697.614,8.701
8157,162,32565.867,26259.476,154.342,1592.02,0,3.009,2987446.021,8.731
8158,162,33798.598,27402.373,122.056,873.712,17.352,3.142,3257938.593,9.609
8159,162,34778.292,28477.892,56.477,70.254,43.609,3.594,4263470.918,21.422
8160,162,34948.326,29852.411,148.805,1403.985,0,5.894,11462898.625,11.549
8161,162,35599.819,27892.268,166.208,1810.592,0,5.749,10908449.201,11.093
8162,162,35567.669,30471.703,164.854,1793.993,0,5.983,11813228.083,11.263
8163,162,35820.219,25411.409,151.893,1357.878,0,2.69,2388233.938,9.213
8164,162,35903.789,24458.285,95.227,538.66,8.939,1.362,612124.961,8.542
8165,162,35845.822,29960.684,82.615,284.264,30.199,4.088,5514115.188,13.539
8166,163,10277.943,39457.28,157.16,3445.857,0,9.984,32896966.279,8.376
8167,163,10340.039,37961.714,88.777,397.021,67.201,5.711,10764345.082,13.875
8168,163,10514.905,33261.676,38.51,45.547,72.725,2.748,2492674.702,15.895
8169,163,10542.273,37166.709,60.12,205.257,60.852,4.171,5740095.125,11.265
8170,163,10504.639,39110.757,67.202,255.416,124.777,9.36,28912206.258,18.13
8171,163,10672.6,34848.06,188.172,4546.179,0,7.199,17103298.271,7.5
8172,163,10663.166,33041.705,49.455,101.034,58.367,1.175,455319.37,10.707
8173,163,10711.164,36205.298,141.895,2513.457,0,5.918,11557391.676,7.101
8174,163,10711.67,36605.481,192.516,4556.2,0,5.651,10538621.935,7.023
8175,163,10664.96,38718.125,184.686,4893.045,0,7.491,18518290.257,7.048
8176,163,10880.813,35520.895,2.142,59.346,90.616,7.781,19979447.72,6.145
8177,163,10961.537,33457.392,178.565,3719.059,0,3.663,4427080.784,6.488
8178,163,11198.624,34280.444,3.21,42.847,116.213,6.407,13547772.911,7.21
8179,163,11124.959,37362.214,8.437,48.931,122.069,7.462,18375705.707,8.036
8180,163,11223.053,36774.729,176.64,3484.341,0,5.28,9200211.911,7.327
8181,163,11293.174,34942.79,57.05,210.059,102.475,7.288,17526368.62,13.868
8182,163,11285.797,35607.819,81.743,450.488,92.263,4.29,6072830.117,9.831
8183,163,21610.275,30594.851,161.75,2331.46,0,6.608,14411465.122,9.45
8184,163,21916.18,29841.698,4.276,52.878,95.426,10.507,36430202.034,8.368
8185,163,22397.002,30238.613,4.195,37.167,60.49,3.173,3323237.906,6.26
8186,163,23111.68,29953.088,44.665,82.393,67.8,6.473,13826442.456,19.637
8187,163,23362.479,29772.102,253.066,6154.672,0,4.832,7705665.67,7.835
8188,163,26643.711,13260.925,59.793,277.949,102.255,2.444,1970906.15,8.012
8189,163,26727.262,13684.091,55.698,118.916,71.796,4.526,6759460.764,15.851
8190,163,27273.75,14557.724,8.186,51.49,85.993,6.059,12114144.609,6.884
8191,163,27748.04,14147.157,172.319,2613.801,0,6.862,15538633.459,9.711
8192,163,27793.215,15284.323,31.96,57.502,89.424,4.023,5342148.165,12.865
8193,163,28162.82,14802.514,6.553,50.422,92.031,2.926,2825103.418,5.383
8194,163,28371.355,15927.309,178.318,2912.76,0,5.772,10995696.92,8.687
8195,163,28745.272,16092.301,97.234,516.66,40.479,5.674,10623383.904,12.895
8196,163,32297.492,26490.385,120.456,929.731,0,3.128,3229228.432,9.086
8197,163,32595.697,26251.073,158.969,1624.441,0,5.928,11597833.991,11.447
8198,163,32680.74,26912.943,219.89,2525.045,0,3.569,4204337.072,10.647
8199,163,35515.756,30477.445,10.702,37.3,51.903,7.15,16873198.037,10.567
8200,163,35678.022,27771.603,7.558,32.852,57.396,3.357,3718184.173,7.39
8201,163,35842.417,25403.54,201.012,2239.891,0,4.747,7437926.088,11.423
8202,163,35925.03,24472.756,8.151,44.461,37.72,4.582,6928200.688,6.802
8203,163,35839.733,30004.035,4.808,49.932,54.442,2.172,1556823.461,5.032
8204,163,37181.282,25402.166,115.873,567.061,0,2.827,2638215.112,11.52
8205,164,10069.742,38907.927,206.93,4693.565,0,5.002,8256939.538,7.275
8206,164,10232.9,39438.781,65.884,250.142,99.917,2.959,2889094.906,9.871
8207,164,10381.676,37902.249,166.691,3014.259,0,7.175,16987298.474,8.492
8208,164,10560.058,37280.028,0.105,61.179,74.963,3.091,3153503.56,4.48
8209,164,10478.674,39201.333,3.753,103.914,121.409,16.206,86667624.497,6.327
8210,164,10664.054,32989.024,131.195,1846.513,0,5.129,8682559.495,7.496
8211,164,10693.469,34722.52,36.554,58.535,96.302,3.5,4043278.217,13.868
8212,164,10719.612,35408.54,161.451,2934.865,0,2.652,2320438.812,6.32
8213,164,10681.018,36211.263,72.413,216.017,78.316,4.995,8234682.329,15.312
8214,164,10715.347,36639.691,2.241,26.447,96.6,3.865,4930438.933,8.07
8215,164,10620.609,38667.165,289.117,9220.095,0,2.924,2820584.498,6.442
8216,164,10951.288,37984.629,67.764,208.603,71.592,7.738,19758938.32,19.003
8217,164,11170.788,34202.926,82.485,178.746,105.409,6.703,14826156.901,27.003
8218,164,11144.093,37332.938,46.947,96.211,109.309,4.933,8030407.374,15.527
8219,164,11168.838,36711.175,157.925,1837.276,28.089,4.091,5523742.494,8.9
8220,164,11275.103,34929.94,170.037,3858.421,0,9.026,26887056.147,8.174
8221,164,11313.155,35162.227,44.083,67.292,111.473,2.329,1789925.215,13.462
8222,164,11285.379,35596.999,131.442,1715.549,45.558,4.237,5925224.962,7.441
8223,164,21633.584,30602.352,41.541,22.256,55.618,6.909,15754380.998,61.324
8224,164,21762.799,29991.146,198.274,3568.809,0,5.802,11109578.755,8.749
8225,164,22482.324,30214.084,158.811,1951.126,0,6.087,12226906.517,10.089
8226,164,23039.063,29993.845,7.923,56.386,67.037,5.867,11358669.585,6.307
8227,164,23357.175,29805.821,62.449,188.669,67.801,8.984,26635393.783,20.401
8228,164,23756.184,28879.044,6.836,33.793,75.559,4.421,6449506.316,7.815
8229,164,26606.042,12704.402,86.279,477.049,35.412,7.312,17644408.83,13.318
8230,164,26647.639,13202.87,9.834,62.983,132.999,3.682,4474762.315,5.38
8231,164,27039.109,12912.572,82.222,250.288,72.776,5.919,11563832.415,18.333
8232,164,27181.353,13205.421,212.578,5640.848,0,10.165,34098027.106,9.211
8233,164,27316.889,14539.667,215.927,5086.884,0,5.189,8886967.471,7.382
8234,164,27504.536,14886.913,178.987,3100.791,0,5.09,8550146.032,7.964
8235,164,27810.151,15323.517,136.498,2416.867,0,9.194,27897258.351,8.489
8236,164,27958.244,14479.482,2.91,35.239,71.082,5.421,9696441.339,7.652
8237,164,28188.154,14772.223,196.826,3977.131,0,8.397,23267757.504,9.611
8238,164,28399.958,15918.968,1.11,55.624,70.651,7.431,18224932.17,6.253
8239,164,28800.018,16109.66,2.266,41.257,67.829,5.169,8816311.895,6.638
8240,164,28830.111,15529.349,166.098,2117.058,0,3.331,3662471.041,8.198
8241,164,32321.722,26528.935,99.747,561.351,25.897,2.571,2181639.81,9.463
8242,164,32556.665,26213.867,189.373,2298.628,0,3.321,3639844.563,9.146
8243,164,33131.744,27397.383,173.447,1945.23,0,4.849,7760667.475,10.344
8244,164,33683.737,27198.818,2.21,18.873,52.557,5.216,8979848.209,12.022
8245,164,34017.288,27654.102,184.029,2345.489,0,5.091,8553488.847,10.047
8246,164,34677.566,28543.482,57.407,92.62,48.044,5.265,9148577.836,22.318
8247,164,34674.629,29535.254,96.858,324.208,38.386,2.936,2844982.491,13.386
8248,164,34961.118,29913.145,4.159,26.716,53.51,4.723,7361723.836,8.965
8249,164,35714.819,30584.23,33.746,45.798,42.784,3.171,3317498.757,14.481
8250,164,35791.496,25376.036,59.209,161.782,44.845,5.206,8944557.949,14.699
8251,164,35882.317,30023.725,156.434,1909.714,0,6.08,12201296.122,10.021
8252,164,36369.939,25371.059,162.216,1530.167,0,4.977,8173658.646,11.31
8253,164,36320.787,25837.271,9.08,34.641,50.163,5.192,8896432.461,8.817
8254,164,37117.511,25405.977,151.348,932.713,0,4.454,6547583.068,13.98
8255,165,9918.041,39357.432,6.61,50.284,62.273,5.611,10390556.302,6.473
8256,165,9994.686,38951.212,164.109,2763.564,0,6.575,14268671.372,8.491
8257,165,10246.3,39437.261,10.267,33.861,97.963,3.841,4869465.982,8.212
8258,165,10319.138,38078.095,176.598,3013.347,0,4.269,6014018.81,7.547
8259,165,10536.809,33327.06,87.934,564.719,29.808,5.288,9228903.823,10.075
8260,165,10491.937,39048.712,176.156,4252.355,0,3.995,5267923.169,5.994
8261,165,10641.036,37040.275,5.286,81.671,93.694,3.562,4186683.842,4.089
8262,165,10687.317,33049.022,177.326,2361.753,0,3.661,4423884.367,8.496
8263,165,10689.238,34689.401,158.983,3482.13,0,4.262,5994979.874,6.061
8264,165,10741.338,35389.717,184.345,3761.766,0,6.459,13766547.383,7.959
8265,165,10692.793,36720.751,364.636,14898.807,0,3.943,5130094.304,6.716
8266,165,10648.344,38722.976,4.403,24.192,109.816,6.054,12095452.747,11.157
8267,165,11116.886,34251.443,216.677,6170.838,0,4.406,6406357.688,6.261
8268,165,11117.526,37363.547,6.529,48.127,109.413,5.605,10366850.139,6.661
8269,165,11193.396,36734.557,190.409,3426.726,0,3.54,4135728.338,7.305
8270,165,11315.946,35009.584,147.014,3001.409,0,4.81,7635032.831,6.211
8271,165,11397.268,9461.112,178.511,1233.547,0,3.23,3442099.27,12.608
8272,165,21541.509,30296.424,256.611,4320.062,0,4.329,6184146.668,9.751
8273,165,23009.947,29984.32,167.51,2464.04,0,6.14,12441619.781,9.215
8274,165,23118.208,29228.651,102.092,309.241,41.319,0.888,260355.925,12.006
8275,165,23366.016,29766.382,186.668,2851.832,0,7.077,16527528.127,10.427
8276,165,23777.399,28892.751,156.664,2220.604,0,6.037,12029032.644,8.959
8277,165,26644.408,12638.131,4.949,25.234,78.493,6.715,14878612.373,11.658
8278,165,26686.434,13236.278,124.764,2285.365,0,5.048,8411498.628,6.094
8279,165,27203.049,13150.118,181.923,4276.13,0,7.196,17086859.463,7.468
8280,165,27309.914,14542.514,47.381,112.298,96.041,2.688,2384984.889,10.944
8281,165,27710.415,14080.023,151.141,1611.644,21.758,4.592,6959899.772,9.545
8282,165,27817.643,15328.29,98.417,610.981,60.05,2.405,1908468.056,8.759
8283,165,28241.269,14860.077,64.339,219.045,63.366,2.333,1796577.508,9.89
8284,165,28325.223,15905.718,67.888,149.662,69.495,4.604,6996398.498,17.75
8285,165,28731.924,16086.597,24.792,56.701,77.046,5.067,8472806.372,11.174
8286,165,28816.409,15503.546,164.359,1857.84,0,2.247,1665816.23,8.163
8287,165,32323.668,26548.071,167.476,1920.792,0,1.839,1116390,8.004
8288,165,32516.599,26217.241,44.614,47.539,49.698,2.915,2804409.684,18.862
8289,165,32679.589,26943.922,51.752,71.785,42.844,3.719,4564526.862,19.012
8290,165,33078.002,27373.444,22.744,22.36,50.574,4.797,7594141.515,20.886
8291,165,33656.974,27073.741,129.153,1196.505,0,4.653,7144129.868,9.519
8292,165,34008.099,27550.795,194.981,2680.591,0,4.23,5903585.372,9.235
8293,165,34138.554,27924.805,234.242,3607.712,0,5.715,10780539.369,10.981
8294,165,34311.067,28772.708,235.263,3421.234,0,3.62,4323888.217,9.568
8295,165,34756.398,29446.377,248.261,4135.695,0,5.128,8676654.349,10.276
8296,165,34963.53,29886.745,35.565,50.363,51.89,1.544,786923.132,11.852
8297,165,35359.954,30269.494,188.82,2341.658,0,3.833,4847289.48,9.378
8298,165,35597.054,27805.196,174.615,2123.421,0,5.334,9389112.999,10.223
8299,165,35919.865,30000.375,8.582,29.81,58.24,8.851,25854480.526,13.716
8300,165,35956.475,24459.66,81.829,256.262,18.617,1.691,943722.205,11.16
8301,166,9905.818,39374.899,130.85,1595.647,0,3.914,5056861.753,7.587
8302,166,10567.248,33884.352,64.572,210.512,49.882,2.75,2496423.106,10.546
8303,166,10505.001,39057.557,181.782,4047.327,0,1.68,931661.786,5.833
8304,166,10596.654,37078.12,177.275,3755.732,0,5.868,11364949.897,7.264
8305,166,10691.062,32959.547,125.857,1642.232,0,7.579,18960793.53,9.103
8306,166,10703.817,34596.77,221.853,5214.942,0,6.358,13339551.94,8.138
8307,166,10723.157,35443.907,101.576,625.408,50.984,2.41,1916253.35,8.958
8308,166,10688.952,36160.233,1.109,38.128,87.809,3.187,3352315.084,5.968
8309,166,10727.609,36558.421,5.463,53.783,105.563,9.958,32727179.418,8.17
8310,166,10665.686,38653.2,16.618,35.853,103.961,3.611,4302382.954,9.737
8311,166,10957.151,33421.937,64.946,241.628,66.644,3.074,3119466.631,10.021
8312,166,11041.016,37437.031,5.435,41.73,102.753,4.373,6312172.186,6.514
8313,166,11016.654,37875.239,198.396,3916.96,0,6.36,13347733.582,8.526
8314,166,11157.902,34259.079,167.518,3613.461,0,7.833,20247646.002,7.802
8315,166,11102.478,37233.596,292.58,9585.507,0,9.599,30405594.061,9.677
8316,166,11325.159,34945.547,58.983,133.717,118.761,4.739,7410883.664,16.09
8317,166,11274.956,35522.472,5.83,38.402,119.5,6.388,13468303.716,8.246
8318,166,11240.076,35979.947,256.556,5916.073,0,3.949,5147054.594,7.712
8319,166,21517.935,30378.262,203.812,2909.986,0,3.707,4535626.966,8.898
8320,166,21753.689,29945.259,42.572,89.505,64.031,4.919,7986395.594,14.404
8321,166,22052.591,29837.152,252.031,5722.363,0,1.592,836077.633,6.821
8322,166,23034.448,29920.134,4.372,32.021,61.372,5.808,11134069.669,8.721
8323,166,23210.433,29234.076,210.36,3326.364,0,3.962,5180967.381,8.665
8324,166,23330.675,29691.514,208.846,3270.722,0,3.383,3776630.167,8.324
8325,166,26556.213,12693.493,130.982,1511.015,0,2.591,2215306.009,7.257
8326,166,26715.808,13139.493,270.568,7782.45,0,7.009,16210878.988,8.474
8327,166,27190.826,13159.621,97.582,660.862,72.402,7.401,18077639.42,12.469
8328,166,27684.592,14050.645,93.803,317.09,62.943,5.128,8678418.576,16.933
8329,166,27815.209,15371.41,114.724,1481.551,0,7.261,17401104.982,8.397
8330,166,28168.858,14766.771,52.283,160.373,67.141,8.488,23777536.157,17.016
8331,166,28357.16,15841.136,65.866,115.461,78.118,4.282,6050855.772,19.998
8332,166,28773.71,16130.423,65.77,189.013,71.931,7.286,17519344.494,18.879
8333,166,28786.392,15508.556,83.449,279.789,63.353,2.891,2758637.712,12.147
8334,166,32330.673,26523.898,53.698,108.882,45.782,3.011,2991308.586,13.376
8335,166,33115.44,27396.991,51.949,77.105,41.991,3.613,4308008.764,17.811
8336,166,33243.578,27675.007,54.675,57.765,47.097,3.748,4635663.763,24.534
8337,166,33680.141,27039.103,1.435,23.466,50.045,5.796,11088045.663,10.686
8338,166,33891.576,28275.34,70.104,161.79,41.273,3.062,3095035.011,14.351
8339,166,34716.644,29557.731,84.641,283.6,30.944,3.474,3983555.943,13.074
8340,166,34931.79,29878.684,62.776,149.786,38.013,2.579,2195022.477,12.442
8341,166,35309.729,30280.201,163.043,1597.986,0,5.901,11491490.777,12.015
8342,166,35831.601,25420.663,142.91,1576.993,0,6.719,14899429.142,10.661
8343,166,35858.418,30037.799,200.856,3348.956,0,4.283,6052442.178,8.32
8344,166,36408.205,25958.016,152.854,1622.423,0,5.161,8789590.896,10.12
8345,166,37159.809,25427.493,172.394,1078.508,0,2.77,2531428.249,12.523
8346,167,10019.677,38931.071,116.287,794.482,43.777,6.189,12640194.959,12.686
8347,167,9988.571,39391.298,171.683,2476.596,0,6.722,14910049.844,9.954
8348,167,10251.411,39466.405,209.841,4269.624,0,10.1,33661436.494,11.303
8349,167,10358.861,37950.318,149.645,2512.275,0,6.457,13757939.308,7.911
8350,167,10491.542,39136.519,150.562,2623.945,0,8.381,23182839.468,8.785
8351,167,10565.631,37196.507,5.11,28.049,116.545,5.643,10509231.305,9.659
8352,167,10667.626,34741.45,129.225,1740.266,21.604,3.2,3379756.79,6.803
8353,167,10697.654,36616.892,195.524,4859.452,0,5.924,11581983.827,6.98
8354,167,10649.678,38737.522,38.973,38.559,94.679,3.853,4899347.169,21.687
8355,167,10792.664,35466.014,163.415,2307.936,21.547,5.766,10970153.08,9.065
8356,167,10907.388,33630.454,46.554,98.097,102.118,3.343,3687541.685,12.568
8357,167,11087.927,37393.311,247.485,7360.541,0,4.948,8080202.848,6.82
8358,167,11135.604,34281.09,198.637,4530.499,0,4.254,5972498.451,6.756
8359,167,11165.638,36726.807,58.436,66.155,85.195,2.569,2178231.895,19.799
8360,167,11314.903,34996.626,157.143,3988.732,0,6.293,13071049.132,6.086
8361,167,11280.675,36073.676,7.918,30.354,73.004,3.334,3669233.394,7.84
8362,167,22109.572,29752.627,80.092,266.038,63.293,3.48,3996440.589,12.712
8363,167,23397.635,29720.943,171.507,2683.819,0,3.914,5056872.754,7.651
8364,167,23886.368,28905.055,188.356,2838.025,0,2.999,2967468.286,7.813
8365,167,26558.139,12702.887,88.633,430.096,48.366,3.933,5105371.223,10.925
8366,167,27065.238,12885.543,65.767,146.588,61.754,2.56,2163098.741,13.312
8367,167,27198.592,14319.823,4.526,36.183,65.151,2.299,1744420.078,6.033
8368,167,27201.243,13189.42,176.99,3838.557,0,8.596,24384576.231,8.494
8369,167,27255.84,14559.263,61.126,143.402,58.817,4.661,7169553.528,15.878
8370,167,27657.857,14069.976,60.799,157.115,66.076,4.566,6880890.957,14.521
8371,167,28182.726,14762.007,197.386,3789.044,0,4.785,7556718.883,7.766
8372,167,28256.941,15867.192,201.039,4217.982,0,5.619,10418487.226,7.831
8373,167,28828.693,16145.035,143.59,2488.034,0,6.275,12996344.733,7.432
8374,167,32352.406,26303.516,81.766,143.235,37.327,1.23,499055.991,14.86
8375,167,32356.024,26542.854,257.913,3733.277,0,5.89,11449236.458,12.579
8376,167,33136.82,27394.415,182.8,2303.863,0,6.169,12560214.082,11.052
8377,167,33584.172,26945.58,204.414,2411.988,0,3.978,5221962.356,10.339
8378,167,33902.946,28274.996,45.77,79.284,49.189,3.477,3990241.632,14.541
8379,167,34031.253,27505.245,150.172,1429.021,0,3.579,4228206.272,9.436
8380,167,34132.359,27897.57,75.627,118.729,51.182,3.388,3788090.805,20.942
8381,167,34221.967,28739.481,94.677,476.567,23.653,5.53,10090381.064,13.008
8382,167,34879.467,29839.355,6.668,51.93,51.971,6.019,11957402.288,6.53
8383,167,35312.616,30265.085,48.932,82.493,40.46,5.725,10816925.075,20.546
8384,167,35438.778,28345.417,55.467,60.007,47.328,1.169,450717.525,16.002
8385,167,35514.28,27699.723,146.341,1510.526,0,2.838,2657939.992,8.361
8386,167,35838.943,25415.642,120.405,1092.481,20.874,3.049,3067083.269,8.183
8387,167,35836.057,30005.033,8.211,37.456,75.302,2.539,2128197.61,6.518
8388,167,36038.248,30356.164,99.425,566.987,29.696,3.624,4333830.906,10.231
8389,167,36329.329,26473.754,70.867,131.291,43.056,0.838,231505.118,12.982
8390,167,37138.619,25413.701,43.767,52.299,24.35,2.245,1662709.116,15.562
8391,168,9954.143,39338.296,188.828,3337.339,0,6.085,12219278.465,8.745
8392,168,10094.45,38909.852,24.604,47.143,80.131,6.485,13880801.298,14.855
8393,168,10204.634,39524.461,129.076,1769.35,0,4.657,7157002.255,7.323
8394,168,10361.711,38080.702,3.142,30.306,93.947,4.855,7778437.35,8.144
8395,168,10402.222,39271.001,9.223,56.842,96.457,6.241,12852219.82,6.711
8396,168,10676.447,33034.038,179.445,2690.364,0,6.136,12426295.848,9.545
8397,168,10722.103,33605.04,6.832,42.97,94.936,5.798,11094206.439,7.402
8398,168,10755.434,34638.673,284.743,9043.051,0,4.804,7615907.75,7.089
8399,168,10691.811,36210.707,165.612,3183.658,0,3.62,4324244.952,6.498
8400,168,10775.841,35478.117,63.51,263.13,82.803,4.193,5803020.753,10.185
8401,168,10957.239,33483.434,185.464,3574.997,0,6.842,15447921.902,8.552
8402,168,10961.85,37838.96,4.581,33.592,83.891,2.892,2760618.257,6.566
8403,168,11169.865,34262.044,80.916,228.189,88.146,3.666,4434037.238,14.688
8404,168,11110.745,37288.235,75.616,251.214,83.548,9.95,32672480.092,23.559
8405,168,11212.491,36772.917,144.633,1485.794,37.376,4.267,6007848.506,9.261
8406,168,11368.7,35046.251,284.533,10988.42,0,1.455,698629.556,5.488
8407,168,11295.532,35623.999,91.68,746.208,66.886,7.525,18689098.731,10.384
8408,168,11320.782,35995.146,44.825,64.181,79.064,6.129,12395499.275,23.549
8409,168,21613.761,30501.711,45.212,70.443,50.46,4.701,7292408.529,18.382
8410,168,21717.098,29939.606,167.873,2043.567,0,4.874,7839896.744,9.565
8411,168,21818.053,30507.485,238.698,3588.56,0,3.482,4002154.574,9.347
8412,168,22074.098,29726.95,46.509,115.006,59.467,5.581,10278183.737,14.305
8413,168,22395.142,29584.43,191.478,2614.856,0,3.689,4491967.818,8.791
8414,168,22722.381,30162.143,9.844,23.798,55.232,6.154,12496334.846,13.442
8415,168,23201.229,29199.438,2.662,52.568,54.815,5.767,10974695.476,5.878
8416,168,23838.835,28888.895,5.988,54.339,48.345,5.657,10559737.569,6.054
8417,168,26630.887,12666.334,151.105,2889.672,0,5.191,8893684.903,6.728
8418,168,26667.503,13324.036,139.778,2557.048,0,3.997,5273350.634,6.183
8419,168,27219.298,13179.95,198.701,5066.87,0,10.069,33458163.856,8.962
8420,168,27341.961,14638.42,163.36,2246.627,0,4.32,6158457.38,8.289
8421,168,27674.28,14016.011,286.503,6957.199,0,4.688,7251936.935,8.427
8422,168,27758.73,15286.24,4.568,28.671,74.148,5.013,8293286.951,8.825
8423,168,28319.23,15914.482,6.86,62.978,85.511,4.2,5822546.548,5.103
8424,168,28767.996,16103.11,47.629,71.914,88.023,5.14,8720172.331,20.599
8425,168,28821.64,15517.195,174.844,3005.216,0,2.268,1696950.941,6.695
8426,168,32281.688,26238.759,131.326,1004.673,0,4.21,5848052.179,10.574
8427,168,32604.613,26256.394,153.286,1643.082,0,5.202,8929385.11,10.104
8428,168,33111.829,27456.033,126.521,1171.613,0,3.494,4028064.266,8.583
8429,168,33611.307,26938.349,183.951,1989.911,0,6.677,14711992.152,13.09
8430,168,34201.666,27932.712,25.586,32.5,63.385,6.274,12990476.804,20.793
8431,168,34238.6,28773.69,117.622,776.171,10.835,1.393,640292.899,8.769
8432,168,34760.528,29596.251,41.474,62.569,48.186,4.121,5604523.39,16.673
8433,168,34962.349,29923.035,7.457,68.659,54.961,8.84,25787300.584,6.577
8434,168,35345.136,28388.665,87.621,367.831,20.068,3.489,4017907.552,11.464
8435,168,35483.902,27660.665,42.821,70.275,42.825,3.623,4331067.208,14.894
8436,168,35671.858,26766.252,140.145,1287.032,0,4.705,7305452.649,10.162
8437,168,35840.025,25417.881,68.358,212.758,56.418,5.634,10475539.086,15.276
8438,168,35812.632,29890.713,172.879,2410.239,0,4.775,7525753.639,8.815
8439,168,35893.583,24506.344,44.372,32.843,45.67,3.357,3719227.961,26.98
8440,168,36320.029,26575.257,57.179,92.058,50.203,2.026,1354910.433,14.245
8441,169,10082.795,38929.098,59.963,116.412,79.69,1.216,487629.866,12.03
8442,169,10102.02,39457.499,46.891,61.028,64.78,2.199,1596226.949,15.11
8443,169,10351.741,38043.044,60.736,101.24,92.642,3.677,4462760.88,18.094
8444,169,10481.439,39195.766,10.203,57.505,94.863,10.681,37650884.102,9.461
8445,169,10539.353,37238.278,174.053,3101.919,0,3.405,3826455.022,6.917
8446,169,10640.355,33002.982,42.063,92.538,59.602,5.567,10226566.791,14.838
8447,169,10660.401,36970.424,191.912,4023.311,0,5.682,10655029.467,7.625
8448,169,10685.592,34753.403,174.923,3517.64,0,4.726,7372343.639,6.949
8449,169,10678.157,36630.424,58.994,134.873,100.114,7.64,19264378.847,22.108
8450,169,10780.894,35467.629,40.853,85.061,99.164,5.128,8678486.916,14.546
8451,169,10971.055,33374.987,46.324,105.301,84.635,4.996,8237985.194,14.311
8452,169,11065.107,37806.556,60.725,148.436,62.564,3.588,4248950.292,13.485
8453,169,11144.422,34333.246,141.989,1113.307,69.73,5.164,8801378.859,11.997
8454,169,11139.749,37286.925,37.931,116.313,98.913,5.986,11824701.798,11.309
8455,169,11205.869,36733.368,0.356,25.544,86.248,4.916,7976370.662,9.092
8456,169,11358.652,35038.494,3.379,102.438,122.153,7.526,18689729.093,4.141
8457,169,11372.275,35448.797,257.446,9290.656,0,3.86,4917806.694,5.859
8458,169,11302.348,36020.226,186.476,3387.316,0,4.852,7770455.458,7.798
8459,169,21506.748,30439.207,53.795,167.81,41.949,2.315,1768432.496,9.518
8460,169,21720.054,29973.792,196.538,3281.378,0,4.677,7219335.821,8.434
8461,169,22675.27,30164.807,208.528,3071.351,0,3.138,3249339.149,8.489
8462,169,23020.559,29994.429,71.357,183.078,50.059,3.745,4629494.463,14.653
8463,169,23164.821,29199.708,129.162,1571.489,0,6.849,15482543.554,9.282
8464,169,23415.609,29772.337,148.788,2249.002,0,5.063,8461153.725,7.719
8465,169,23795.837,28932.007,189.601,2270.36,0,2.889,2753913.592,8.934
8466,169,24065.362,29197.197,8.677,32.395,47.273,5.381,9555330.632,9.317
8467,169,26563.615,12640.853,4.412,35.721,89.211,4.393,6369066.982,7.102
8468,169,26598.907,13303.518,45.326,73.377,96.605,5.573,10250120.895,19.928
8469,169,27220.381,13190.033,189.928,5120.72,0,6.864,15548433.703,6.842
8470,169,27278.594,14519.527,80.377,355.782,49.579,4.313,6140158.826,11.358
8471,169,27646.011,13997.201,89.308,393.849,42.142,5.529,10088261.669,13.829
8472,169,27759.755,15255.503,153.302,2336.455,0,6.033,12013675.755,8.373
8473,169,28148.055,14765.134,71.181,277.58,77.655,4.988,8211416.162,12.315
8474,169,28339.87,15898.76,221.14,4599.82,0,6.898,15701229.391,9.228
8475,169,28820.087,16087.473,189.724,3556.378,0,2.722,2445559.818,6.81
8476,169,32538.032,26259.086,105.421,673.324,23.445,3.849,4888236.871,10.039
8477,169,33680.21,27041.412,4.729,62.027,43.869,4.73,7383871.077,5.074
8478,169,33841.035,28272.216,2.599,20.615,45.326,4.165,5725428.207,9.987
8479,169,34204.877,27888.122,139.894,1500.609,0,4.889,7889092.857,9.245
8480,169,34162.299,28804.46,3.307,43.116,46.628,4.47,6592816.084,6.18
8481,169,34511.307,29127.196,137.442,1291.786,0,4.035,5372762.497,9.333
8482,169,35437.513,28404.068,7.416,52.124,49.44,3.374,3756199.542,5.532
8483,169,35403.189,30347.602,93.786,319.331,25.359,1.336,589228.141,11.124
8484,169,35825.007,25462.737,53.256,160.773,46.862,5.379,9547079.464,12.967
8485,169,35835.046,29836.019,11.437,48.067,49.767,3.903,5026251.904,6.807
8486,169,35878.337,24502.124,74.011,154.094,37.589,3.445,3917094.678,16.818
8487,169,35831.161,30142.95,199.995,2802.565,0,4.091,5524244.596,9.169
8488,169,36373.253,26627.713,279.017,4560.398,0,2.653,2322957.067,9.162
8489,170,9920.009,39396.436,125.1,1568.994,0,5.877,11397563.609,8.274
8490,170,10080.084,38966.106,11.611,24.684,83.573,4.38,6332237.53,11.428
8491,170,10398.559,39216.174,235.723,6457.566,0,5.899,11483720.074,7.395
8492,170,10561.636,33886.695,145.549,1800.962,0,4.913,7964376.435,8.619
8493,170,10564.61,37245.295,88.954,388.37,57.395,4.943,8061908.077,13.08
8494,170,10621.923,33577.748,68.369,214.919,73.175,3.675,4456028.539,12.243
8495,170,10591.645,37015.392,40.999,63.574,83.33,1.431,675721.566,11.755
8496,170,10686.251,34694.762,163.002,3101.63,0,4.352,6251451.828,6.74
8497,170,10728.374,36286.954,206.982,4673.165,0,6.236,12832542.531,7.911
8498,170,10802.6,36560.717,5.952,29.608,104.358,2.702,2408926.128,7.179
8499,170,10700.256,38602.751,41.334,80.675,87.947,6.725,14926124.633,18.396
8500,170,10961.337,33460.463,185.203,4314.771,0,6.212,12736906.228,7.159
8501,170,11139.644,37385.867,148.867,2819.492,0,6.318,13173615.906,7.176
8502,170,11328.087,34997.001,167.831,4424.634,0,10.604,37109732.037,7.887
8503,170,21560.615,30465.438,95.133,306.082,39.552,3.942,5128691.402,15.381
8504,170,21693.322,29965.218,174.611,2487.285,0,6.502,13949534.912,10.003
8505,170,22121.941,29729.492,151.24,2295.977,0,3.954,5159558.148,7.241
8506,170,22975.003,30023.267,133.51,1340.668,15.692,6.046,12062175.983,10.313
8507,170,23170.593,29196.888,135.898,1655.772,0,4.485,6638310.601,8.076
8508,170,23439.072,29611.132,31.867,52.171,67.081,3.097,3165501.676,12.331
8509,170,24176.928,29136.958,47.422,76.497,39.22,2.655,2326458.459,14.005
8510,170,26583.105,12769.069,243.398,5233.997,0,5.859,11328322.753,8.94
8511,170,26623.605,13176.221,190.991,3846.29,0,5.354,9459393.697,7.644
8512,170,26747.499,12574.645,90.033,287.856,37.044,2.095,1448460.395,12.042
8513,170,27186.858,14430.53,181.555,2914.168,0,2.028,1357157.432,7.02
8514,170,27228.405,13161.102,201.851,5071.446,0,8.605,24438527.367,8.38
8515,170,27678.232,14006.383,4.153,32.493,72.8,5.037,8372350.637,8.001
8516,170,27756.276,15299.501,151.858,2207.191,0,7.22,17201493.458,9.381
8517,170,28132.613,14753.66,247.462,6733.473,0,4.118,5595486.945,6.873
8518,170,28284.409,15853.509,151.033,2110.464,0,8.987,26652129.621,10.951
8519,170,28697.919,15884.868,58.777,152.641,68.92,3.55,4158742.503,12.624
8520,170,28802.966,15472.279,30.933,52.974,67.47,4.34,6215689.114,13.688
8521,170,28799.385,16088.091,4.507,22.945,64.591,4.576,6909679.974,9.952
8522,170,32319.472,26199.285,1.336,28.058,39.818,5.535,10111133.367,9.039
8523,170,32639.671,26320.078,6.619,46.3,50.962,3.823,4823076.031,6.007
8524,170,33076.269,27361.162,144.468,1265.006,0,4.255,5974178.024,10.306
8525,170,33367.573,27836.728,121.223,659.941,14.751,2.661,2337184.022,10.893
8526,170,33796.651,28215.102,171.241,1724.251,0,5.051,8418210.318,11.284
8527,170,34451.215,29116.436,129.802,938.155,10.347,4.6,6981666.134,11.324
8528,170,34728.298,29654.053,94.997,262.285,35.142,3.478,3993091.056,16.205
8529,170,35532.266,27710.355,147.643,1142.296,26.294,2.351,1823821.326,9.628
8530,170,35789.474,25469.386,174.375,2398.476,0,3.777,4708481.047,8.307
8531,170,35886.556,24471.632,38.766,77.344,50.745,3.479,3993575.486,12.15
8532,170,35832.457,29871.82,107.102,737.22,22.73,7.466,18393651.611,13.281
8533,170,36330.128,25369.079,98.579,398.551,25.568,4.123,5608803.608,13.601
8534,170,36344.408,26658.284,158.938,1036.795,19.344,1.516,758735.636,10.408
8535,171,9915.496,39370.173,161.552,2327.828,0,7.376,17954082.226,10.006
8536,171,10116.172,38857.55,238.896,6459.288,0,9.025,26880010.84,9.258
8537,171,10398.065,37927.334,7.44,54.329,85.022,7.051,16408936.686,6.964
8538,171,10657.814,36706.18,182.034,4325.08,0,9.725,31214091.903,8.67
8539,171,10687.427,34805.581,198.231,4583.375,0,6.426,13628903.992,7.644
8540,171,10670.126,38664.115,163.062,2911.714,0,4.509,6709217.296,7.082
8541,171,10766.484,33014.095,66.534,296.523,58.067,7.494,18533057.655,13.391
8542,171,10767.587,36287.98,196.614,4943.618,0,4.594,6966011.248,6.438
8543,171,10880.129,35527.828,28.258,54.341,98.661,5.463,9850442.357,13.786
8544,171,10970.275,33442.662,32.409,108.977,92.013,5.303,9281225.941,9.302
8545,171,10998.079,37873.056,130.541,1854.607,0,8.817,25653706.043,9.532
8546,171,11167.618,34216.12,31.213,36.424,114.168,4.331,6190114.48,18.502
8547,171,11083.829,37324.373,196.045,4941.526,0,3.644,4381171.825,6.114
8548,171,11219.696,36761.585,111.21,863.701,41.836,2.89,2756225.207,8.493
8549,171,11333.372,34994.146,199.392,6129.401,0,5.506,10003889.902,6.001
8550,171,11278.9,35465.652,36.348,78.392,107.61,1.767,1030056.872,9.579
8551,171,11281.717,35994.312,6.944,51.308,81.056,3.273,3535210.531,5.486
8552,171,21519.946,30429.099,136.873,1231.226,0,3.917,5064575.684,9.491
8553,171,21750.443,29910.317,139.62,2075.805,0,4.343,6225314.74,7.156
8554,171,22194.494,29696.077,60.554,116.613,62.952,2.233,1645438.856,13.448
8555,171,22463.067,30276.794,223.615,3516.395,0,3.306,3606328.712,8.609
8556,171,22939.808,30045.714,127.003,1494.711,0,6.645,14573495.72,9.26
8557,171,23219.565,29124.336,189.804,2672.717,0,5.412,9666122.9,9.817
8558,171,23438.44,29592.109,4.741,50.939,63.657,4.186,5782991.981,5.563
8559,171,23850.405,28894.874,174.489,2180.672,0,4.167,5730713.44,9.107
8560,171,26583.484,12755.118,229.107,5001.169,0,1.417,662556.668,6.591
8561,171,26621.978,13250.139,140.408,2318.721,0,5.691,10689365.948,7.293
8562,171,27277.94,13201.224,5.704,69.557,94.335,12.729,53474806.826,7.844
8563,171,27694.205,13974.589,131.192,1496.016,0,5.977,11792370.506,9.222
8564,171,27791.051,15303.045,164.712,2338.16,0,4.661,7168661.706,8.363
8565,171,28198.191,14790.843,160.181,3161.512,0,8.014,21194524.109,8.165
8566,171,28994.052,15891.087,132.123,1693.159,0,5.712,10768726.838,8.358
8567,171,32559.822,26239.116,1.129,36.466,55.282,3.482,4001323.006,6.268
8568,171,33124.749,27366.562,138.161,1358.171,0,3.743,4624769.511,8.886
8569,171,33348.956,27808.058,69.336,227.472,27.182,1.715,970990.042,10.011
8570,171,33759.973,28233.285,166.748,1522.918,0,3.299,3592630.117,10.107
8571,171,34178.09,27890.919,189.032,2353.02,0,3.379,3768408.351,9.033
8572,171,34416.813,28970.531,200.972,2443.676,0,3.147,3269015.069,9.349
8573,171,34778.891,29695.444,127.031,1112.553,0,6.066,12142698.074,11.049
8574,171,35386.42,28317.482,138.742,1252.923,0,2.129,1496067.573,8.384
8575,171,35492.28,27639.626,40.348,61.297,58.929,4.259,5985244.9,16.654
8576,171,35763.142,25434.948,7.227,34.52,50.507,6.791,15220572.988,9.657
8577,171,35835.306,29845.614,8.985,30.404,53.347,3.107,3184983.623,7.914
8578,171,35899.211,24471.787,11.212,25.648,36.547,4.322,6164640.645,10.868
8579,171,36335.272,24767.743,56.199,165.862,26.016,3.055,3080323.085,10.736
8580,171,36326.02,25326.362,118.451,1096.626,8.537,8.984,26636840.283,12.699
8581,171,36323.012,26562.313,6.42,46.369,50.455,5.458,9832212.561,6.744
8582,172,10014.115,38923.09,183.602,3998.743,0,5.773,10997585.415,7.253
8583,172,10011.726,39431.613,36.061,30.676,74.675,4.082,5498737.793,24.524
8584,172,10392.125,37923.122,9.166,29.632,87.474,6.918,15795723.417,11.808
8585,172,10447.578,39212.599,90.853,590.989,66.671,3.56,4182168.608,8.849
8586,172,10549.411,37223.664,78.926,249.643,71.865,3.74,4617004.342,13.426
8587,172,10616.231,33242.589,57.183,213.803,66.395,5.684,10662896.293,11.833
8588,172,10621.731,37007.587,84.12,486.88,64.189,2.897,2769246.08,8.667
8589,172,10742.806,36241.876,203.268,4669.157,0,4.197,5812837.501,6.799
8590,172,10641.751,36718.752,6.324,66.616,102.456,5.825,11198479.426,5.361
8591,172,10754.072,32969.793,125.858,1635.62,4.963,5.067,8471530.434,7.667
8592,172,10800.63,35548.216,181.623,3622.388,0,7.484,18482853.78,8.581
8593,172,10956.579,33419.721,183.628,4032.691,0,3.982,5232420.892,6.497
8594,172,10962.499,38001.297,5.808,56.116,72.165,3.775,4703002.909,5.216
8595,172,11189.254,34317.959,256.685,7936.635,0,3.876,4956829.437,6.415
8596,172,11133.88,37302.63,153.712,3184.999,0,1.84,1117039.482,5.581
8597,172,11201.915,36705.212,102.107,681.49,50.358,5.538,10121472.956,11.08
8598,172,11333.237,35038.227,51.07,136.318,119.923,5.862,11338366.086,14.644
8599,172,11312.501,35964.111,130.529,1964.13,0,5.283,9210544.035,7.217
8600,172,21601.791,30429.874,57.401,69.398,59.345,3.036,3042435.026,20.192
8601,172,21792.86,29937.006,180.997,2955.507,0,3.301,3596194.804,7.411
8602,172,22430.381,30313.559,143.519,1847.743,0,5.586,10296812.018,8.732
8603,172,22721.263,30159.044,3.525,65.942,67.198,5.446,9788534.92,4.988
8604,172,23156.46,29227.551,187.167,2740.008,0,5.893,11461197.422,9.824
8605,172,23353.135,29598.311,8.18,29.892,68.245,6.101,12283033.319,10.469
8606,172,24201.845,29100.667,36.325,43.031,46.387,4.478,6616643.653,19.889
8607,172,26620.184,12876.09,165.921,2419.839,0,4.114,5584629.858,7.943
8608,172,26635.862,13277.091,89.618,598.972,54.461,3.831,4844345.077,8.807
8609,172,26768.478,12568.204,147.376,1387.023,5.226,3.318,3634035.871,9.199
8610,172,27196.815,13168.685,254.227,7120.705,0,10.417,35807975.003,10.348
8611,172,27315.735,14586.385,38.96,58.225,71.808,3.869,4941302.641,15.75
8612,172,27692.402,14042.064,172.226,2475.454,0,6.581,14291552.175,9.896
8613,172,27807.972,15367.981,68.638,204.817,66.942,4.788,7566887.061,14.425
8614,172,28215.356,14829.257,59.684,164.226,75.123,2.573,2184647.715,11.061
8615,172,28301.698,15873.23,163.688,2571.385,0,5.326,9359832.93,8.154
8616,172,28729.851,15655.077,81.636,344.14,49.325,5.272,9170955.778,13.096
8617,172,32399.911,26164.805,8.172,31.629,47.097,2.425,1940383.929,7.134
8618,172,32728.647,26967.879,77.901,181.795,38.108,3.739,4613302.883,16.632
8619,172,32722.555,26240.648,5.554,32.376,52.365,5.52,10054259.353,8.638
8620,172,33092.784,27358.647,32.237,62.579,57.043,1.127,418872.941,9.363
8621,172,33352.315,27800.171,73.347,214.504,27.428,3.654,4406459.707,13.42
8622,172,33926.967,27479.307,221.661,3183.497,0,3.522,4093607.064,9.214
8623,172,34171.827,27882.74,45.336,76.563,48.498,2.708,2420925.294,13.375
8624,172,34772.052,29692.051,47.484,94.893,39.948,4.804,7617411.149,15.7
8625,172,35326.043,30354.221,152.421,1592.37,0,6.334,13238158.542,11.3
8626,172,35424.689,28331.542,139.397,1290.799,0,2.89,2756614.259,8.705
8627,172,35373.563,29292.254,130.123,952.596,5.747,2.827,2637981.538,9.597
8628,172,35518.537,27679.685,3.431,63.934,57.616,2.54,2129680.55,4.369
8629,172,35837.939,24520.36,38.024,54.918,39.988,3.875,4955082.088,15.991
8630,172,35778.428,25406.138,0.427,14.197,54.051,3.485,4007654.493,11.9
8631,172,35804.039,29821.312,149.172,1440.537,0,3.509,4063642.243,9.256
8632,172,35918.494,30363.946,64.926,176.373,44.409,4.861,7797427.872,15.079
8633,172,36363.817,25355.431,32.748,41.257,52.475,1.875,1160547.626,12.772
8634,172,36411.059,26521.04,287.429,4722.367,0,5.189,8884373.324,11.605
8635,172,37201.036,25665.905,6.873,24.905,32.483,2.666,2345910.317,8.136
8636,173,9981.266,38919.952,88.206,608.709,59.462,3.354,3711990.108,8.257
8637,173,9984.766,39388.55,127.755,784.857,36.106,2.085,1434364.691,9.949
8638,173,10239.282,39441.83,5.882,45.815,75.208,6.621,14467875.491,7.352
8639,173,10306.984,38272.201,134.439,2196.097,0,7.056,16431142.874,7.789
8640,173,10393.833,37928.224,14.785,66.084,84.572,6.56,14203505.106,7.566
8641,173,10431.934,39234.81,153.596,2904.275,0,4.693,7268180.065,6.653
8642,173,10559.016,33319.338,189.606,3171.554,0,6.995,16146784.742,9.777
8643,173,10554.264,37150.362,64.547,284.39,68.933,2.404,1906790.438,8.56
8644,173,10719.131,34960.048,1.085,69.064,99.329,2.371,1854538.133,4.08
8645,173,10717.223,36654.005,76.124,154.147,99.001,2.833,2649046.059,16.035
8646,173,10753.171,32952.244,122.438,1733.448,0,5.483,9922412.166,7.307
8647,173,10712.424,38636.453,28.163,70.567,88.83,6.736,14972165.612,12.646
8648,173,10965.125,33478.598,128.676,2406.218,0,9.94,32608857.658,8.134
8649,173,11027.737,37884.642,71.373,282.882,57.424,4.769,7504191.221,11.925
8650,173,11164.532,34355.035,181.829,4822.741,0,6.168,12553741.753,6.456
8651,173,11159.662,37246.963,165.265,2953.014,0,4.963,8127244.829,7.344
8652,173,11207.915,36773.246,60.376,206.86,65.351,2.053,1390662.808,9.346
8653,173,11336.202,34985.3,162.338,4761.714,0,6.189,12642677.566,5.62
8654,173,11315.589,35426.373,164.223,3050.977,36.613,3.548,4153503.407,6.574
8655,173,11292.173,36035.343,187.095,3451.6,0,2.918,2809214.334,6.885
8656,173,21564.262,30421.588,75.488,244.371,49.595,3.825,4828910.884,12.96
8657,173,21831.815,29945.347,278.507,5728.14,0,5.527,10082672.558,9.906
8658,173,22222.315,29695.919,203.97,3321.266,0,6.01,11918454.609,9.756
8659,173,22376.925,30299.321,171.108,2269.809,0,4.043,5395128.686,8.566
8660,173,22739.006,30166.735,125.835,1460.511,0,6.007,11908429.071,8.864
8661,173,23148.955,29179.773,142.037,1455.299,0,4.033,5366705.206,9.001
8662,173,23200.069,29918.758,7.033,47.671,60.375,7.591,19015349.668,7.93
8663,173,23418.855,29627.241,79.591,317.454,49.821,2.497,2056947.342,10.207
8664,173,24168.611,29112.291,170.307,1578.924,0,4.534,6783822.183,11.368
8665,173,26658.998,13158.353,222.554,4250.711,0,3.978,5222517.393,7.964
8666,173,26689.843,12594.411,166.585,2628.571,0,4.823,7677957.897,7.941
8667,173,27272.979,13280.97,7.943,57.537,89.425,8.575,24268743.337,7.547
8668,173,27642.62,14015.943,204.682,3347.246,0,4.535,6787393.21,8.692
8669,173,27824.95,15388.116,138.914,2102.511,0,10.85,38851220.088,10.859
8670,173,28185.034,14787.362,178.011,3550.959,0,7.888,20533357.397,8.686
8671,173,28984.226,15978.111,209.885,4141.612,0,5.038,8377235,8.077
8672,173,32307.145,26214.206,135.135,1231.696,0,5.453,9811595.1,10.631
8673,173,33045.492,27357.098,7.654,49.365,53.243,3.593,4260283.319,5.834
8674,173,33382.787,27860.289,35.004,52.191,44.253,4.024,5344360.516,15.344
8675,173,33829.428,28342.774,100.878,736.289,0,5.879,11406135.745,10.585
8676,173,34148.117,27915.435,168.589,1938.898,0,4.319,6155596.576,9.53
8677,173,34229.951,28793.414,41.994,57.339,38.572,5.069,8480025.293,20.643
8678,173,35503.981,27734.919,128.931,1078.148,0,2.823,2630410.533,8.803
8679,173,35520.271,28321.534,1.467,35.818,48.547,5.057,8441094.207,7.224
8680,173,35835.341,24490.366,181.192,1763.848,0,2.018,1344293.876,9.246
8681,173,35780.486,29807.687,185.325,2473.028,0,3.842,4871429.189,8.842
8682,173,35840.265,30402.571,1.793,23.316,48.504,1.112,407758.248,6.951
8683,173,36346.948,25480.057,102.791,656.392,27.372,2.622,2268655.345,8.959
8684,173,36319.515,26542.491,65.834,129.651,42.999,2.649,2315081.87,14.615
8685,173,37278.455,25680.549,6.315,31.19,29.877,2.884,2744902.182,7.115
8686,174,10016.183,38936.025,95.263,729.654,60.706,3.82,4816116.694,8.361
8687,174,10123.764,39418.634,183.015,2970.395,0,5.976,11784805.25,9.023
8688,174,10316.718,38166.879,6.555,36.907,89.204,7.599,19054136.138,9.62
8689,174,10349.151,37982.122,62.522,128.719,80.354,2.023,1350348.7,12.812
8690,174,10556.863,37260.519,187.611,3449.892,0,6.092,12249594.411,8.465
8691,174,10454.789,39138.26,182.91,4008.582,0,7.152,16880372.151,7.867
8692,174,10625.146,33037.168,151.341,2170.485,0,6.337,13252481.919,8.862
8693,174,10591.76,33268.403,146.916,2390.327,0,3.328,3656237.443,6.593
8694,174,10718.44,36321.795,2.118,32.582,78.467,7.866,20421452.86,9.982
8695,174,10694.141,36711.507,39.119,44.862,90.63,2.712,2428066.959,16.27
8696,174,10712.366,38539.46,301.101,9393.114,0,3.822,4819591.921,7.002
8697,174,10854.615,35497.472,265.436,8471.239,0,3.529,4109203.108,6.311
8698,174,10911.468,33630.529,149.103,2562.038,0,6.147,12467954.116,7.606
8699,174,10937.995,33410.704,216.145,4732.178,0,4.309,6127922.179,7.327
8700,174,11013.443,37849.49,90.347,305.909,57.671,4.595,6968954.631,15.452
8701,174,11157.325,34374.16,197.099,5570.691,0,9.181,27814962.766,7.784
8702,174,11175.332,37228.462,183.487,4876.453,0,4.249,5958928.53,5.866
8703,174,11321.801,34961.234,3.864,40.723,131.292,4.579,6920611.275,6.531
8704,174,11272.595,35428.053,11.602,45.428,120.391,8.676,24843292.728,10.568
8705,174,11357.052,36002.602,7.309,68.908,82.608,5.653,10545174.503,5.318
8706,174,21889.774,29827.623,132.903,1413.224,0,4.802,7608621.706,8.928
8707,174,22399.707,30278.253,2.718,21.091,65.394,3.759,4664273.997,9.397
8708,174,22681.142,30176.817,170.97,2458.625,0,7.018,16252288.544,10.177
8709,174,23361.12,29681.97,2.415,26.965,72.137,1.56,802643.311,6.617
8710,174,26631.113,12951.413,156.262,2558.342,0,5.964,11737954.927,8.025
8711,174,26689.1,13203.29,195.937,3359.73,0,4.465,6578091.735,8.144
8712,174,26788.868,12583.907,32.546,46.358,59.971,3.044,3057830.832,13.583
8713,174,26852.619,13615.936,142.752,1675.339,0,4.238,5926372.817,8.389
8714,174,27104.385,14333.707,71.236,251.907,30.55,4.649,7132307.51,12.802
8715,174,27170.523,13121.443,72.841,210.954,71.486,2.689,2385448.56,12.078
8716,174,27687.952,14031.571,227.058,3471.146,0,3.938,5118328.06,9.288
8717,174,27826.997,15387.606,47.67,163.715,72.579,9.519,29903100.582,15.825
8718,174,28164.196,14882.129,6.315,38.955,95.607,3.297,3586927.096,6.401
8719,174,28296.877,15909.486,166.416,2689.405,0,3.648,4392270.385,7.244
8720,174,28880.728,15516.595,2.869,32.898,67.487,3.796,4755686.998,6.97
8721,174,32376.642,26141.798,133.788,1259.641,0,5.795,11081286.605,10.613
8722,174,33401.915,27863.055,108.931,896.886,0,4.278,6039369.898,8.962
8723,174,33811.91,28331.634,111.319,789.531,0,5.513,10030477.733,11.225
8724,174,34057.791,27515.722,74.883,209.843,47.265,5.857,11321312.566,18.202
8725,174,34260.451,28831.131,177.835,1550.256,0,3.658,4416006.189,11.23
8726,174,34793.183,29628.969,79.766,203.98,30.124,2.454,1986710.556,13.429
8727,174,35566.403,27659.755,191.045,2082.365,0,3.497,4035197.067,9.995
8728,174,35824.682,24468.602,101.182,469.244,3.787,2.854,2688093.096,11.014
8729,174,35837.699,25437.619,11.245,47.235,45.355,4.742,7421588.962,7.308
8730,174,35772.318,29831.044,126.592,1085.846,0,3.501,4044576.425,9.017
8731,174,35841.212,30314.599,7.379,25.051,55.156,3.785,4728396.399,9.192
8732,174,36375.183,25505.994,130.615,2019.072,0,5.004,8263728.821,6.972
8733,175,9990.259,38917.696,104.078,936.51,42.431,1.8,1069033.143,7.105
8734,175,10480.599,39119.505,5.148,64.493,104.232,10.409,35756182.444,7.179
8735,175,10571.866,33333.159,66.285,269.881,52.163,3.924,5080908.483,10.312
8736,175,10640.35,37041.009,3.589,41.056,97.362,4.367,6292528.473,6.361
8737,175,10683.057,34680.885,144.399,2897.891,0,6.69,14771719.984,6.906
8738,175,10692.804,34995.345,132.898,2172.295,0,7.1,16636073.227,7.744
8739,175,10742.147,36267.541,76.289,216.8,77.405,4.281,6047264.136,15.143
8740,175,10852.579,35531.267,111.392,618.458,73.895,4.181,5769676.332,11.826
8741,175,10798.695,38481.491,4.41,46.579,79.077,11.528,43858015.007,10.018
8742,175,10923.558,33571.067,80.553,277.76,88.04,3.31,3615724.403,12.206
8743,175,11060.99,37762.131,190.594,3193.912,0,8.324,22867672.841,10.827
8744,175,11168.905,37261.948,48.151,201.715,111.453,5.48,9909131.902,9.662
8745,175,11341.367,35005.838,158.809,4612.626,0,7.956,20891067.442,6.097
8746,175,11350.234,35908.165,10.364,47.51,84.707,4.431,6480486.659,6.891
8747,175,21581.083,30469.722,23.288,19.317,57.925,2.462,1999857.426,16.626
8748,175,21926.253,29801.511,103.322,594.502,34.436,5.571,10240632.327,12.541
8749,175,22479.132,30245.969,6.038,39.296,63.297,7.371,17932529.625,8.844
8750,175,23089.406,29170.101,45.443,82.639,44.516,3.941,5124304.763,14.821
8751,175,23215.52,29841.143,250.831,5297.739,0,3.947,5140590.023,8.037
8752,175,23379.073,29718.365,167.035,2524.843,0,4.432,6482744.828,7.966
8753,175,23774.03,28895.875,197.158,2311.106,0,4.076,5482756.812,10.226
8754,175,24172.246,29236.751,142.079,1038.857,0,2.935,2843306.182,10.215
8755,175,26632.698,12778.737,132.417,1972.612,0,3.443,3911613.831,6.584
8756,175,26817.627,12646.081,40.056,70.356,79.769,1.552,794826.076,10.971
8757,175,27361.899,14713.386,8.015,23.212,73.098,5.694,10699308.69,12.238
8758,175,27844.115,15371.409,150.561,2685.82,0,6.673,14695482.117,7.716
8759,175,28251.035,14833.826,197.17,4404.344,0,6.996,16150280.552,8.104
8760,175,28284.175,15817.839,206.569,3693.591,0,2.831,2644601.638,7.381
8761,175,28747.886,15750.539,60.824,138.931,79.464,3.916,5060949.546,14.749
8762,175,28925.416,16027.306,247.795,6871.263,0,6.337,13253707.241,7.809
8763,175,32439.66,26191.571,68.717,115.992,66.178,7.62,19161665.884,32.535
8764,175,32812.961,27066.727,176.319,2156.677,0,3.677,4460711.319,8.948
8765,175,32782.025,26257.637,52.585,103.943,39.86,1.723,979843.03,11.697
8766,175,33426.503,27862.042,125.059,1132.723,0,7.66,19365240.498,12.161
8767,175,33870.971,28293.595,55.039,50.49,40.109,2.146,1520517.528,20.605
8768,175,34072.582,27576.024,50.559,83.633,48.659,4.664,7178529.773,18.611
8769,175,35358.192,29275.254,7.282,51.843,41.424,4.919,7985414.716,6.133
8770,175,35626.325,27637.727,207.846,2503.581,0,3.051,3071068.105,9.527
8771,175,35555.988,28292.472,139.25,1189.287,0,6.268,12966482.792,12.278
8772,175,35800.85,25516.192,5.842,26.738,50.14,2.497,2057877.052,7.492
8773,175,35751.842,29769.425,69.174,138.055,46.912,3.604,4286925.387,16.982
8774,175,35855.895,24462.805,149.5,1214.138,0,4.823,7675578.451,11.736
8775,175,35993.966,30371.854,151.62,1555.469,0,4.397,6379430.138,9.664
8776,175,36382.203,25478.922,45.645,110.409,69.822,1.311,566938.031,9.534
8777,175,36358.028,27201.804,63.329,69.334,43.817,1.8,1068946.563,18.616
8778,175,36414.675,26618.091,169.315,1522.785,0,4.031,5362559.292,11.026
8779,176,10020.011,38917.128,61.32,227.47,64.567,3.76,4664457.214,10.345
8780,176,10423.401,39273.954,45.622,125.622,79.662,7.06,16450933.968,15.039
8781,176,10547.593,33169.998,148.312,1928.381,0,7.841,20290181.45,10.523
8782,176,10543.104,33863.165,80.997,300.49,43.707,1.15,436177.898,9.763
8783,176,10562.889,37118.977,4.742,56.804,89.028,5.607,10373838.898,5.693
8784,176,10679.209,34757.448,151.62,2845.594,0,5.888,11441417.146,7.119
8785,176,10676.644,36662.05,156.723,3095.811,0,5.015,8300113.59,6.673
8786,176,10639.199,38636.968,3.595,59.918,83.778,3.685,4480570.367,4.793
8787,176,10800.124,35519.98,1.008,91.255,83.243,5.015,8301241.797,3.871
8788,176,10814.518,38444.366,174.397,2941.204,0,7.268,17430836.372,9.314
8789,176,10963.063,33601.052,10.482,44.67,95.352,3.002,2974597.704,6.472
8790,176,11113.007,34281.019,200.627,5511.159,0,5.46,9839822.599,6.464
8791,176,11157.35,37262.177,70.125,325.44,95.53,4.631,7077498.747,10.386
8792,176,11203.833,36723.635,9.073,54.585,77.035,7.689,19509924.044,7.664
8793,176,11329.35,34990.511,173.381,4555.409,0,8.117,21743815.606,7.031
8794,176,11311.645,36001.152,3.321,26.474,91.677,5.216,8979977.125,9.356
8795,176,21892.134,29857.071,84.253,190.492,54.445,3.43,3881867.689,17.2
8796,176,22720.21,30160.447,2.015,56.81,59.856,2.997,2964453.582,4.691
8797,176,22799.889,29359.023,1.428,69.217,51.62,7.596,19041440.608,5.38
8798,176,23088.112,29219.444,164.166,1805.178,6.71,3.367,3740690.912,8.944
8799,176,23394.655,29711.995,127.76,1051.941,32.229,5.548,10159142.437,11.108
8800,176,24162.3,29147.449,162.586,1556.782,0,4.09,5520649.148,10.334
8801,176,26632.052,12926.022,190.307,4174.945,0,5.141,8722423.933,7.106
8802,176,26615.518,13156.48,158.131,2894.66,0,9.821,31829797.632,9.635
8803,176,26808.695,12618.144,106.279,644.711,38.782,3.778,4709578.07,10.379
8804,176,26866.965,13541.819,151.421,2350.169,0,5.311,9309687.458,7.799
8805,176,27045.198,14205.331,174.058,2168.467,0,5.643,10510618.053,10.286
8806,176,27184.084,13096.209,150.407,2170.51,0,6.845,15464509.142,9.114
8807,176,27316.375,13385.403,151.066,2145.835,0,4.674,7208124.029,7.912
8808,176,27360.029,14641.153,1.789,67.034,71.11,6.288,13048794.117,5.09
8809,176,27721.869,14071.435,146.438,1653.761,0,2.288,1727749.699,7.684
8810,176,27839.776,15358.845,3.563,35.032,85.527,5.515,10036694.181,7.823
8811,176,28228.418,15837.957,128.497,1611.845,0,3.846,4881052.375,7.342
8812,176,28247.657,14890.938,177.052,3667.007,0,6.929,15845188.553,7.894
8813,176,28917.391,15965.07,71.073,109.684,87.365,3.253,3492595.883,19.918
8814,176,32437.158,26151.603,117.056,1277.395,0,5.81,11141625.566,8.69
8815,176,33416.828,27919.308,57.909,98.611,30.047,3.346,3695439.703,16.501
8816,176,34011.851,27505.807,129.1,1139.595,0,4.957,8110927.78,10.099
8817,176,34323.845,28854.727,170.074,1611.8,0,4.048,5406616.625,10.684
8818,176,35338.472,30346.585,175.685,1843.285,0,3.701,4519746.121,9.883
8819,176,35483.82,28274.831,76.789,269.195,25.337,3.178,3332942.431,11.568
8820,176,35678.668,27682.585,5.608,51.365,57.633,6.299,13092696.951,6.543
8821,176,35839.778,24484.469,9.308,53.333,34.504,2.46,1996759.344,5.462
8822,176,35789.22,29852.363,142.578,1563.957,0,3.535,4124383.827,8.322
8823,176,35947.467,30303.347,82.268,325.193,45.474,4.656,7154875.425,12.968
8824,176,36351.173,25562.343,60.712,142.811,62.067,2.879,2735647.03,12.751
8825,176,36448.315,26617.126,134.787,1071.373,0,2.771,2534405.239,9.278
8826,177,9992.185,38923.497,78.313,402.623,70.169,6.7,14814632.27,12.473
8827,177,10341.088,37979.535,202.391,4016.405,0,5.311,9307702.435,8.003
8828,177,10549.729,33837.351,77.848,296.194,45.333,2.356,1831711.979,10.253
8829,177,10487.627,39127.749,195.877,4388.034,0,7.756,19852213.145,8.465
8830,177,10642.911,33395.463,81.505,392.308,48.229,4.135,5641577.406,10.623
8831,177,10689.514,34734.732,153.228,3068.05,0,5.986,11823180.975,6.901
8832,177,10708.113,36613.85,78.916,255.347,77.209,5.277,9190399.282,15.741
8833,177,10728.163,32979.829,164.655,2264.265,0,4.244,5943805.89,8.285
8834,177,10887.208,35514.548,9.533,61.406,94.195,4.4,6389214.183,5.657
8835,177,10942.543,33599.214,298.022,9601.365,0,3.703,4524033.065,6.779
8836,177,11042.374,37770.101,188.087,3152.347,0,4,5281373.762,7.801
8837,177,11152.316,34346.606,104.902,530.129,92.185,2.877,2731874.58,10.681
8838,177,11119.353,37274.028,5.753,42.568,96.841,5.2,8922189.68,6.908
8839,177,11314.471,34941.833,159.388,3763.436,0,10.358,35409165.494,8.159
8840,177,11324.944,35537.412,45.732,71.01,110.27,3.834,4851204.947,16.52
8841,177,21659.501,30634.03,180.271,1847.699,0,2.953,2877160.7,9.579
8842,177,21864.59,29876.057,139.681,2113.324,0,6.549,14155031.28,8.178
8843,177,22760.639,30140.767,106.231,849.797,21.608,2.765,2522587.453,8.065
8844,177,23129.988,29146.696,163.403,2118.023,0,6.755,15060100.363,10.439
8845,177,23437.242,29687.203,6.451,53.332,75.916,4.906,7942890.773,5.884
8846,177,24158.738,29278.723,21.15,50.033,39.005,4.166,5726413.776,9.721
8847,177,26657.898,12933.526,228.569,5840.339,0,4.219,5874774.88,6.847
8848,177,26637.877,13197.062,6.835,48.898,95.739,4.659,7163405.936,6.187
8849,177,26883.455,12641.499,9.143,43.858,65.64,2.68,2369869.265,6.155
8850,177,26959.833,14167.98,3.696,27.675,56.936,8.556,24157866.034,12.455
8851,177,27160.778,13030.471,152.882,2862.361,0,7.485,18488889.286,7.936
8852,177,27319.594,14639.84,95.803,608.527,39.298,3.343,3687104.365,9.113
8853,177,28160.987,15763.56,3.261,56.411,68.161,7.416,18147381.761,6.316
8854,177,28242.529,14892.953,213.72,5491.826,0,5.441,9768804.785,7.03
8855,177,28812.314,15501.773,124.293,1381.222,0,2.492,2049687.608,7.167
8856,177,28951.577,16023.124,645.609,37828.479,0,3.211,3402323.919,7.308
8857,177,32485.633,26107.324,41.049,67.166,43.298,2.917,2808506.576,13.377
8858,177,32796.302,27062.787,159.092,1525.742,0,4.391,6361533.891,10.451
8859,177,33524.002,28001.306,7.053,46.604,40.529,6.078,12190397.035,7.174
8860,177,34238.894,28835.891,53.755,122.56,40.52,2.573,2184387.345,11.795
8861,177,34773.094,28478.001,190.51,1804.537,0,2.816,2616257.731,10.285
8862,177,35419.421,30421.764,111.961,1030.186,0,3.46,3951035.486,7.995
8863,177,35646.118,27690.202,104.112,543.704,37.192,5.136,8706581.076,13.009
8864,177,35839.332,29838.76,3.075,75.075,42.52,5.164,8799660.474,4.483
8865,177,36240.292,27202.349,3.95,50.133,49.035,3.928,5090911.124,5.451
8866,177,36369.603,25526.097,64.684,166.014,54.432,3.212,3405024.428,12.948
8867,177,36324.093,26637.338,6.138,35.321,41.813,6.59,14330379.392,9.031
8868,178,9998.997,38961.738,4.705,88.252,95.847,14.45,68910475.595,6.834
8869,178,10417.704,37991.127,224.465,4999.612,0,4.492,6659097.534,7.508
8870,178,10406.964,39227.622,38.458,118.61,89.013,3.579,4228215.789,9.125
8871,178,10558.822,33840.117,1.157,24.472,59.941,4.467,6586062.826,8.987
8872,178,10631.831,33413.224,198.956,3387.792,0,5.874,11387737.012,9.177
8873,178,10665.055,34714.427,64.844,162.393,102.768,8.527,23994648.222,23.823
8874,178,10695.949,36689.225,128.845,1460.598,32.211,5.235,9045077.852,8.648
8875,178,10760.067,38489.866,6.165,20.341,89.866,6.807,15293369.082,14.57
8876,178,10956.468,33577.906,73.286,138.36,77.567,4.441,6509758.77,20.744
8877,178,11122.664,34242.115,1.981,45.003,108.01,7.645,19289971.088,7.53
8878,178,11120.897,36880.592,5.387,68.635,83.843,4.215,5862189.412,4.684
8879,178,11108.647,37251.86,252.224,7432.069,0,5.337,9398291.11,7.11
8880,178,11280.657,34962.29,3.947,67.159,123.964,5.506,10005093.473,4.978
8881,178,11361.344,35516.75,7.193,72.25,116.926,7.776,19952122.232,5.861
8882,178,11324.298,35975.407,144.185,1339.932,32.772,3.616,4316245.745,9.368
8883,178,21797.875,29919.386,144.087,2232.57,0,7.972,20973753.915,9.058
8884,178,22556.549,29548.272,37.057,45.225,58.27,2.818,2620334.135,15.446
8885,178,22749.757,30165.457,120.547,1142.273,0,5.281,9205769.051,9.413
8886,178,23516.676,29680.115,7.926,63.016,59.197,5.327,9366156.587,5.629
8887,178,26590.699,13010.627,222.918,6274.348,0,4.662,7171999.294,6.507
8888,178,26801.428,13510.265,11.264,55.616,89.107,4.939,8049581.6,6.637
8889,178,26825.048,12559.282,118.481,1042.339,1.854,6.492,13910732.918,10.85
8890,178,27177.409,13152.941,45.448,103.808,86.324,3.442,3910045.552,11.878
8891,178,27220.088,14547.074,176.845,2866.981,0,5.949,11679153.892,8.797
8892,178,27594.399,15018.934,109.036,324.216,49.841,3.609,4299490.415,17.179
8893,178,28258.503,14862.398,35.175,56.744,98.323,5.725,10818040.692,17.822
8894,178,28865.626,15559.017,144.842,2203.432,0,6.324,13199079.781,8.226
8895,178,32531.681,26147.644,125.16,1168.154,0,5.459,9834418.426,9.906
8896,178,32721.107,27039.144,1.909,32.791,44.389,3.997,5272872.044,7.036
8897,178,33380.831,27830.093,62.326,92.338,45.016,4.367,6292592.355,22.354
8898,178,33867.978,27424.609,176.813,2081.431,0,5.817,11167700.455,11.016
8899,178,34232.518,28826.016,116.316,843.268,0,4.631,7077300.554,10.516
8900,178,35442.978,30402.595,144.421,1775.089,0,3.38,3770766.166,7.738
8901,178,35765.037,25398.401,87.664,319.147,20.041,2.552,2149801.006,11.457
8902,178,35832.427,24419.926,54.06,73.573,30.247,3.777,4707078.689,19.983
8903,178,35775.844,27588.491,156.068,2227.704,0,2.182,1571264.918,6.949
8904,178,35988.439,30341.932,134.689,1474.011,0,5.869,11366685.192,9.599
8905,178,36322.495,25599.641,8.457,34.82,50.08,4.41,6416860.386,8.008
8906,178,36382.749,27247.549,95.566,257.375,39.958,2.393,1889421.068,14.351
8907,178,37121.394,26642.167,8.008,36.887,26.511,3.063,3095481.297,6.792
8908,179,10004.759,38962.918,140.511,1955.147,34.14,4.615,7027465.185,7.628
8909,179,10398.152,37995.342,210.252,4469.065,0,2.804,2595396.311,6.743
8910,179,10429.565,39202.207,190.275,4491.16,0,4.841,7733655.514,6.656
8911,179,10557.27,33808.538,75.337,264.653,53.407,3.597,4270358.891,11.926
8912,179,10582.488,37285.599,218.182,4453.614,0,5.025,8333673.477,8.094
8913,179,10638.049,33440.055,6.961,49.451,75.256,5.001,8254299.799,6.317
8914,179,10716.636,32947.542,132.935,1405.718,0,4.152,5690252.008,8.532
8915,179,10720.269,34639.205,4.532,50.077,108.542,4.764,7488535.135,5.828
8916,179,10707.817,36633.749,7.333,18.693,110.991,7.037,16343807.962,16.648
8917,179,10811.594,35489.48,181.441,2380.387,19.574,2.56,2163600.442,8.073
8918,179,10930.724,33607.204,52.004,63.7,77.685,3.327,3653539.706,19.759
8919,179,11172.876,34276.928,48.846,133.448,107.993,5.039,8378147.249,12.854
8920,179,11153.438,37203.077,32.704,58.152,108.667,3.686,4483350.456,12.584
8921,179,11323.471,35103.017,103.179,558.854,85.609,5.127,8673265.957,12.561
8922,179,11348.647,35553.042,60.852,186.762,74.818,6.634,14524314.626,15.831
8923,179,21650.713,30653.58,116.482,950.579,0,3.149,3271704.227,8.62
8924,179,21821.33,29967.081,155.978,2793.582,0,6.531,14075973.291,7.812
8925,179,22701.473,29420.278,130.283,895.811,24.628,3.512,4070153.943,10.605
8926,179,23248.781,29130.562,170.309,1836.246,0,5.46,9838177.124,11.091
8927,179,23520.843,29683.068,8.361,78.418,68.786,3.552,4164234.765,4.498
8928,179,23749.017,28856.356,138.042,1146.677,0,2.242,1658952.739,8.828
8929,179,26770.166,13447.601,218.166,5309.259,0,6.775,15149613.936,8.067
8930,179,26843.079,12591.819,153.459,1602.977,0,3.54,4134910.721,8.981
8931,179,26869.213,13894.829,77.192,256.972,46.561,4.985,8201925.784,14.668
8932,179,27138.317,13019.165,147.611,2381.482,0,4.359,6270068.042,7.039
8933,179,27216.421,14516.116,168.831,2508.4,0,4.512,6717828.908,8.157
8934,179,27340.895,13476.145,144.053,2173.442,0,5.168,8812994.73,7.62
8935,179,28222.198,14877.458,187.907,4264.645,0,5.932,11613731.159,7.234
8936,179,28578.724,15913.562,15.753,45.148,86.102,3.295,3584044.576,7.867
8937,179,28804.302,15564.895,137.707,1743.151,0,4.102,5553496.364,7.739
8938,179,28957.82,16081.257,7.058,43.347,70.053,4.536,6790396.775,6.687
8939,179,32356.611,26579.797,68.912,146.054,30.515,1.969,1278817.695,13.171
8940,179,32574.262,26129.812,152.633,1827.087,0,6.247,12880459.693,10.125
8941,179,33022.724,27338.166,54.751,75.692,36.485,2.22,1626330.017,15.756
8942,179,34841.39,28481.878,3.662,17.992,40.727,4.878,7853670.994,12.244
8943,179,34835.987,29738.387,136.612,1290.788,0,4.839,7726486.435,9.902
8944,179,35585.442,27732.264,59.882,117.159,44.626,3.255,3497513.494,15.038
8945,179,35753.14,27603.363,8.726,31.949,56.399,3.986,5243680.692,8.242
8946,179,35804.411,25455.282,146.891,1579.001,0,4.766,7495387.454,9.445
8947,179,35900.329,24442.373,170.239,1471.998,0,3.064,3098711.051,10.386
8948,179,36016.194,30367.266,103.442,707.281,16.456,4.393,6367602.39,9.929
8949,179,36402.645,25408.282,98.903,429.414,16.726,1.722,978336.11,10.273
8950,179,36476.528,27240.87,4.642,31.798,50.757,3.528,4108356.861,7.161
8951,180,10032.813,38929.111,118.775,1322.987,47.628,3.828,4835634.398,7.534
8952,180,10200.127,38400.922,2.067,25.869,83.151,7.116,16709416.817,11.311
8953,180,10318.857,37999.468,17.173,54.08,81.229,3.15,3274134.409,7.309
8954,180,10438.357,39215.209,61.883,141.606,104.124,4.3,6103058.143,15.612
8955,180,10564.19,37281.079,7.431,39.641,74.624,7.568,18899181.267,9.29
8956,180,10708.464,34640.897,8.549,51.355,104.068,7.033,16324472.24,7.516
8957,180,10659.084,36717.165,39.752,71.293,106.359,7.975,20990924.155,22.046
8958,180,10738.503,32942.707,125.437,1344.312,0,5.52,10056665.204,9.028
8959,180,10702.796,38592.544,199.922,4238.147,0,7.057,16436158.166,8.544
8960,180,10872.149,38358.492,146.622,2109.626,0,2.213,1616872.275,6.701
8961,180,10985.137,33630.526,92.179,711.453,34.316,3.826,4831916.361,8.164
8962,180,11036.627,37837.956,54.809,116.501,63.822,4.143,5664141.841,15.027
8963,180,11153.794,34244.506,76.534,331.535,87.086,5.144,8731610.781,12.123
8964,180,11113.949,37280.584,143.839,1656.001,42.687,4.254,5971672.891,8.547
8965,180,11323.911,35066.675,166.917,4226.56,0,5.817,11169319.536,6.179
8966,180,21656.163,30625.396,122.997,1014.184,0,4.071,5468532.957,9.512
8967,180,21736.49,30012.451,188.204,3182.524,0,7.108,16674860.519,9.725
8968,180,22521.075,29452.004,30.089,32.221,70.115,4.34,6215513.577,19.595
8969,180,22720.668,30162.35,4.103,44.969,61.179,2.829,2641809.331,5.455
8970,180,23081.746,29197.791,86.256,299.194,32.208,3.69,4492473.796,13.235
8971,180,23173.233,29887.776,129.226,1166.063,12.802,2.532,2115285.15,8.265
8972,180,23543.586,29679.794,41.674,92.319,71.973,8.968,26539797.151,20.561
8973,180,23761.408,28880.21,3.826,45.137,39.065,2.747,2490446.904,5.395
8974,180,24025.428,29372.279,139.343,1288.973,0,5.786,11047578.163,11.066
8975,180,26628.719,13147.821,193.159,5257.528,0,8.415,23370032.242,7.54
8976,180,26875.793,13860.908,152.883,2305.076,0,5.014,8298136.173,7.844
8977,180,27144.899,13095.675,203.531,5045.801,0,7.077,16530353.028,7.725
8978,180,27206.161,14449.528,52.525,135.254,60.348,4.666,7184681.277,13.471
8979,180,27655.902,15130.876,147.609,1640.264,0,1.841,1118402.632,7.615
8980,180,27832.752,15352.902,161.384,1988.138,0,2.959,2889979.407,8.028
8981,180,28249.273,14876.571,186.459,4238.309,0,9.254,28259928.771,8.886
8982,180,28847.429,15536.343,118.173,1357.444,0,4.362,6279502.072,7.626
8983,180,28960.945,16083.272,3.47,54.505,69.572,5.63,10460265.246,5.739
8984,180,32639.899,26960.366,0.799,52.067,37.49,4.307,6120525.894,5.287
8985,180,32677.854,26161.25,130.985,1253.342,0,8.584,24316696.911,12.98
8986,180,33034.61,27329.266,73.251,215.918,35.109,3.746,4631174.876,13.476
8987,180,33404.785,27856.141,48.381,88.847,41.839,4.514,6725164.874,16.367
8988,180,33761.225,28160.225,4.688,53.546,44.279,5.22,8991006.081,5.767
8989,180,33919.453,27440.592,7.349,33.684,49.51,2.475,2021554.985,6.753
8990,180,34800.252,28400.798,0.974,64.006,38.741,2.117,1479088.97,4.213
8991,180,35800.283,25490.888,122.782,1245.27,0,5.144,8731137.24,8.987
8992,180,35924.632,24518.408,203.835,2071.002,0,5.947,11673047.126,13.919
8993,180,36396.026,25443.654,3.664,23.84,45.862,2.177,1564232.183,7.513
8994,181,10175.351,38631.643,239.465,5917.122,0,4.288,6068446.074,7.226
8995,181,10367.479,38070.718,165.31,2991.174,0,4.369,6298962.784,7.023
8996,181,10468.437,39208.8,42.217,99.737,103.179,5.841,11260150.089,14.456
8997,181,10576.594,37234.629,112.482,756.111,41.441,4.701,7294631.471,10.919
8998,181,10673.746,36765.269,192.8,4725.896,0,5.469,9870858.491,6.793
8999,181,10738.416,33453.225,236.903,5654.165,0,5.768,10979410.203,8.094
9000,181,10680.169,34719.921,0.56,38.137,114.011,6.626,14489690.685,7.838
9001,181,10717.275,36237.387,196.852,3609.513,0,8.799,25551553.156,10.689
9002,181,10877.282,38365.719,181.054,3045.361,0,5.969,11759902.799,8.723
9003,181,10945.082,33602.914,223.897,5148.062,0,3.915,5056958.901,7.09
9004,181,11047.887,37684.288,169.77,2670.494,0,6.248,12884757.24,8.93
9005,181,11156.763,34282.931,124.245,973.664,52.898,2.976,2922056.703,9.062
9006,181,11121.013,37282.733,4.384,63.701,94.21,5.636,10484246.947,5.239
9007,181,11332.396,35056.533,92.035,671.345,78.24,4.402,6395347.906,8.831
9008,181,11328.089,35533.062,189.108,4339.377,0,4.964,8130703.275,6.8
9009,181,21743.293,30016.302,192.587,3030.342,0,4.695,7273379.212,8.671
9010,181,21699.132,30643.591,112.957,568.568,10.094,2.34,1807065.631,10.656
9011,181,22070.672,29733.395,173.328,2303.195,0,6.291,13059091.089,10.309
9012,181,22457.667,29491.336,130.128,1485.076,0,4.419,6443799.781,8.164
9013,181,22714.981,30181.883,50.8,96.371,52.371,3.017,3003604.858,13.6
9014,181,22818.601,29380.115,250.193,4513.761,0,3.84,4866235.752,8.808
9015,181,23160.949,29945.632,129.818,1435.412,0,2.962,2895542.572,7.555
9016,181,23518.851,29678.868,4.187,61.591,61.074,2.469,2011491.321,4.495
9017,181,24006.072,29389.261,221.164,2832.254,0,2.891,2758442.125,9.408
9018,181,26551.24,13148.058,162.28,3235.884,0,7.487,18500273.372,7.908
9019,181,26795.934,13437.444,9.573,51.791,106.932,2.15,1525712.899,5.51
9020,181,26904.21,13933.822,56.95,133.461,53.804,2.662,2338493.655,12.055
9021,181,27167.186,13155.176,215.859,7406.59,0,6.981,16081018.708,6.356
9022,181,27178.409,14401.572,95.016,340.136,34.678,2.111,1470704.307,11.612
9023,181,28234.44,14848.462,46.204,113.372,96.432,5.5,9981622.37,14.216
9024,181,32330.902,26516.888,152.109,1263.554,0,5.384,9566379.745,12.336
9025,181,32801.463,26212.257,29.353,61.434,58.362,7.564,18879449.486,16.122
9026,181,33038.023,27315.892,86.373,346.721,32.214,2.957,2885229.433,11.105
9027,181,33922.074,27438.149,8.399,24.937,52.928,4.631,7076300.22,10.42
9028,181,34761.16,28448.69,98.911,381.446,15.089,2.531,2113563.507,11.829
9029,181,34914.523,29831.237,52.884,82.432,44.761,3.499,4040915.347,17.064
9030,181,35525.45,30482.287,12.148,38.98,52.841,6.985,16100347.275,10.635
9031,181,35597.277,27673.229,7.883,36.346,48.328,3.321,3639370.777,6.97
9032,181,35800.718,25524.536,3.352,27.035,69.927,5.423,9706559.951,9.404
9033,181,35845.678,29995.039,77.332,193.122,54.716,3.883,4975901.57,16.031
9034,181,35922.027,24482.84,4.995,53.983,36.352,3.261,3508910.996,5.1
9035,181,35992.208,30302.994,140.504,1642.67,0,6.479,13852640.875,9.883
9036,181,36323.453,27273.914,8.876,39.062,56.016,3.597,4269801.992,7.001
9037,181,37280.365,26159.342,2.958,38.991,30.31,5.368,9508247.922,7.08
9038,181,37207.154,26668.645,112.671,541.295,0,2.403,1905473.12,11.006
9039,182,10077.095,38878.651,2.501,52.966,90.408,4.785,7556738.517,5.459
9040,182,10398.224,37999.536,1.681,56.084,83.498,4.339,6213780.574,5.077
9041,182,10687.577,32960.353,143.272,1616.16,0,4.24,5933731.507,8.632
9042,182,10719.708,34734.279,181.094,4440.086,0,7.597,19048725.876,7.4
9043,182,10712.227,36719.941,8.007,37.83,119.403,5.995,11862043.034,8.575
9044,182,10797.344,36319.788,15.477,53.2,91.09,4.726,7371950.684,7.864
9045,182,10798.269,38561.216,2.24,48.741,86.679,8.677,24849689.68,7.644
9046,182,11068.688,37752.218,86.361,276.646,61.201,4.637,7095595.135,15.701
9047,182,11129.61,34297.517,252.464,7342.467,0,4.58,6923290.877,6.856
9048,182,11150.243,37309.939,101.27,677.584,50.756,3.83,4839841.172,9.478
9049,182,11359.68,35039.413,2.906,88.8,117.693,6.825,15371314.585,4.377
9050,182,11339.813,35511.743,175.485,4345.18,0,4.408,6412688.435,6.009
9051,182,21680.115,30000.87,8.739,51.943,85.496,4.871,7830795.322,6.367
9052,182,21694.902,30623.825,161.389,1696.122,0,2.663,2341462.039,8.651
9053,182,22045.411,29725.189,158.383,1931.917,0,3.171,3319262.103,8.099
9054,182,22685.286,30177.367,71.506,168.964,49.39,4.841,7732508.968,17.933
9055,182,22809.943,29398.927,55.097,42.518,65.293,3.496,4033489.347,30.54
9056,182,23041.358,29158.363,3.667,28.888,54.171,3.759,4663588.765,7.66
9057,182,23144.859,29905.94,134.573,639.02,35.725,1.382,630731.447,11.234
9058,182,23523.783,29675.198,78.748,117.221,44.052,5.986,11824433.458,33.317
9059,182,23939.029,29334.372,63.072,86.52,45.947,3.355,3714980.94,20.494
9060,182,26600.193,13203.26,72.081,214.737,112.01,8.009,21169918.577,21.033
9061,182,27217.197,13171.762,118.326,1669.712,45.718,9.456,29510838.358,9.273
9062,182,28544.708,15943.093,190.939,3658.022,0,5.179,8851183.2,7.813
9063,182,28869.995,15547.961,152.33,2069.626,0,5.37,9515808.125,8.617
9064,182,28960.078,16157.498,3.409,87.794,76.034,5.761,10951814.673,4.201
9065,182,32319.242,26535.442,121.334,951.564,0,4.633,7083333.85,10.237
9066,182,32723.602,26157.864,6.426,49.9,59.405,2.948,2867262.329,5.407
9067,182,33069.595,27368.992,145.606,1527.002,0,5.291,9238374.719,9.977
9068,182,33821.757,28263.347,152.598,1308.883,0,5.328,9367965.445,12.004
9069,182,33968.266,27499.806,61.874,91.616,44.02,4.881,7862573.825,23.974
9070,182,34799.895,28479.99,0.243,26.612,46.371,2.461,1999017.54,7.011
9071,182,34834.285,29749.489,77.848,172.2,37.281,3.546,4149804.208,16.855
9072,182,35519.845,30407.057,7.413,57.62,52.789,4.261,5990545.382,5.493
9073,182,35848.315,25875.342,54.345,66.087,43.524,5.344,9425388.308,27.734
9074,182,35809.427,30063.126,190.983,3001.135,0,3.682,4474549.535,8.028
9075,182,35937.911,30335.607,157.725,1684.628,0,3.19,3358948.756,8.773
9076,182,36359.276,27368.486,84.097,344.474,27.182,2.737,2472526.897,10.576
9077,183,9998.799,38906.481,91.849,318.396,56.279,3.774,4701286.109,13.933
9078,183,10229.827,38565.197,240.213,6001.23,0,4.906,7943502.76,7.475
9079,183,10396.899,38005.744,228.239,4833.574,0,6.608,14410356.657,9.124
9080,183,10430.222,39198.251,167.909,2905.69,0,4.5,6681822.523,7.355
9081,183,10551.943,37333.169,67.756,242.104,65.93,6.6,14377464.259,14.986
9082,183,10639.926,33480.452,2.852,28.406,84.798,3.831,4844397.346,7.712
9083,183,10689.717,34841.655,155.749,3043.704,0,4.922,7994890.242,6.657
9084,183,10710.508,36677.549,205.737,5021.225,0,5.647,10523686.263,7.187
9085,183,10716.225,32957.08,7.861,53.09,53.471,6.248,12883513.495,6.761
9086,183,10790.701,38432.622,217.766,4918.099,0,7.698,19555821.547,9.073
9087,183,10960.433,33622.911,62.461,176.79,77.296,2.85,2681316.735,11.44
9088,183,11056.657,34311.614,200.587,4892.698,0,7.985,21044110.106,8.2
9089,183,11073.926,37759.995,2.503,33.525,73.178,2.893,2762681.127,6.386
9090,183,11111.987,37222.295,222.793,4990.354,0,4.21,5850522.339,7.315
9091,183,11315.129,35077.614,214.225,6517.51,0,6.615,14440861.341,6.732
9092,183,11353.775,35544.727,179.188,4021.764,0,8.37,23122353.881,8.231
9093,183,21469.28,30187.316,150.615,1890.008,0,5.315,9323619.418,9.004
9094,183,21668.152,30665.541,101.783,729.544,0,7.062,16457343.274,11.947
9095,183,21739.668,29995.439,192.239,3927.068,0,7.769,19921448.718,8.964
9096,183,22066.931,29714.412,158.969,2071.022,0,9.421,29292755.305,12.483
9097,183,22678.752,30184.521,71.732,320.006,50.191,10.707,37833720.781,18.359
9098,183,22797.634,29361.181,11.327,57.327,63.326,3.783,4722905.759,6.013
9099,183,23160.467,29131.85,138.719,1438.191,0,4.175,5752939.377,8.895
9100,183,23521.601,29680.513,3.342,53.599,62.329,7.114,16703261.336,6.435
9101,183,26557.538,12801.761,162.991,2541.187,0,5.911,11532691.109,8.522
9102,183,26623.519,13229.694,180.538,4450.127,0,6.009,11917474.87,6.69
9103,183,27177.491,13143.409,78.034,362.732,98.963,5.907,11514050.069,12.525
9104,183,27197.418,14400.897,154.521,1642.236,0,2.972,2915405.042,8.558
9105,183,27815.121,15311.676,206.23,3581.658,0,4.931,8023961.792,8.64
9106,183,28252.622,14941.777,177.391,3163.647,0,5.841,11260066.824,8.174
9107,183,28878.496,15521.814,3.916,40.582,61.15,3.723,4574395.935,6.138
9108,183,28966.332,16114.928,206.326,4571.668,0,4.519,6738279.836,7.154
9109,183,32307.311,26495.305,139.22,1210.879,0,4.205,5835581.595,10.058
9110,183,32754.617,26154.728,111.089,1215.956,0,5.135,8703870.088,7.981
9111,183,33003.08,27364.202,136.893,1099.985,0,3.352,3708387.766,9.746
9112,183,33616.71,26918.626,137.696,1032.051,0,4.21,5849227.911,11.072
9113,183,33762.581,28197.341,185.272,1849.974,0,2.387,1880442.021,9.468
9114,183,34012.217,27551.023,46.873,78.23,45.88,4.952,8093766.907,18.334
9115,183,35520.726,27765.952,9.196,31.694,42.549,4.313,6140205.19,8.681
9116,183,35440.692,30407.436,8.394,38.656,69.721,3.734,4601985.836,7.027
9117,183,35830.54,25895.634,58.979,73.927,38.721,3.091,3152065.231,20.159
9118,183,35858.527,24526.577,59.797,86.948,30.207,2.358,1835155.733,16.303
9119,183,35823.517,29972.271,158.917,2506.131,0,2.929,2831848.893,6.877
9120,183,36336.478,27324.756,183.347,2024.037,0,2.441,1966965.756,8.908
9121,183,37237.425,25977.687,112.6,563.117,0,1.847,1125375.484,10.26
9122,184,10191.614,38507.796,0.235,25.264,101.664,9.094,27292620.083,13.656
9123,184,10278.756,39375.724,195.122,3541.132,0,5.796,11088054.613,8.598
9124,184,10584.44,33494.14,71.604,266.235,65.728,7.371,17928439.083,16.243
9125,184,10696.537,32959.338,136.413,1495.519,0,3.022,3014085.533,7.839
9126,184,10667.918,34959.539,1.385,31.358,96.664,4.892,7897399.507,7.83
9127,184,10715.992,36271.992,164.189,2982.354,0,7.049,16396910.947,8.301
9128,184,10718.652,36717.913,4.894,53.262,101.34,3.077,3123680.539,5.079
9129,184,10810.04,35440.864,261.997,6632.274,0,3.324,3646727.836,7.103
9130,184,10815.016,38458.046,53.38,99.309,73.131,0.554,101279.807,11.249
9131,184,10964.94,33560.959,62.575,187.254,76.027,2.709,2422605.686,10.901
9132,184,11036.959,37862.765,149.763,2227.842,0,10.049,33329074.025,11.114
9133,184,11145.136,34326.296,29.928,72.368,99.324,6.658,14629018.063,13.186
9134,184,11321.506,35065.682,88.89,815.875,70.081,4.387,6352069.516,7.43
9135,184,11360.841,35520.207,3.535,77.963,114.584,6.599,14373093.276,4.767
9136,184,21722.207,29997.101,147.621,2385.534,0,5.959,11719872.467,7.789
9137,184,22124.051,29703.471,181.938,2809.311,0,3.372,3752157.386,7.722
9138,184,22717.268,30162.694,8.718,41.726,60.321,6.198,12678080.433,8.284
9139,184,23477.667,29709.009,133.559,1646.976,0,9.793,31648121.001,11.653
9140,184,26557.201,12808.49,184.947,2738.676,0,5.085,8533420.519,9.064
9141,184,27173.201,14404.094,123.213,914.677,21.369,2.941,2853783.645,9.297
9142,184,27242.734,13220.959,155.566,3759.876,0,10.89,39139778.51,8.098
9143,184,27735.155,15215.885,44.571,73.778,74.107,3.978,5222945.589,15.822
9144,184,28149.802,14755.689,154.096,2334.454,0,3.912,5050821.928,7.314
9145,184,28567.15,16022.043,161.866,2600.63,0,5.573,10251424.868,8.107
9146,184,28846.648,15587.429,54.873,87.204,68.416,7.132,16787970.46,27.548
9147,184,28953.89,16107.242,111.616,703.645,59.848,1.556,798704.949,8.82
9148,184,32740.97,26167.437,133.319,1521.563,0,7.971,20968718.078,10.864
9149,184,33642.505,26988.913,176.806,1748.025,0,4.386,6348353.637,10.992
9150,184,33838.632,27365.793,4.86,38.329,51.84,7.473,18427946.316,8.842
9151,184,34232.242,28829.285,55.951,123.042,36.508,3.167,3309534.721,13.184
9152,184,35482.999,30463.775,196.169,2610.243,0,6.653,14605151.014,11.652
9153,184,35782.987,24700.908,157.474,1210.178,0,2.91,2795530.021,10.52
9154,184,35800.507,25521.37,5.573,10.846,54.615,5.102,8589191.613,20.01
9155,184,35921.089,30156.106,2.98,45.044,81.757,8.268,22561316.108,7.982
9156,184,36312.653,25229.315,54.621,70.919,43.182,4.335,6202242.928,22.727
9157,184,36355.898,27342.719,58.438,135.218,50.632,4.339,6213629.828,15.004
9158,185,10160.617,39441.252,4.654,67.801,68.163,4.82,7666393.323,4.812
9159,185,10214.018,38540.447,104.223,657.031,57.539,4.608,7007558.765,10.766
9160,185,10353.139,37980.37,36.892,51.247,92.029,3.112,3196805.379,14.656
9161,185,10552.727,37312.636,77.944,279.73,61.608,3.573,4214160.394,11.97
9162,185,10517.883,39034.164,70.805,187.236,80.295,4.736,7402198.461,16.08
9163,185,10639.198,33404.352,1.83,33.534,78.579,5.03,8348396.707,7.577
9164,185,10706.356,32983.099,89.922,232.581,46.356,2.855,2689327.501,15.068
9165,185,10720.576,34665.629,148.771,2601.823,0,3.371,3750349.891,6.38
9166,185,10721.73,35043.766,6.163,27.091,104.111,5.843,11268018.201,10.394
9167,185,10716.09,36311.825,5.708,36.153,89.631,4.3,6101102.28,7.177
9168,185,10693.802,36634.004,76.109,188.697,91.079,7.309,17629967.737,24.052
9169,185,10800.67,38425.767,98.145,435.171,48.322,3.803,4771847.705,12.256
9170,185,10763.362,38612.731,197.589,3347.785,0,3.16,3296215.254,7.568
9171,185,10958.006,33487.039,203.002,4230.415,0,4.519,6739760.581,7.366
9172,185,11200.012,34279.776,2.872,46.87,100.02,5.938,11634849.003,6.476
9173,185,11198.896,37203.994,3.179,67.826,99.128,6.086,12225229.838,5.063
9174,185,11330.222,35007.462,107.149,1036.812,73.09,4.118,5597124.155,7.89
9175,185,11329.458,35490.384,120.433,1173.378,59.409,4.916,7975229.24,8.964
9176,185,11295.119,36026.796,137.682,1811.72,0,4.139,5652373.487,7.568
9177,185,21731.886,29990.605,122.311,2063.279,0,6.147,12469206.964,6.753
9178,185,22156.459,29686.001,7.071,34.316,76.676,5.808,11133990,8.833
9179,185,23065.644,29199.652,164.885,2341.358,0,5.456,9824419.473,8.876
9180,185,23606.157,29631.297,63.445,204.887,49.985,10.411,35767519.174,21.897
9181,185,23759.41,28875.551,7.492,40.192,45.297,3.597,4270687.544,6.611
9182,185,24169.889,29080.159,113.659,956.089,0,3.676,4458646.986,8.664
9183,185,26562.116,12938.693,72.099,197.227,80.121,4.611,7015940.58,15.618
9184,185,26615.991,13248.921,43.926,103.234,111.382,6.129,12396243.831,15.29
9185,185,26747.429,12631.152,134.365,1519.76,0,3.742,4622379.913,7.99
9186,185,26836.919,13674.114,63.498,122.129,64.625,1.752,1013474.352,13.069
9187,185,27198.229,14411.212,150.826,1974.802,0,3.296,3584477.89,7.6
9188,185,27239.878,13185.587,180.83,4317.694,0,4.772,7516560.542,6.378
9189,185,27679.468,15115.875,6.472,70.979,71.996,5.21,8956840.37,4.968
9190,185,27708.654,14021.902,49.618,68.968,46.792,3.121,3214017.56,16.963
9191,185,28223.825,14878.27,87.907,492.123,64.044,3.156,3286735.777,9.247
9192,185,28352.049,15877.771,74.001,224.234,58.144,3.783,4723743.362,13.354
9193,185,28880.96,15530.753,7.593,52.902,64.802,4.447,6525647.086,5.904
9194,185,28962.903,16110.927,46.929,136.902,92.034,7.846,20317933.048,15.669
9195,185,32799.518,26158.177,4.249,71.123,41.25,6.405,13540221.851,5.081
9196,185,32880.177,27203.276,5.192,51.332,51.779,5.03,8351139.21,5.917
9197,185,33696.9,27038.826,23.341,39.501,52.915,1.773,1037703.24,9.747
9198,185,34800.341,29520.937,1.031,32.164,47.682,3.254,3493545.087,6.662
9199,185,35515.562,27670.753,51.274,137.628,36.063,2.654,2323754.079,10.481
9200,185,35483.761,30388.86,169.967,2312.013,0,4.91,7955819.972,8.956
9201,185,35834.894,25490.951,73.872,166.463,44.132,2.283,1719915.698,13.656
9202,185,35776.525,29786.056,162.188,1866.471,0,6.58,14288543.781,11.218
9203,185,35931.386,30144.529,152.206,2179.279,0,3.052,3073365.196,7.144
9204,185,36399.867,25275.034,6.795,43.857,39.98,3.173,3322127.31,5.969
9205,185,36322.219,27334.786,157.963,1634.989,0,3.706,4532268.45,9.32
9206,185,37279.366,25919.606,4.094,65.381,31.186,5.996,11862961.353,5.237
9207,186,10079.113,38926.587,2.53,38.942,83.086,3.84,4866708.64,6.242
9208,186,10203.286,38555.628,191.082,4017.689,0,3.91,5044695.725,6.804
9209,186,10357.687,38018.679,202.133,5447.673,0,7.047,16387160.694,7.224
9210,186,10638.431,33512.293,10.065,42.851,88.319,6.717,14889412.35,8.888
9211,186,10641.557,34710.556,6.837,58.871,100.054,8.036,21309631.529,6.902
9212,186,10697.7,35092.229,139.158,2226.702,0,6.048,12069509.137,7.58
9213,186,10719.013,36241.919,6.634,73.927,75.538,4.862,7799916.711,4.764
9214,186,10687.01,36688.124,151.907,3136.02,0,6.333,13233922.632,6.86
9215,186,10719.136,38714.257,9.461,56.525,83.262,3.851,4893272.963,5.743
9216,186,10813.182,38441.067,168.45,3020.677,0,11.19,41322939.311,11.256
9217,186,10935.361,33624.031,234.603,5722.238,0,2.855,2690712.651,6.648
9218,186,10959.715,37999.596,2.135,45.353,75.459,4.974,8164460.543,6.116
9219,186,11022.453,37741.308,234.916,5000.993,0,5.272,9173259.165,8.413
9220,186,11197.147,37273.659,3.626,42.909,98.509,4.967,8143297.838,6.47
9221,186,11324.723,35024.133,162.65,4808.343,0,7.157,16903345.32,5.874
9222,186,11361.163,35436.585,10.089,111.478,104.788,13.431,59535630.682,6.304
9223,186,21752.552,30000.498,151.322,3547.228,0,9.284,28449350.358,7.417
9224,186,22105.941,29713.4,129.771,851.382,42.001,4.166,5726596.328,11.63
9225,186,22745.142,30142.826,174.736,2296.067,0,3.858,4911024.956,8.614
9226,186,23087.212,29211.935,161.935,2142.94,0,2.987,2945033.137,7.724
9227,186,23521.61,29679.49,11.741,55.711,65.618,6.162,12528700.567,7.401
9228,186,23764.785,28879.005,5.871,45.121,46.442,5.033,8360144.948,6.563
9229,186,24153.608,29105.248,181.259,1735.485,0,4.567,6883362.055,11.642
9230,186,26643.011,13272.194,158.279,3074.083,0,2.646,2311169.212,6.026
9231,186,26881.987,12965.206,8.859,71.268,91.829,5.947,11672330.81,5.539
9232,186,27199.045,14400.549,4.16,48.466,65.783,5.709,10756684.936,6.34
9233,186,27216.211,13178.347,132.853,2504.958,0,7.733,19733294.783,7.255
9234,186,27684.93,15118.324,166.287,2422.295,0,2.533,2117294.751,7.231
9235,186,27860.623,14281.054,192.923,2501.418,0,6.764,15100224.811,11.853
9236,186,28256.45,14864.954,61.498,240.464,92.806,7.065,16473903.368,13.601
9237,186,28343.36,15878.47,49.488,78.593,57.329,5.655,10554303.955,21.584
9238,186,28636.057,16068.35,7.263,36.151,66.916,5.281,9204810.08,8.142
9239,186,28969.684,16093.904,25.997,68.242,92.629,3.375,3760147.401,8.744
9240,186,32321.163,26398.635,4.433,37.93,36.603,3.319,3636301.679,6.273
9241,186,32706.332,26163.337,169.729,1740.647,0,2.96,2892048.153,9.239
9242,186,33606.148,26936.906,160.552,1510.071,0,2.9,2775159.261,9.38
9243,186,33922.332,27438.763,2.967,24.768,57.687,5.432,9738763.61,10.018
9244,186,34244.868,28820.749,88.68,371.717,14.816,2.736,2469496.088,10.745
9245,186,34825.416,29646.628,73.489,144.785,42.207,4.49,6652291.223,20.214
9246,186,34830.259,28476.206,148.791,1054.512,0,3.63,4347560.406,11.455
9247,186,35586.646,30474.913,162.332,1662.91,0,2.466,2006693.051,8.695
9248,186,35757.958,29754.161,9.378,35.656,53.558,5.243,9072844.243,8.758
9249,186,35818.597,25533.017,164.235,1756.222,0,4.01,5306688.051,9.589
9250,186,35918.919,30155.094,3.782,36.237,58.953,3.602,4281998.696,6.525
9251,186,36364.287,25303.556,75.565,268.361,22.938,4.956,8104931.246,13.709
9252,187,10022.801,38931.964,63.992,203.111,57.995,2.472,2016514.775,10.408
9253,187,10234.759,38519.915,128.543,1207.362,44.566,4.841,7733428.816,9.544
9254,187,10192.79,39444.509,155.138,2297.56,0,3.211,3402003.494,7.143
9255,187,10327.377,38009.481,77.376,504.852,82.124,4.82,7667910.003,8.839
9256,187,10569.468,37319.887,54.692,60.649,76.211,1.417,663053.922,16.17
9257,187,10622.174,33555.242,231.218,5559.944,0,7.123,16744246.95,8.693
9258,187,10716.024,34718.83,98.722,422.021,77.795,6.392,13481762.022,16.708
9259,187,10719.967,35280.24,0.635,62.464,78.627,5.444,9779600.329,5.039
9260,187,10711.773,36682.134,182.541,4186.137,0,6.687,14755111.829,7.381
9261,187,10750.634,32965.964,129.467,1417.983,0,4.175,5751244.707,8.215
9262,187,10800.006,38561.159,7.242,86.21,85.746,6.135,12420291.481,4.697
9263,187,11037.923,37668.973,190.068,3871.963,0,5.877,11399066.1,7.828
9264,187,11119.094,37254.534,93.588,470.104,77.726,4.798,7597255.272,12.019
9265,187,11324.553,35023.003,51.428,190.034,135.353,6.212,12734972.3,11.755
9266,187,11344.672,35519.091,158.903,3502.666,0,7.107,16667473.624,7.075
9267,187,21518.931,30315.26,9.694,21.437,59.476,3.722,4572519.583,10.956
9268,187,21637.133,30659.712,130.107,1062.462,0,6.69,14770250.69,12.547
9269,187,21759.962,29925.762,3.478,68.338,111.642,7.919,20693558.182,5.67
9270,187,23081.178,29181.213,113.714,1212.43,0,7.699,19559866.499,9.964
9271,187,24157.292,29094.937,108.789,627.331,21.639,3.496,4033060.922,10.617
9272,187,26566.761,12988.801,84.949,280.902,76.459,4.336,6204702.408,14.621
9273,187,26606.706,13285.258,132.748,1505.878,50.251,2.168,1551570.393,7.226
9274,187,26843.77,13845.83,59.654,139.533,49.592,2.858,2696258.218,12.645
9275,187,26884.754,12999.87,68.794,217.467,91.168,4.849,7760909.276,13.915
9276,187,27171.738,14380.384,132.022,1685.701,0,5.966,11748254.046,8.529
9277,187,27210.306,13177.794,155.408,3208.039,0,6.964,16007079.74,7.238
9278,187,27591.532,15070.805,129.901,1505.926,0,6.855,15509198.833,9.671
9279,187,28216.83,15847.751,125.992,1244.805,0,3.607,4294224.57,8.288
9280,187,28290.543,14908.634,63.721,264.582,95.787,4.72,7351127.077,10.69
9281,187,28966.517,16098.786,161.07,2661.616,0,7.159,16913947.892,8.851
9282,187,32326.845,26508.367,130.683,1206.628,10.364,4.384,6342963.975,9.405
9283,187,32639.755,26079.22,1.654,40.172,45.93,3.982,5233350.215,6.135
9284,187,32876.314,27158.125,99.331,320.205,30.651,3.691,4496894.1,15.331
9285,187,33618.702,26937.087,89.414,444.871,20.922,2.598,2226684.773,9.604
9286,187,33839.216,27357.787,4.812,67.375,53.563,4.902,7929514.783,4.868
9287,187,34056.213,28324.682,71.2,114.331,39.495,2.037,1369598.906,16.091
9288,187,34604.277,29412.87,200.42,2148.536,0,2.163,1543743.439,9.351
9289,187,35464.676,28343.081,75.298,139.239,31.447,1.204,478766.091,13.787
9290,187,35496.148,30426.859,161.348,1705.902,0,4.116,5590453.301,9.636
9291,187,35571.457,27676.845,202.725,2436.504,0,4.584,6934218.036,10.721
9292,187,35809.082,25482.913,225.549,2562.483,0,4.777,7531736.709,12.272
9293,187,35907.09,24901.757,179.603,1860.548,0,6.118,12353970.081,12.635
9294,187,35933.556,30138.576,154.333,1954.347,0,4.413,6427473.519,8.496
9295,187,36285.63,27348.349,70.509,197.684,32.594,1.895,1185377.724,11.203
9296,188,10015.418,38929.636,114.751,1292.533,17.325,3.045,3059366.604,7.006
9297,188,10200.293,38511.966,120.215,1202.021,26.497,4.22,5877650.043,8.35
9298,188,10206.432,39415.907,138.958,2131.674,0,9.097,27309556.721,9.583
9299,188,10333.042,38023.909,146.195,2807.107,0,5.953,11697214.398,6.87
9300,188,10486.491,37357.823,11.378,47.651,81.692,9.004,26753979.479,10.318
9301,188,10559.514,38964.442,19.092,22.417,90.101,5.267,9155186.704,18.893
9302,188,10724.632,34679.324,76.848,210.172,75.682,3.826,4831594.256,14.815
9303,188,10670.345,35020.134,205.12,3986.913,0,4.932,8027953.49,7.977
9304,188,10721.436,36199.981,64.51,232.92,54.393,6.642,14559146.887,14.418
9305,188,10700.581,36631.154,170.737,3509.505,0,4.515,6726250.612,6.668
9306,188,10769.111,35417.076,53.138,108.936,73.073,5.265,9148702.157,17.39
9307,188,10715.121,38689.817,31.059,67.012,79.507,2.7,2406672.273,9.804
9308,188,10987.314,33484.496,187.23,3827.058,0,6.999,16167844.274,8.336
9309,188,11174.375,34258.473,1.306,25.062,106.03,11.49,43569463.422,16.714
9310,188,11122.772,36946.737,148.795,2376.612,0,4.64,7103584.399,7.242
9311,188,11142.037,37255.169,160.026,3628.423,0,8.55,24126227.415,7.594
9312,188,11284.533,35043.589,5.294,63.485,133.562,7.401,18074436.71,5.999
9313,188,11361.973,35520.202,6.495,78.002,97.349,8.012,21183611.554,5.511
9314,188,21761.031,30015.594,214.742,5784.238,0,6.508,13976116.838,7.293
9315,188,21840.26,30600.369,3.394,24.319,54.115,3.536,4125597.591,8.388
9316,188,22787.998,30133.955,48.916,63.376,57.399,1.795,1063486.312,14.657
9317,188,23148.64,29165.495,142.682,1803.811,0,5.182,8861677.893,8.55
9318,188,23450.568,29718.201,49.063,112.456,49.336,4.636,7093891.472,14.103
9319,188,26860.054,13843.71,58.693,124.099,49.825,6.309,13136884.191,20.443
9320,188,27196.867,14400.389,4.468,26.661,69.123,4.59,6954200.397,8.911
9321,188,27877.045,14282.856,42.665,78.861,49.622,5.164,8801078.11,16.431
9322,188,27993.416,15337.141,28.049,43.72,73.33,4.063,5449069.224,13.767
9323,188,28267.931,14872.421,135.073,2637.497,0,4.281,6048812.266,5.909
9324,188,28923.891,16151.003,184.824,3370.571,0,6.662,14648068.554,8.775
9325,188,32330.469,26459.201,122.919,501.769,31.455,1.334,587048.949,11.593
9326,188,32686.52,26125.65,183.907,1974.242,0,3.869,4940400.008,10.176
9327,188,32953.237,27282.539,26.367,44.958,54.187,4.943,8062171.479,14.025
9328,188,33611.233,26926.662,136.922,1255.618,0,5.21,8958665.831,10.46
9329,188,33929.133,27439.366,177.621,2197.748,0,6.373,13404170.125,11.163
9330,188,34057.109,28309.68,204.814,2428.21,0,3.775,4703518.173,10.136
9331,188,34620.897,29426.527,148.364,1288.45,0,4.034,5369578.028,10.343
9332,188,35793.808,24897.973,113.702,847.976,0,5.214,8971222.533,10.687
9333,188,35942.871,30104.014,34.308,54.651,61.905,3.722,4571407.99,13.939
9334,188,36397.425,25370.037,6.452,19.881,43.974,3.658,4416812.23,10.411
9335,188,36431.167,26662.4,38.331,21.881,39.327,2.921,2815189.63,28.282
9336,188,37077.555,25807.024,83.58,251.69,14.471,3.982,5233562.849,14.868
9337,189,9993.043,38933.51,82.445,419.552,46.261,0.961,304894.143,8.285
9338,189,10225.894,38434.663,222.193,4868.891,0,4.361,6275855.12,7.475
9339,189,10193.384,39434.579,146.079,2061.434,0,10.351,35360813.867,11.618
9340,189,10327.023,38026.124,139.713,2044.16,27.825,6.165,12543839.74,8.16
9341,189,10598.784,33399.789,199.661,3804.286,0,5.059,8444949.995,8.012
9342,189,10658.819,36702.278,154.371,3240.913,0,7.314,17654394.352,7.27
9343,189,10663.591,33041.219,1.587,19.792,62.536,3.16,3296087.925,9.089
9344,189,10695.019,34755.138,163.211,3027.77,0,7.15,16869602.243,8.193
9345,189,10773.571,38514.483,207.715,4458.528,0,3.755,4653726.313,7.002
9346,189,10975.443,33566.911,197.201,4098.743,0,4.191,5795171.249,7.1
9347,189,11003.317,37740.196,60.136,61.477,82.376,6.498,13934400.013,40.785
9348,189,11099.541,33966.086,198.93,3538.776,0,4.932,8026242.523,8.297
9349,189,11145.996,34344.483,171.764,3223.931,0,6.141,12447220.784,7.872
9350,189,11294.906,35056.373,35.877,92.544,132.55,8.707,25016108.118,16.216
9351,189,11356.035,35594.769,9.699,83.732,96.087,13.692,61868242.926,8.034
9352,189,21506.328,30445.156,145.095,1494.015,0,4.195,5807889.074,9.213
9353,189,21841.677,30563.216,4.799,24.184,56.18,1.409,654999.675,7.185
9354,189,21898.34,29901.748,151.483,3013.341,0,6.616,14445929.308,7.146
9355,189,22788.403,30126.629,176.288,2633.387,0,3.557,4176648.057,7.824
9356,189,23174.161,29169.421,218.104,3255.654,0,4.078,5489114.749,9.296
9357,189,23380.648,29756.973,162.546,1998.273,0,5.544,10144123.132,9.811
9358,189,26689.376,13347.938,302.431,10102.474,0,6.977,16063886.44,8.215
9359,189,27172.748,14373.828,220.491,3619.685,0,4.065,5453033.191,8.784
9360,189,27221.116,13167.249,133.892,2540.729,0,9.352,28862260.335,8.002
9361,189,27599.081,15121.961,8.202,73.845,73.394,8.67,24806547.445,6.291
9362,189,27957.952,15412.81,177.681,2615.286,0,4.738,7407259.435,8.628
9363,189,28345.907,14916.394,135.798,2577.732,0,8.145,21895028.983,7.517
9364,189,28403.887,15837.097,196.536,2891.728,0,2.577,2191849.514,7.914
9365,189,28723.719,15422.087,142.414,1638.383,0,7.104,16658095.59,10.617
9366,189,28880.558,16124.213,101.536,503.941,51.05,5.429,9726958.073,13.691
9367,189,32347.004,26498.642,167.901,1692.093,0,5.424,9709742.044,11.507
9368,189,32948.967,27239.092,55.755,104.945,51.81,5.592,10319994.895,20.03
9369,189,33630.291,26968.432,145.519,1228.55,0,3,2970204.501,9.526
9370,189,33834.952,27433.356,66.409,102.21,42.966,2.374,1859361.807,16.694
9371,189,33979.158,28322.686,84.292,69.628,45.934,3.984,5238201.587,43.199
9372,189,34680.794,29533.887,85.997,512.519,22.36,2.484,2036740.068,8.383
9373,189,35557.499,27298.83,159.86,1525.853,0,2.362,1841037.607,8.918
9374,189,35833.088,24913.401,50.803,62.989,41.292,3.241,3467320.418,19.054
9375,189,35932.931,30103.691,110.81,360.639,49.061,2.244,1662247.829,13.65
9376,190,10214.354,38559.72,178.022,3806.94,0,5.056,8436735.939,6.887
9377,190,10320.691,38049.478,156.591,3383.94,0,8.555,24155107.099,7.753
9378,190,10554.538,37231.009,56.954,98.963,71.982,8.013,21187643.562,28.685
9379,190,10532.77,38974.504,44.522,85.537,74.911,6.22,12766611.28,18.406
9380,190,10676.465,33033.552,58.626,122.581,41.966,3.559,4180922.003,14.722
9381,190,10698.326,34774.529,65.782,206.812,86.543,5.963,11735397.277,15.283
9382,190,10720.677,35035.207,10.629,29.674,84.23,5.342,9416262.105,10.63
9383,190,10721.041,35324.758,150.743,2372.476,0,3.455,3939926.102,6.869
9384,190,10721.748,36135.771,156.311,2204.336,0,3.532,4116221.401,7.53
9385,190,10708.186,36653.987,244.692,7066.583,0,3.127,3226443.955,6.262
9386,190,10708.8,38594.981,129.893,923.05,48.263,4.605,6997064.161,11.474
9387,190,10989.28,33554.883,73.919,181.132,69.125,4.825,7682018.973,17.791
9388,190,10969.726,34217.442,26.204,49.902,82.602,2.501,2064341.272,9.921
9389,190,11061.973,37730.657,148.934,2101.251,0,3.077,3124392.47,7.127
9390,190,11220.658,34432.115,147.8,2389.922,0,6.683,14741769.9,8.182
9391,190,11283.026,35075.821,161.328,4597.439,0,5.321,9344405.643,5.472
9392,190,11274.743,36087.427,10.928,36.398,70.025,5.744,10889065.765,9.55
9393,190,11364.037,35536.905,158.003,3697.196,0,4.985,8201911.195,6.012
9394,190,21685.312,30047.603,83.352,360.046,57.551,3.038,3045171.974,10.456
9395,190,22075.856,29772.903,198.405,2884.029,0,6.199,12682225.419,10.567
9396,190,22739.899,30157.98,122.088,1550.289,0,6.353,13319698.967,8.34
9397,190,23141.756,29163.462,179.183,2641.753,0,4.618,7037338.485,8.589
9398,190,23458.192,29773.059,125.56,1539.201,0,6.298,13089134.702,8.689
9399,190,24182.153,29086.804,54.11,103.789,48.531,4.269,6015538.971,16.387
9400,190,26643.799,13380.523,78.229,534.327,73.235,3.973,5210389.115,8.104
9401,190,26732.565,12641.356,54.674,204.211,64.22,8.101,21656163.61,14.309
9402,190,27176.442,14362.288,259.563,4548.473,0,3.838,4860177.188,9.189
9403,190,27215.324,13184.264,177.4,4284.331,0,7.229,17244775.13,7.209
9404,190,27271.87,14554.916,9.709,19.509,61.601,4.071,5468556.192,12.27
9405,190,28019.113,14440.852,222.207,3762.01,0,2.489,2045231.143,7.788
9406,190,27970.139,15378.545,55.961,153.244,60.481,4.529,6770669.468,13.155
9407,190,28340.118,14923.698,106.568,1918.847,0,6.141,12443581.909,5.92
9408,190,28712.641,15429.781,192.178,2830.872,0,4.151,5686051.981,8.686
9409,190,28883.473,16129.141,157.452,2152.573,0,3.055,3079896.711,7.485
9410,190,32287.783,26344.312,127.725,1040.198,0,6.331,13227892.88,12.01
9411,190,32682.92,26178.636,48.975,42.333,43.153,3.742,4621230.471,26.987
9412,190,32954.583,27199.797,5.76,20.958,58.349,5.536,10112481.562,12.231
9413,190,33589.233,26902.61,40.699,36.106,44.244,3.173,3322104.181,21.583
9414,190,33841.173,27445.014,3.256,22.789,51.304,5.012,8291132.595,10.265
9415,190,35520.77,27385.909,65.395,157.989,38.566,2.899,2773247.11,13.092
9416,190,35766.806,24748.272,50.685,60.688,44.171,4.257,5981850.616,22.905
9417,190,36985.829,25703.099,120.658,894.353,3.092,4.336,6203780.716,10.334
9418,191,10113.381,39405.921,100.468,376.626,63.611,2.77,2532711.956,12.468
9419,191,10226.357,38515.994,165.776,3332.211,0,5.65,10535834.212,7.103
9420,191,10334.403,38027.944,39.069,121.662,99.971,7.935,20778805.764,13.476
9421,191,10529.584,37258.529,179.793,3147.387,0,7.782,19983914.172,9.609
9422,191,10632.341,33475.725,167.092,2708.79,0,7.198,17098191.3,9.251
9423,191,10566.387,39037.183,176.492,2950.977,0,2.444,1971081.316,6.886
9424,191,10713.744,34749.463,170.13,3800.061,0,6.972,16042316.786,7.289
9425,191,10691.8,36609.922,141.934,2727.57,0,5.47,9873569.149,6.55
9426,191,10755.702,33036.525,57.058,99.29,47.964,2.872,2722612.527,15.095
9427,191,10724.782,36161.028,5.446,49.207,74.56,5.613,10397144.9,6.391
9428,191,10699.97,38686.472,137.247,1167.736,35.614,6.519,14022619.421,12.458
9429,191,10971.422,33523.048,5.108,18.536,89.862,5.265,9147825.469,12.891
9430,191,10963.261,37928.348,190.609,3132.727,0,6.13,12401615.682,9.313
9431,191,11087.01,37601.417,2.665,29.187,78.421,5.544,10144243.353,8.888
9432,191,11158.356,37310.481,69.52,333.967,79.866,7.966,20940105.341,13.513
9433,191,11226.623,34358.442,177.156,3448.899,0,5.568,10231227.064,7.546
9434,191,11315.279,35017.585,84.803,461.335,121.027,7.566,18892052.286,13.623
9435,191,11285.616,36030.843,52.45,86.294,60.872,4.94,8052155.875,19.829
9436,191,11345.473,35541.067,195.096,4826.257,0,6.018,11951277.907,7.031
9437,191,22078.523,29760.26,174.952,2341.087,0,7.708,19604902.239,11.574
9438,191,22598.502,29451.079,128.339,977.971,13.067,5.873,11382535.074,12.175
9439,191,22753.63,30116.411,237.821,4752.118,0,5.45,9802120.52,8.986
9440,191,23156.721,29148.001,133.902,1944.334,0,6.001,11883782.489,7.881
9441,191,23357.706,29742.385,215.933,4208.92,0,5.865,11351017.963,8.817
9442,191,24138.644,29179.541,215.339,3773.581,0,6.161,12526720.157,9.727
9443,191,26634.156,13359.964,95.918,575.865,67.988,6.8,15262044.7,12.879
9444,191,26701.67,12635.026,126.479,1418.538,0,7.989,21064539.274,10.596
9445,191,26810.951,13083.834,43.085,94.123,93.909,1.89,1178546.727,10.255
9446,191,26853.783,13864.507,81.799,449.547,34.937,6.225,12786422.711,11.698
9447,191,27208.518,13158.411,146.694,3343.02,0,7.167,16950834.006,6.564
9448,191,27358.369,14638.653,7.479,55.004,62.439,9.165,27720692.014,8.039
9449,191,28287.479,14920.972,90.506,602.702,85.135,4.656,7154466.677,9.488
9450,191,28775.36,15457.037,47.282,61.343,53.388,1.197,472670.476,13.486
9451,191,28923.666,16151.034,154.155,1833.872,0,5.342,9416512.725,9.522
9452,191,32365.94,26551.075,127.114,1160.189,0,2.094,1446662.2,7.933
9453,191,32717.216,26136.838,149.126,1249.047,0,5.403,9632945.182,12.103
9454,191,32977.984,27260.98,85.629,215.371,46.231,3.073,3115843.346,15.328
9455,191,33559.711,26915.399,125.221,1121.767,0,3.55,4157972.897,8.746
9456,191,33758.718,28241.376,1.294,31.982,42.654,3.344,3690808.419,6.744
9457,191,33920.273,27521.69,3.23,40.726,48.085,5.921,11569798.022,7.204
9458,191,34675.639,29523.784,119.674,1118.681,0,5.268,9158282.015,9.448
9459,191,35600.04,27288.415,4.72,33.959,46.988,1.695,948423.472,6.063
9460,191,35841.869,24724.787,4.369,21.811,43.433,3.538,4132074.909,9.187
9461,191,35814.814,29834.636,85.775,209.757,41.125,4.144,5668109.629,18.112
9462,191,36264.476,27422.809,234.896,3237.922,0,3.157,3288877.48,9.524
9463,191,36334.256,25449.929,56.381,95.573,48.64,3.111,3194498.367,15.776
9464,191,37090.995,25758.176,93.934,313.972,26.052,2.829,2641712.84,12.986
9465,192,9998.884,38958.8,174.716,3955.301,0,7.968,20954217.6,7.826
9466,192,10213.174,38505.354,185.789,4277.412,0,8.83,25733350.703,8.54
9467,192,10157.932,39443.114,7.042,86.553,72.177,8.841,25795457.482,5.435
9468,192,10302.658,38053.167,137.584,2451.586,0,7.412,18131806.033,7.6
9469,192,10522.77,37280.521,30.295,64.828,74.952,5.522,10061863.973,13.043
9470,192,10478.784,39016.324,216.88,5145.304,0,5.275,9183375.132,7.409
9471,192,10640.082,33519.459,1.428,66.68,71.992,1.008,335584.746,4.022
9472,192,10682.025,34824.898,157.681,2994.837,0,3.781,4717966.673,6.414
9473,192,10712.092,36198.258,71.415,179.336,65.735,3.933,5106029.652,15.247
9474,192,10719.748,36720.24,0.664,52.657,104.963,3.401,3816811.201,4.971
9475,192,10751.562,32992.935,170.699,2216.289,0,5.209,8953197.251,9.501
9476,192,10821.074,38416.327,167.191,2923.292,0,5.8,11100799.567,7.936
9477,192,10992.56,33560.155,155.29,2599.483,0,2.214,1616968.916,6.362
9478,192,11012.57,37924.626,40.145,67.234,72.209,5.845,11275960.601,18.696
9479,192,11116.499,33992.564,8.741,40.902,77.258,4.049,5411361.08,7.017
9480,192,11070.579,37574.885,41.441,44.958,80.278,1.535,777852.371,14.671
9481,192,11145.353,37311.719,51.325,185.94,92.039,3.9,5019091.616,9.663
9482,192,11279.447,35046.945,228.456,9073.649,0,4.01,5307961.721,5.204
9483,192,11329.896,35556.537,175.985,4233.962,0,6.449,13725708.55,6.861
9484,192,11250.793,36067.479,83.942,277.651,62.86,1.671,922000.131,10.947
9485,192,21589.639,30540.054,163.599,2329.28,0,6.126,12383124.672,9.27
9486,192,21685.285,30085.149,234.614,3743.821,0,4.468,6586825.471,9.63
9487,192,21814.157,29975.394,160.864,2009.349,0,2.917,2808543.086,7.927
9488,192,22040.011,29870.641,197.986,2815.623,0,3.916,5060114.97,8.899
9489,192,22541.236,29446.687,128.538,1146.953,0,4.329,6185167.011,9.48
9490,192,22720.05,30160.796,1.946,123.09,68.253,4.702,7296542.737,3.216
9491,192,23096.849,29208.416,207.933,2960.864,0,5.169,8816621.898,10.179
9492,192,23465.913,29744.132,49.887,126.181,54.552,5.711,10761752.855,14.84
9493,192,24077.094,29161.001,177.851,2103.583,0,4.652,7141432.195,9.965
9494,192,26652.056,13332.911,212.521,5431.078,0,8.883,26038251.915,8.756
9495,192,26963.692,13960.876,121.477,649.639,40.86,4.6,6983069.452,13.484
9496,192,27199.252,13189.055,33.983,124.96,108.423,11.387,42792644.477,14.193
9497,192,27342.274,14639.529,148.472,1709.197,18.374,4.793,7580251.803,9.093
9498,192,28328.59,14909.835,136.422,2769.782,0,6.068,12151327.805,6.368
9499,192,28902.423,16157.667,167.97,1939.443,0,4.592,6960176.779,9.699
9500,192,32291.234,26350.148,208.523,3105.48,0,5.685,10665384.925,10.312
9501,192,32881.798,27199.358,1.196,25.663,59.151,4.232,5909288.344,8.479
9502,192,33595.897,26938.096,203.127,2184.431,0,4.76,7478105.045,11.825
9503,192,34637.753,29516.584,4.596,12.031,61.524,5.87,11370374.221,19.82
9504,192,35614.46,30456.467,81.996,251.206,40.241,3.239,3463083.399,13.273
9505,192,35809.024,24520.869,132.086,818.721,0,4.942,8059951.753,13.29
9506,192,35767.346,29807.462,163.082,1630.795,0,8.608,24452936.006,14.985
9507,192,36235.976,27449.476,89.45,128.714,44.414,2.729,2458620.472,22.427
9508,192,36324.674,25517.317,76.619,143.299,38.783,1.954,1260538.136,15.054
9509,192,37199.168,25761.75,1.46,32.685,39.047,5.674,10623804.349,8.158
9510,193,9996.249,38921.49,150.745,3050.404,0,4.022,5337415.385,6.089
9511,193,10258.519,38473.576,254.058,7719.441,0,7.587,18999039.708,8.073
9512,193,10190.861,39428.96,150.202,2558.688,0,4.547,6823719.028,6.951
9513,193,10317.186,38041.267,93.276,677.799,54.864,4.658,7161031.117,9.109
9514,193,10553.002,33447.272,141.663,2051.961,0,5.913,11537138.783,8.153
9515,193,10532.912,37253.468,154.195,2611.795,0,7.364,17895647.624,8.536
9516,193,10477.335,39117.731,3.894,36.803,91.211,4.839,7728135.872,7.158
9517,193,10682.457,34800.64,3.119,44.152,115.474,9.049,27021304.112,8.617
9518,193,10749.832,33024.435,82.699,368.314,35.55,2.261,1687656.898,9.578
9519,193,10799.904,38479.295,1.31,41.841,71.792,4.742,7420171.213,6.311
9520,193,10964.807,33601.516,7.514,84.062,88.764,8.068,21479248.54,5.383
9521,193,10968.511,36677.845,59.763,105.021,82.664,4.134,5638581.285,18.333
9522,193,11007.667,38019.576,283.365,6691.031,0,3.726,4582149.222,7.964
9523,193,11118.357,37276.53,140.889,1368.336,47.761,6.95,15941933.765,11.881
9524,193,11200.13,34319.438,2.642,68.737,86.167,10.014,33094752.392,6.354
9525,193,11311.176,35013.409,111.634,1390.31,62.457,5.822,11184256.863,7.678
9526,193,11341.337,35521.424,222.707,6823.095,0,5.941,11647631.186,6.615
9527,193,21595.503,30068.716,135.233,1424.069,0,4.692,7266042.544,9.014
9528,193,21608.269,30589.136,178.68,2377.522,0,6.26,12931244.169,10.506
9529,193,22555.76,29523.976,225.78,3647.351,0,4.829,7696512.042,9.584
9530,193,22680.61,30162.786,112.184,886.095,33.423,4.845,7746975.319,9.843
9531,193,23035.281,29893.147,188.897,2725.82,0,6.213,12740402.236,10.258
9532,193,23116.895,29162.664,193.347,2468.601,0,2.474,2019698.842,8.457
9533,193,23348.441,29783.259,34.713,64.751,49.709,4.36,6272392.058,13.449
9534,193,24078.496,29202.987,5.123,27.722,54.278,2.593,2218380.321,7.28
9535,193,26633.244,13375.344,183.57,4182.372,0,5.657,10559760.347,6.985
9536,193,26961.063,13978.214,225.719,3981.672,0,2.477,2024748.01,7.67
9537,193,27226.957,13099.731,82.932,539.276,59.289,3.83,4840500.491,8.562
9538,193,27326.26,13394.372,160.513,3138.823,0,5.364,9495030.872,6.962
9539,193,27312.783,14577.09,44.758,81.486,93.039,6.556,14183800.506,20.069
9540,193,28001.421,15421.015,41.362,73.25,73.145,4.615,7029636.49,15.653
9541,193,28330.362,14920.044,172.5,4021.569,0,6.474,13829693.932,6.928
9542,193,28428.847,15907.463,71.27,224.379,52.222,4.741,7418358.536,14.119
9543,193,28909.737,16157.674,99.978,510.796,29.52,3.811,4793710.261,11.252
9544,193,32318.721,26320.3,5.825,38.058,35.98,5.593,10322103.363,7.754
9545,193,32681.686,26097.826,119.278,868.62,0,4.483,6633565.491,10.521
9546,193,32818.696,27062.955,176.273,2040.656,0,5.779,11022130.652,11.093
9547,193,33029.815,27348.767,80.053,293.199,34.161,2.784,2556989.075,11.079
9548,193,33612.38,26960.441,128.082,982.02,22.27,3.898,5015208.964,10.101
9549,193,35542.146,27386.476,184.673,1959.487,0,5.911,11532205.917,12.426
9550,193,35665.278,30464.439,26.312,39.026,45.382,4.533,6781161.323,14.887
9551,193,35883.393,30086.837,46.936,48.654,56.235,5.704,10737216.79,30.497
9552,193,36359.604,25400.231,116.35,841.333,0,6.165,12541871.002,12.113
9553,193,36389.662,26536.323,172.728,1472.218,0,4.768,7501316.686,12.493
9554,193,37202.723,25772.579,20.421,29.881,27.019,2.544,2135108.51,11.286
9555,193,37205.485,26631.903,137.932,797.735,0,2.291,1732162.451,10.954
9556,194,10032.118,38911.651,163.695,3157.081,0,6.821,15356191.012,7.809
9557,194,10186.006,39423.637,177.274,2835.627,0,8.677,24847486.3,10.892
9558,194,10319.946,37999.019,3.491,49.644,97.426,7.725,19692049.283,7.15
9559,194,10558.592,37282.944,8.821,87.687,73.967,6.3,13099090.96,4.905
9560,194,10672.652,32994.007,58.845,130.097,46.728,2.574,2186749.395,12.613
9561,194,10715.906,34859.601,219.119,5354.121,0,5.885,11431122.312,7.607
9562,194,10750.626,35485.489,200.07,4046.283,0,5.465,9855436.824,7.922
9563,194,10718.142,36250.903,142.509,1829.945,22.528,5.623,10432585.628,8.73
9564,194,10717.602,36606.743,170.087,3265.527,0,4.178,5761045.103,6.81
9565,194,11038.477,36890.859,11.536,43.453,102.989,5.338,9404239.488,8.241
9566,194,10971.227,37976.512,125.007,957.942,36.704,5.522,10064565.948,11.515
9567,194,11103.44,34372.447,87,219.654,78.903,2.743,2483031.581,14.788
9568,194,11144.893,37317.073,133.977,2478.492,0,1.339,591887.017,5.46
9569,194,11303.33,35015.996,158.43,4228.168,0,5.736,10857650.438,5.753
9570,194,11341.371,35531.226,167.038,3886.39,0,6.17,12563778.705,6.67
9571,194,21585.098,30543.996,9.465,21.731,68.886,4.279,6043296.588,11.504
9572,194,21845.724,29998.999,6.971,37.921,88.268,4.78,7539944.416,7.466
9573,194,22523.969,29490.771,220.107,3209.342,0,5.145,8735219.802,10.398
9574,194,22720.586,30160.989,5.445,56.624,83.494,5.205,8941737.013,5.634
9575,194,23090.932,29191.103,53.31,74.755,46.392,4.365,6288323.375,21.102
9576,194,23395.26,29765.741,163.079,1885.564,0,5.545,10148771.261,10.285
9577,194,23860.478,29371.398,157.332,1871.555,0,7.731,19727033.47,11.731
9578,194,24109.712,29194.635,153.608,1751.449,0,4.53,6771997.65,9.169
9579,194,26554.158,12790.992,147.438,2004.198,0,3.063,3095721.705,7.236
9580,194,26669.102,13354.801,195.311,5285.569,0,10.911,39287363.73,8.856
9581,194,26772.104,12759.509,242.602,5026.479,0,5.326,9360206.494,8.799
9582,194,26903.725,13901.472,172.165,2668.299,0,3.914,5055407.551,7.715
9583,194,27243.946,13155.408,80.905,331.018,88.02,4.77,7510079.115,12.648
9584,194,27324.21,14626.878,161.212,2839.687,0,7.294,17557505.424,8.521
9585,194,27367.192,13462.862,125.747,1943.012,0,4.143,5665368.188,6.487
9586,194,28016.603,15327.258,256.584,6337.584,0,7.074,16513064.907,9.172
9587,194,28240.58,14883.901,4.184,79.769,114.201,9.705,31085221.857,5.681
9588,194,28416.325,15923.292,63.396,183.961,43.847,2.549,2144572.155,11.021
9589,194,28963.045,16085.21,6.469,27.12,47.786,3.94,5123115.932,8.623
9590,194,32639.318,26928.014,146.983,1275.849,0,4.73,7382539.414,10.954
9591,194,32647.251,26109.717,44.868,77.693,47.992,3.373,3754943.023,14.208
9592,194,33039.068,27374.868,177.619,1840.253,0,4.121,5604190.772,10.416
9593,194,33639.68,26953.88,120.568,1181.082,0,3.764,4677017.804,8.205
9594,194,34160.208,28162.122,1.549,32.552,48.611,3.956,5164093.197,7.027
9595,194,34243.398,28783.453,267.255,3393.776,0,1.555,798054.219,9.59
9596,194,35522.205,27354.657,7.932,44.568,43.266,3.71,4543536.309,6.318
9597,194,35810.446,25987.66,24.749,19.489,45.57,3.443,3912171.045,20.62
9598,194,35811.335,29953.673,86.927,231.1,47.805,6.463,13786685.642,22.859
9599,194,36363.128,26457.471,96.522,332.74,24.409,2.563,2167068.78,12.56
9600,194,36320.119,27358.909,6.397,49.775,44.807,4.821,7669397.025,6.118
9601,194,37223.531,25781.623,98.627,460.115,0,1.632,879135.186,9.795
9602,195,9993.102,38898.093,57.813,200.638,66.667,5.811,11143443.429,12.775
9603,195,10123.492,39440.763,112.029,768.854,31.981,2.261,1687524.149,8.789
9604,195,10214.574,38453.757,80.383,318.785,83.332,2.524,2101857.223,10.322
9605,195,10251.73,38076.02,8.135,46.723,82.387,6.246,12874179.727,7.493
9606,195,10525.458,37280.129,1.061,34.093,85.207,5.235,9044397.461,7.585
9607,195,10670.675,32946.36,142.513,1447.839,0,5.538,10120353.714,10.268
9608,195,10697.279,34937.971,167.963,3625.451,0,3.641,4373889.103,6.125
9609,195,10709.993,35326.936,74.094,269.832,69.042,5.654,10548389.858,14.277
9610,195,10721.572,36642.916,3.582,53.994,92.638,8.15,21921291.823,6.911
9611,195,10816.509,38489.907,158.006,2345.965,0,6.635,14527126.081,9.106
9612,195,11005.629,36788.688,260.321,7996.654,0,5.699,10718217.75,7.221
9613,195,11151.739,34333.891,212.425,5604.047,0,2.312,1764692.037,5.897
9614,195,11166.466,37349.857,64.971,161.495,94.791,0.889,260556.067,10.717
9615,195,11317.675,35022.222,51.891,136.675,98.852,4.402,6393585.358,12.779
9616,195,11286.015,36028.057,45.305,156.568,67.017,4.438,6499356.73,9.816
9617,195,21582.659,30553.503,181.499,2655.481,0,7.029,16304445.637,10.516
9618,195,21754.834,29995.074,149.624,2254.084,0,4.063,5449109.823,7.277
9619,195,22706.433,30177.326,71.993,259.793,61.838,4.55,6832474.114,12.567
9620,195,23319.1,29119.54,31.437,35.223,50.167,3.932,5103364.247,18.102
9621,195,23309.362,29843.719,204.898,2858.573,0,2.714,2430959.13,8.433
9622,195,24079.87,29200.287,0.478,35.035,74.092,3.417,3853150.796,6.382
9623,195,26642.466,12881.982,9.489,51.254,73.878,3.514,4074310.855,5.975
9624,195,26662.152,13385.733,207.198,5596.301,0,3.879,4966639.364,6.13
9625,195,26749.461,12646.76,160.251,1842.743,0,2.321,1778049.026,8.006
9626,195,26800.766,13834.503,4.583,28.107,67.689,6.043,12052435.791,9.916
9627,195,27180.378,13187.436,219.195,5605.426,0,5.482,9918816.412,7.189
9628,195,27302.233,14582.508,210.463,4047.904,0,6.797,15246684.632,9.366
9629,195,27367.777,13434.828,8.435,51.848,82.258,3.795,4752843.87,5.859
9630,195,28349.681,14960.383,214.609,5015.989,0,6.375,13410551.449,7.991
9631,195,28451.501,15953.835,195.341,2863.451,0,4.717,7342058.116,9.203
9632,195,28941.607,16166.812,179.302,2244.409,0,5.047,8405648.768,9.956
9633,195,32346.861,26535.037,118.777,837.785,0,6.042,12046314.622,12.4
9634,195,32559.397,26880.144,2.193,25.375,44.866,5.086,8535944.491,9.4
9635,195,32674.234,26089.406,136.233,1172.9,0,4.414,6430989.284,10.169
9636,195,33614.219,26950.763,193.929,1708.327,0,4.741,7418519.383,13.228
9637,195,34150.576,28182.421,54.013,117.39,38.162,5.254,9111030.756,16.734
9638,195,35554.804,27438.393,183.189,2271.694,0,5.078,8510896.715,10.202
9639,195,35856.549,29967.03,134.605,1697.054,0,6.934,15867253.348,9.368
9640,195,35907.819,24579.66,228.576,3043.595,0,5.526,10076345.903,11.829
9641,195,36239.146,27361.765,1.501,39.573,64.674,4.3,6103262.885,6.341
9642,195,36363.419,26448.934,73.678,239.574,32.161,1.228,497803.096,10.046
9643,195,36815.45,28637.184,47.893,78.574,22.918,2.195,1590061.904,13.157
9644,196,10151.521,39440.615,146.533,2409.034,0,2.574,2185968.884,6.32
9646,196,10322.663,38077.386,244.216,5588.587,0,3.767,4683878.444,7.431
9647,196,10574.979,33508.972,89.383,375.697,51.174,7.255,17370885.361,17.114
9648,196,10547.821,37214.339,56.951,184.43,68.87,4.366,6291392.499,11.556
9649,196,10478.012,38960.501,2.899,39.252,73.084,5.918,11558363.066,7.368
9650,196,10718.034,35332.59,163.381,2987.975,0,6.778,15159957.953,8.081
9651,196,10715.133,36836.019,113.977,746.041,60.757,3.507,4058073.805,10.066
9652,196,10762.003,32958.985,121.462,1112.988,0,3.309,3613320.265,8.322
9653,196,10953.015,38023.236,251.209,5256.917,0,6.793,15229533.696,10.026
9654,196,11031.728,36806.65,202.333,5156.238,0,10.977,39761632.773,9.612
9655,196,11120.303,34360.107,190.649,4361.727,0,7.15,16869066.441,7.852
9656,196,11132.453,37369.785,160.739,2416.651,0,6.185,12624962.513,8.837
9657,196,11194.191,36083.919,18.149,41.481,84.549,5.499,9980748.216,11.303
9658,196,11312.945,35019.342,164.401,3620.561,0,7.862,20400528.01,7.592
9659,196,11329.14,35531.165,62.354,208.406,107.193,3.072,3113902.387,10.493
9660,196,21762.502,29998.38,10.67,66.352,70.968,4.559,6857739.866,5.638
9661,196,23340.124,29091.736,160.335,2045.248,0,5.511,10021787.682,9.436
9662,196,23360.562,29760.793,1.32,29.134,61.893,3.155,3284904.532,7.045
9663,196,23791.083,28887.674,123.076,903.791,0,3.509,4063953.146,9.798
9664,196,24100.275,29234.792,135.288,1410.383,0,2.213,1616702.133,7.667
9665,196,26527.908,12865.769,72.981,265.403,57.382,3.118,3207585.458,10.898
9666,196,27227.591,13167.018,153.686,2742.189,0,6.686,14754211.377,7.833
9667,196,27360.056,14639.611,0.523,44.086,75.41,4.88,7857837.483,6.134
9668,196,27333.205,13389.538,77.095,242.408,77.52,4.802,7609557.937,15.006
9669,196,27893.536,15339.581,229.718,4963.044,0,1.389,636740.293,6.63
9670,196,28329.14,15000.187,211.578,4642.37,0,6.362,13357924.516,8.271
9671,196,32310.597,26547.282,79.308,195.168,26.337,2.43,1948355.49,13.681
9672,196,32560.673,26874.633,8.296,43.948,40.843,7.011,16223554.616,8.399
9673,196,32661.976,26159.209,48.586,94.551,49.779,3.553,4166255.015,13.932
9674,196,33571.629,26926.239,82.436,264.053,23.594,4.351,6247009.459,14.698
9675,196,33905.895,27521.006,0.916,17.096,62.542,4.613,7021655.316,11.98
9676,196,34165.178,28162.313,8.567,42.165,49.602,2.814,2613556.137,6.251
9677,196,35540.525,27468.388,159.238,1661.273,5.935,2.792,2573130.819,8.698
9678,196,35591.053,28165.144,8.795,28.52,49.246,2.88,2736783.597,8.03
9679,196,35678.424,30488.438,10.539,31.524,40.692,3.183,3342673.739,8.175
9680,196,35799.877,26688.341,162.867,1512.208,0,4.389,6356626.526,10.861
9681,196,35809.321,29892.911,91.191,591.602,15.985,3.443,3911039.063,8.804
9682,196,35988.198,30230.236,192.065,2552.257,0,7.068,16485476.021,11.885
9683,196,36308.033,25105.711,197.417,2180.581,0,4.772,7515877.576,11.376
9684,197,10008.781,38929.511,153.736,2620.472,0,5.435,9747733.541,7.453
9685,197,10224.126,38455.76,70.983,283.13,76.396,4.607,7005286.816,11.641
9686,197,10181.484,39448.403,144.223,2566.45,0,5.179,8851383.878,6.841
9687,197,10369.813,37998.931,3.4,36.413,76.792,6.715,14879879.984,8.407
9688,197,10552.125,33451.238,154.779,2217.655,0,1.683,935014.082,6.77
9689,197,10556.822,37245.37,192.652,3074.621,0,5.051,8420411.858,8.824
9690,197,10480.404,39117.283,5.653,57.046,76.002,7.77,19921418.334,6.729
9691,197,10716.793,34879.923,4.56,60.503,108.123,3.936,5111865.126,4.905
9692,197,10733.014,35379.363,190.011,3906.875,0,4.808,7628750.2,7.255
9693,197,10805.351,38428.121,267.308,5884.159,0,5.359,9477130.886,9.044
9694,197,10959.375,33498.706,139.922,2214.185,0,7.625,19189447.887,8.519
9695,197,11118.006,34351.141,52.25,107.815,103.221,8.394,23250335.22,23.986
9696,197,11113.965,37332.717,260.966,5632.857,0,4.649,7134083.253,8.548
9697,197,11313.493,35078.188,162.598,3368.424,0,8.085,21572206.877,7.994
9698,197,11334.39,35626.101,147.314,2444.292,31.854,7.708,19606780.015,8.582
9699,197,21616.069,30012.318,149.524,1636.601,0,3.823,4823371.999,8.764
9700,197,21592.63,30472.778,169.261,2273.489,0,7.618,19150144.55,11.165
9701,197,23292.776,29153.916,63.89,198.479,58.516,6.783,15182943.987,16.451
9702,197,23342.425,29727.075,242.46,4456.741,0,2.733,2465774.58,7.918
9703,197,24102.585,29165.24,120.759,927.921,14.024,1.667,916665.434,8.301
9704,197,26618.921,13253.534,37.674,81.367,116.427,1.165,447848.533,9.336
9705,197,26878.496,13840.236,176.722,3037.254,0,3.82,4815900.442,7.307
9706,197,27226.592,13195.811,196.639,4280.485,0,3.734,4600885.987,6.712
9707,197,27312.438,14640.047,171.01,2895.072,0,7.699,19564002.411,9.439
9708,197,28194.519,15796.456,169.708,2263.361,0,7.374,17943452.276,11.037
9709,197,28406.087,14998.612,102.909,1586.094,23.727,7.478,18454726.624,6.937
9710,197,28985.632,16168.794,108.745,766.544,0,3.905,5031284.213,9.632
9711,197,32312.68,26513.959,116.973,589.663,4.12,2.556,2155306.812,11.078
9712,197,32686.554,26136.073,152.539,1742.471,0,2.216,1621101.254,7.777
9713,197,33039.277,27355.174,3.994,36.142,49.362,2.949,2870521.746,6.246
9714,197,34016.194,27565.689,162.094,2026.214,0,4.859,7792630.256,9.159
9715,197,34703.642,29375.271,214.021,2759.001,0,5.376,9538299.51,11.386
9716,197,35520.89,27470.91,173.373,1832.065,0,3.278,3545158.656,9.419
9717,197,35765.37,26558.289,6.136,13.071,49.437,3.665,4433449.704,14.117
9718,197,35892.512,24931.47,174.623,1759.03,0,2.983,2937096.301,9.521
9719,197,35951.639,24627.791,135.932,1123.059,0,4.644,7118471.624,10.668
9720,197,36044.424,30218.724,44.739,108.324,57.971,2.918,2809070.971,10.746
9721,197,36331.715,25203.627,179.549,1792.397,0,3.257,3500026.959,9.963
9722,197,36336.431,26450.606,186.474,2049.926,0,5.033,8359456.622,11.229
9723,197,36405.987,27540.675,152.86,1469.218,0,5.639,10493433.025,11.353
9724,198,9997.065,38959.112,6.555,91.136,90.551,5.458,9832715.655,4.295
9725,198,10249.616,38436.533,93.96,386.849,64.791,4.465,6579930.394,13.49
9726,198,10192.487,39451.011,161.75,2626.355,0,2.623,2270422.183,6.729
9727,198,10384.977,37902.694,108.314,913.908,33.852,6.394,13492930.529,10.414
9728,198,10539.461,33416.092,134.55,1880.928,0,6.711,14861727.678,8.533
9729,198,10554.261,37186.526,80.87,486.951,36.12,6.227,12796134.071,10.819
9730,198,10661.297,36749.792,150.811,2648.717,0,6.186,12628212.686,7.567
9731,198,10691.434,32973.667,151.982,1693.59,0,4.476,6612106.61,9.209
9732,198,10701.077,34960.043,215.561,5565.007,0,8.289,22673092.823,8.453
9733,198,10754.955,35318.107,92.253,413.139,63.69,3.356,3716208.867,11.183
9734,198,10700.018,36200.035,77.868,443.928,58.777,4.544,6814366.281,9.523
9735,198,10926.909,33524.47,2.472,21.414,94.551,3.988,5247684.041,9.508
9736,198,10987.063,37944.428,255.085,5348.861,0,2.357,1833892.293,7.402
9737,198,11029.166,36826.763,71.948,265.524,88.898,4.916,7975591.206,12.832
9738,198,11125.766,34298.096,182.491,3646.145,0,4.095,5535095.508,6.901
9739,198,11145.556,37325.734,82.625,470.134,65.937,7.374,17947091.053,12.669
9740,198,11315.724,35019.951,76.414,302.732,84.056,5.003,8260992.666,12.773
9741,198,11359.926,35584.915,233.264,7240.482,0,4.023,5341878.455,6.093
9742,198,21564.272,30507.882,150.858,1709.217,0,7.028,16300048.564,11.155
9743,198,21732.234,30038.349,108.042,268.87,43.842,1.905,1197580.791,15.261
9744,198,22742.309,30145.913,163.232,1904.932,0,4.875,7841791.916,9.666
9745,198,22887.023,29326.984,46.506,90.633,50.663,5.857,11320628.584,17.909
9746,198,23334.5,29152.4,176.534,2358.886,0,4.783,7549345.57,9.209
9747,198,23333.697,29777.738,158.037,1876.481,0,3.048,3066467.45,8.154
9748,198,24090.387,29241.226,136.708,1543.071,0,4.516,6731209.646,8.547
9749,198,26620.763,13243.59,126.599,1971.205,35.794,7.41,18119995.567,7.912
9750,198,26887.986,13839.915,166.81,2853.862,0,7.228,17243219.123,8.89
9751,198,27200.184,13200.363,0.662,65.79,92.037,4.853,7771738.094,4.704
9752,198,27349.59,14598.654,216.694,3711.741,0,6.124,12378543.384,9.91
9753,198,27409.745,13482.727,46.555,121.376,74.667,3.869,4938867.603,11.475
9754,198,27774.751,14180.462,154.77,1782.632,0,6.458,13762420.418,10.715
9755,198,27947.61,15357.468,3.774,26.694,81.051,5.941,11647157.104,10.07
9756,198,28228.004,14937.99,224.16,4506.795,0,6.238,12840686.405,9.104
9757,198,28239.376,15840.755,4.63,54.765,67.486,3.571,4207561.211,5.111
9758,198,32680.355,26118.331,151.302,1500.474,0,3.098,3167774.071,8.896
9759,198,33022.472,27370.195,128.971,1179.128,0,3.146,3266144.37,8.535
9760,198,34324.159,29168.446,150.6,1164.541,0,3.843,4873799.987,11.109
9761,198,35281.716,29284.005,5.928,33.531,49.399,5.377,9540428.325,8.379
9762,198,35600.691,29600.984,17.297,51.237,44.784,4.431,6478014.89,8.444
9763,198,35684.092,30560.408,8.382,61.389,31.717,2.643,2305050.044,4.964
9764,198,35847.035,26634.211,10.609,30.854,51.335,2.774,2539019.37,8.007
9765,198,35841.55,24961.153,2.165,32.749,45.461,5.409,9654859.585,8.001
9766,198,36047.462,30222.343,138.352,1541.553,0,4.291,6076522.347,8.543
9767,198,36283.455,26427.286,62.081,155.515,39.488,5.923,11576784.623,17.625
9768,198,36437.56,27590.856,171.774,1747.182,0,4.464,6577435.889,10.639
9769,198,37145.398,25828.091,126.873,774.251,0,2.264,1691464.479,10.088
9770,199,10013.587,38926.405,179.754,3706.513,0,6.069,12154974.917,7.567
9771,199,10225.623,38555.89,184.493,3517.777,0,5.415,9677169.999,7.784
9772,199,10196.228,39460.663,132.279,2155.428,0,5.397,9613661.629,6.952
9773,199,10399.224,37891.871,123.463,1056.403,36.246,3.172,3320670.117,8.679
9774,199,10595.219,33470.66,220.018,5503.813,0,7.749,19817904.24,8.487
9775,199,10540.581,37142.878,83.629,335.819,59.934,3.576,4220773.839,11.58
9776,199,10720.685,32955.706,7.664,36.538,49.738,10.452,36053879.768,12.61
9777,199,10716.247,34956.229,232.471,6700.875,0,5.336,9396338.632,6.84
9778,199,10716.451,35278.021,9.581,88.297,85.71,5.188,8880754.948,4.702
9779,199,10879.267,38400.883,4.643,29.767,68.68,7.561,18868322.138,10.923
9780,199,10902.927,33554.055,224.718,5237.08,0,4.306,6119939.033,7.215
9781,199,10986.256,36827.829,195.862,5362.919,0,10.387,35603908.471,8.528
9782,199,10989.859,37925.869,73.543,146.995,67.392,5.166,8807487.503,21.901
9783,199,11150.129,37346.576,162.58,3546.153,0,7.693,19531218.274,7.507
9784,199,11335.871,35632.354,85.503,517.642,79.612,5.486,9933148.548,10.501
9785,199,21567.196,30491.266,85.801,393.484,42.606,4.612,7020808.662,11.899
9786,199,21783.491,29953.749,49.155,79.83,50.724,6.171,12565402.298,22.452
9787,199,21998.596,30554.912,5.833,24.381,56.838,3.588,4247458.425,8.817
9788,199,22724.187,30174.73,254.491,4837.581,0,4.759,7472961.397,9.24
9789,199,23232.694,29220.064,265.723,5064.916,0,7.848,20327773.322,12.263
9790,199,23280.348,29842.78,159.625,1841.59,0,6.647,14581740.816,11.125
9791,199,26569.166,13057.44,82.296,316.068,114.881,2.911,2796313.827,11.057
9792,199,26876.482,13904.117,17.213,40.923,72.913,8.313,22808016.793,14.343
9793,199,27203.182,13156.619,67.94,231.454,85.998,2.349,1820686.286,10.182
9794,199,27200.153,14479.764,3.474,41.418,73.176,10.427,35881767.657,10.112
9795,199,27827.886,14212.091,181.265,2348.716,0,4.252,5966100.851,9.175
9796,199,27923.574,15388.971,37.066,79.209,66.039,4.567,6884519.21,12.788
9797,199,28244.962,15773.455,162.464,2446.486,0,4.409,6416781.263,7.834
9798,199,28457.001,15052.205,110.332,821.926,45.226,6.049,12075856.756,11.271
9799,199,32314.268,26566.671,92.431,303.239,17.891,2.451,1983251.081,12.483
9800,199,32655.934,26119.545,128.617,1354.04,0,4.009,5303987.11,8.295
9801,199,33040.557,27361.852,9.129,48.611,46.94,3.324,3646984.621,6.031
9802,199,33519.896,26959.131,29.701,59.187,36.696,3.748,4636883.826,11.31
9803,199,33918.344,27543.595,207.617,3123.316,0,3.097,3165182.763,8.335
9804,199,34715.558,29574.914,148.286,1280.647,0,4.225,5892046.566,10.56
9805,199,35499.732,28721.026,144.03,1210.089,0,4.157,5703282.974,10.49
9806,199,35839.114,26548.755,10.873,30.949,54.729,4.465,6577946.931,9.493
9807,199,36000.04,30237.732,6.779,26.807,38.982,3.192,3361632.753,8.138
9808,199,36320.12,25277.416,4.09,40.88,44.185,2.264,1690985.103,5.58
9809,199,36324,26403.871,7.791,31.393,50.69,2.736,2469534.661,7.266
9810,199,36482.675,27605.891,4.767,20.55,47.359,4.486,6641415.389,10.764
9811,200,10004.9,38880.561,10.203,83.236,86.555,4.935,8038090.558,4.912
9812,200,10187.908,39454.605,149.009,2901.515,0,11.394,42841704.293,9.616
9813,200,10298.735,38190.529,167.789,3076.381,0,4.167,5729655.291,6.946
9814,200,10322.099,38555.01,5.828,41.726,91.298,4.664,7177227.341,6.723
9815,200,10328.382,37934.27,26.241,50.317,80.479,8.445,23537921.898,18.255
9816,200,10560.299,37200.188,6.365,67.078,68.453,4.426,6464524.552,4.911
9817,200,10671.598,36809.618,226.176,5977.225,0,5.541,10132099.581,7.206
9818,200,10671.749,34826.701,82.693,344.699,83.77,3.384,3778747.084,11.003
9819,200,10729.052,36186.974,108.906,649.298,56.785,5.226,9013070.066,12.258
9820,200,10799.167,38482.522,4.572,54.211,74.851,5.666,10596304.248,5.885
9821,200,10880.852,33438.726,6.182,85.863,69.255,1.908,1201651.601,3.835
9822,200,11038.422,37922.291,2.83,34.139,82.069,4.516,6729551.199,7.226
9823,200,11026.868,36855.901,298.512,10916.466,0,3.806,4781202.917,6.324
9824,200,11125.056,34349.407,173.617,4090.853,0,6.671,14684379.708,6.989
9825,200,11174.481,37305.373,162.513,3214.209,0,8.404,23310662.493,8.449
9826,200,11306.992,34989.952,76.94,331.276,106.114,5.367,9507426.508,12.493
9827,200,11257.589,36090.962,206.08,3946.937,0,3.913,5053546.455,7.547
9828,200,11365.961,35618.87,127.835,2197.042,0,4.389,6358850.927,6.217
9829,200,21819.16,29964.59,153.391,1895.146,0,4.795,7588058.728,8.854
9830,200,22439.659,29513.461,221.047,3447.75,0,2.859,2696951.372,8.33
9831,200,22756.662,30152.782,168.454,2451.817,0,4.254,5971644.015,8.107
9832,200,24161.545,29089.637,151.613,1668.513,0,2.246,1664167.897,7.927
9833,200,26582.462,13191.845,209.852,5801.295,0,6.5,13942006.879,7.046
9834,200,26796.019,13664.873,10.217,37.263,80.165,6.902,15721502.225,10.154
9835,200,26800.503,12638.223,2.512,70.982,69.773,6.669,14678598.277,5.04
9836,200,27208.058,13150.728,162.447,3496.995,0,8.3,22737390.248,7.866
9837,200,27379.219,14657.051,42.54,67.552,64.279,4.243,5940427.482,16.497
9838,200,27533.785,15031.901,64.971,155.408,61.625,6.001,11885483.6,19.079
9839,200,27779.325,14248.456,188.171,2628.24,0,4.168,5731743.414,8.885
9840,200,27982.557,15372.139,145.629,2109.666,0,4.653,7143749.638,7.619
9841,200,28268.597,14913.065,68.975,231.452,69.242,1.376,625142.064,9.651
9842,200,28484.176,15099.705,130.171,1633.019,0,8.863,25922013.503,10.546
9843,200,28961.387,16141.571,34.622,41.377,55.159,3.115,3201204.542,15.901
9844,200,30008.27,35465.026,112.234,454.654,0,3.618,4320806.318,13.992
9845,200,32639.767,26123.302,1.599,26.916,44.062,2.296,1738952.011,6.911
9846,200,33016.807,27383.493,119.682,1027.834,0,3.525,4101430.398,8.724
9847,200,33929.16,27530.221,202.979,2824.773,0,3.319,3636220.056,8.761
9848,200,34244.948,28826.576,58.096,138.433,29.815,3.495,4031325.533,13.236
9849,200,34667.4,29535.917,39.713,53.58,42.159,3.642,4378315.356,16.649
9850,200,35319.906,29324.235,137.384,1258.352,0,4.229,5901162.148,9.646
9851,200,35817.494,24883.958,70.872,201.956,32.121,6.312,13149671.526,18.138
9852,200,35833.195,26699.896,204.662,2486.17,0,4.945,8071175.562,11.07
9853,200,35815.895,29936.091,116.023,474.03,23.474,2.756,2506944.59,12.862
9854,200,36079.002,30163.173,2.402,26.835,44.555,2.795,2578649.488,7.254
9855,200,36337.909,25259.191,65.45,178.121,28.178,2.174,1559289.761,11.25
9856,200,36396.298,26492.259,36.704,64.991,45.917,3.809,4788492.681,13.416
9857,200,36400.453,27597.438,2.671,54.91,46.302,4.013,5315356.979,5.09
9858,200,36690.513,28829.312,81.408,188.421,17.806,2.426,1942142.617,14.45
9859,201,9982.541,38918.388,64.309,259.514,72.65,5.258,9123514.889,11.545
9860,201,10233.425,38438.436,50.467,192.785,75.853,6.199,12680359.266,11.315
9861,201,10203.731,39456.216,137.253,1914.509,16.009,7.773,19937359.5,9.345
9862,201,10398.909,37880.363,212.723,4166.772,0,4.203,5830055.94,7.734
9863,201,10455.992,39163.519,262.655,7875.935,0,6.31,13138295.22,7.682
9864,201,10540.078,37177.432,89.057,516.256,45.64,1.71,964577.049,8.289
9865,201,10636.968,36788.548,6.158,48.457,95.328,10.693,37735614.677,9.56
9866,201,10693.32,34910.43,188.758,4340.89,0,5.715,10779323.665,7.095
9867,201,10727.573,35312.402,169.332,3481.687,0,5.804,11118799.315,7.162
9868,201,10705.308,36277.97,271.347,8302.523,0,3.53,4112011.628,6.553
9869,201,10879.523,33371.781,198.215,3433.739,0,7.5,18564323.508,10.224
9870,201,10994.747,37969.52,128.93,1622.779,14.522,5.055,8432820.968,7.95
9871,201,11039.261,36958.145,3.633,37.689,102.826,3.621,4328031.196,6.358
9872,201,11120.175,34369.989,60.752,180.738,108.082,8.695,24952741.031,19.759
9873,201,11145.414,37337.993,195.469,4365.794,0,4.436,6493715.998,6.848
9874,201,11221.832,36109.992,169.307,3013.226,0,4.235,5919499.031,7.144
9875,201,11318.876,34986.511,130.709,2829.886,0,6.965,16007634.744,6.226
9876,201,11308.533,35475.684,162.077,3392.712,0,3.217,3415966.821,5.994
9877,201,21678.544,30640.058,3.848,23.722,65.896,3.596,4268036.592,8.644
9878,201,21884.077,29960.75,133.715,1532.52,0,5.351,9449814.313,8.875
9879,201,22322.769,29523.619,6.808,78.174,66.246,10.877,39042031.096,6.588
9880,201,23054.858,29199.662,11.255,36.739,63.927,3.064,3098989.106,7.515
9881,201,23396.314,29259.176,132.837,1607.627,0,5.406,9643510.632,8.54
9882,201,24151.874,29045.112,11.435,46.022,50.138,5.583,10286480.29,8.039
9883,201,26558.918,13200.65,3.468,83.427,103.695,5.566,10223126.607,4.302
9884,201,26740.699,13546.746,51.794,125.636,91.519,6.667,14669050.948,17.393
9885,201,26829.688,12594.866,213.32,3597.974,0,2.429,1946325.909,7.603
9886,201,27563.25,15015.708,84.805,195.915,52.743,5.618,10415761.29,22.859
9887,201,27840.178,14206.421,52.549,120.016,49.787,2.878,2732758.099,12.03
9888,201,28156.064,15753.48,7.737,44.223,77.319,5.235,9042887.543,7.105
9889,201,28272.666,14924.998,164.216,2747.588,0,6.815,15326414.879,8.68
9890,201,29138.466,15945.758,128.89,1182.606,0,3.489,4016890.055,8.728
9891,201,32620.632,26877.387,160.211,1612.189,0,4.661,7169344.389,10.4
9892,201,32650.285,26166.782,166.553,1419.4,0,2.477,2024419.52,9.843
9893,201,32995.584,27331.361,173.207,1954.659,0,3.708,4536353.407,9.343
9894,201,35808.092,24983.328,143.665,1045.448,0,3.132,3237818.782,10.498
9895,201,35858.723,26743.828,68.942,122.378,37.327,3.728,4585947.256,18.853
9896,201,36077.713,30213.57,112.947,655.022,0,1.256,520573.125,9.14
9897,201,36322.896,25285.994,77.023,207.847,27.141,3.201,3381684.161,13.875
9898,201,36429.11,26528.937,173.003,1506.659,0,3.038,3045554.988,10.419
9899,201,36484.349,27639.647,42.251,61.543,36.57,2.927,2828276.071,14.705
9900,201,37007.405,25409.377,116.877,633.138,0,1.136,426136.497,9.587
9901,202,9992.676,38933.607,181.596,4058.619,0,3.663,4428876.489,6.284
9902,202,10244.036,38472.229,229.639,6045.331,0,7.892,20552934.6,8.51
9903,202,10199.792,39458.05,100.084,593.456,57.464,5.459,9834343.574,11.856
9904,202,10322.748,38067.088,211.693,4296.005,0,7.202,17119185.122,9.305
9905,202,10446.808,39213.269,21.522,53.431,92.842,12.687,53115688.411,19.391
9906,202,10536.764,33486.653,141.949,1910.704,0,2.328,1788944.663,6.866
9907,202,10560.315,37200.986,7.405,115.697,66.67,4.762,7483119.601,3.673
9908,202,10634.401,36746.071,181.658,3258.881,0,2.941,2854619.106,6.889
9909,202,10705.01,34836.61,185.846,4375.195,0,8.865,25934457.447,8.414
9910,202,10736.561,35363.661,56.978,195.086,76.929,3.226,3435275.695,9.984
9911,202,10668.746,38830.654,255.683,5643.511,0,3.423,3867585.749,7.645
9912,202,10798.825,33438.819,2.939,42.54,73.171,3.84,4866591.555,5.926
9913,202,10826.745,38413.445,147.972,2265.83,0,5.174,8835963.45,7.681
9914,202,11147.665,34357.33,170.513,3999.402,0,5.075,8500989.061,6.322
9915,202,11122.71,36873.45,8.217,33.681,86.289,5.737,10860693.995,9.217
9916,202,11160.755,37367.845,56.043,112.56,85.323,2.277,1711219.037,12.643
9917,202,11323.343,35006.362,186.331,5168.796,0,7.082,16552125.884,6.703
9918,202,11332.015,35590.163,64.036,163.217,93.1,3.206,3392094.977,12.924
9919,202,21605.902,29997.309,15.541,39.666,47.941,3.462,3954785.909,8.612
9920,202,22050.312,30460.94,147.608,1507.178,0,4.27,6017731.095,9.426
9921,202,22374.488,29531.617,167.289,2543.612,0,5.207,8947508.891,8.39
9922,202,22724.143,30089.834,7.031,18.291,63.982,4.145,5669397.544,11.94
9923,202,22958.473,29280.349,8.214,34.508,65.937,6.664,14656080.927,9.852
9924,202,23204.157,29854.687,140.264,1400.663,0,5.905,11509490.513,10.607
9925,202,24163.092,29036.29,7.801,60.446,48.341,3.95,5148598.333,5.285
9926,202,26517.281,12791.189,34.589,75.091,67.633,5.865,11353019.077,14.08
9927,202,26616.153,13236.172,253.315,7623.565,0,5.083,8527947.9,6.925
9928,202,26823.891,12582.34,230.715,4681.762,0,4.743,7422490.851,8.266
9929,202,27210.023,13169.008,179.588,4083.343,0,5.029,8344718.644,6.645
9930,202,27437.333,14624.805,37.617,80.992,59.052,6.086,12223474.853,15.078
9931,202,27524.105,15039.343,6.381,35.676,74.911,3.417,3854272.835,6.838
9932,202,27974.708,15389.332,187.436,3610.974,0,3.996,5269713.058,7.132
9933,202,28245.908,14895.406,182.413,3289.254,0,5.63,10461483.805,8.147
9934,202,29059.761,15995.391,162.145,2165.284,0,3.623,4332654.253,8.008
9935,202,32646.742,26158.606,10.584,24.676,36.588,3.695,4506361.464,10.182
9936,202,33027.758,27343.504,151.491,1790.658,0,3.055,3080247.456,7.98
9937,202,33942.2,27457.508,31.057,33.547,47.497,1.452,695374.051,13.119
9938,202,34697.201,29562.072,139.267,1257.062,0,2.873,2724450.247,8.824
9939,202,35383.271,28234.17,140.589,1067.335,0,1.923,1220189.494,9.193
9940,202,35440.493,28643.309,4.829,43.252,52.198,1.699,953148.264,5.333
9941,202,36068.273,30266.598,140.191,947.136,0,3.934,5108313.7,11.73
9942,202,36459.501,27559.195,117.656,783.346,0,4.614,7026126.527,11.244
9943,202,37228.265,26628.131,131.845,351.171,16.998,3.423,3867056.046,20.846
9944,203,9987.316,38951.811,138.941,2844.868,0,6.616,14447503.527,6.608
9945,203,10242.722,38443.026,115.391,951.385,49.39,4.329,6183450.419,9.326
9946,203,10196.907,39465.504,130.269,1965.245,0,4.477,6615115.193,6.852
9947,203,10424.558,39219.588,76.27,267.012,70.45,2.124,1489087.493,10.451
9948,203,10561.018,37119.023,7.352,79.614,72.757,5.322,9348882.812,4.746
9949,203,10721.543,34906.091,216.016,5079.722,0,6.444,13702099.274,8.031
9950,203,10722.105,35369.718,149.432,2788.38,0,4.982,8192418.437,6.706
9951,203,10708.828,36284.946,104.983,950.576,46.739,6.102,12289340.324,9.441
9952,203,10922.178,33572.979,64.631,117.399,68.82,2.869,2715757.104,15.739
9953,203,11041.119,34560.147,2.975,60.125,98.758,6.799,15255770.008,5.754
9954,203,11070.101,36911.253,193.198,3935.493,0,4.495,6669197.588,7.233
9955,203,11113.716,34019.988,170.871,2752.254,0,4.665,7182046.798,7.878
9956,203,11310.908,35002.222,64.33,133.913,113.922,2.805,2596537.601,14.173
9957,203,21567.668,30033.81,129.377,1180.4,0,5.219,8987749.943,10.1
9958,203,21726.893,30584.013,133.093,1242.028,0,2.408,1913959.897,8.178
9959,203,21928.818,29923.562,200.736,3316.18,0,2.711,2426080.515,7.551
9960,203,22353.112,29518.978,94.712,430.999,64.11,5.637,10484761.386,14.233
9961,203,22353.254,30313.694,203.806,2898.29,0,4.967,8142615.706,9.877
9962,203,22816.02,30126.559,91.286,612.657,29.46,4.53,6772371.653,9.391
9963,203,22988.217,29305.206,89.441,288.7,52.483,3.585,4241209.56,14.09
9964,203,23685.887,29206.059,9.224,46.987,58.31,2.709,2422038.895,5.938
9965,203,24182.146,29089.351,156.79,1751.831,0,4.495,6668284.913,9.398
9966,203,26563.209,12811.268,176.851,2865.552,0,4.469,6589685.451,7.915
9967,203,26621.019,13476.297,61.259,302.695,88.827,4.106,5564586.216,8.795
9968,203,26809.483,12611.809,86.374,295.101,67.574,3.165,3306271.738,12.62
9969,203,27219.027,13157.388,132.596,2215.566,0,6.032,12005985.574,7.117
9970,203,27383.927,14659.845,72.703,153.035,61.161,5.977,11791184.444,23.032
9971,203,27576.283,15038.408,93.867,633.476,49.219,3.862,4921941.586,9.021
9972,203,27912.732,15352.513,92.871,358.317,63.56,5.28,9199485.733,15.392
9973,203,28214.44,15721.978,169.359,2457.478,0,6.06,12120413.032,9.324
9974,203,28496.143,15106.739,135.355,2005.677,0,10.78,38350903.77,10.776
9975,203,28794.72,15480.198,74.379,255.108,39.598,2.511,2080111.06,10.796
9976,203,29058.646,15994.293,189.837,2720.989,0,6.733,14958763.772,10.796
9977,203,32642.264,26158.718,3.023,11.602,37.05,2.576,2189336.44,12.322
9978,203,32988.568,27362.172,64.191,166.838,38.399,7.303,17600641.765,20.276
9979,203,33937.345,27426.794,144.872,1373.57,0,5.591,10317871.885,10.985
9980,203,35410.99,28269.566,78.925,317.777,34.731,4.698,7282825.357,12.496
9981,203,35822.525,26473.129,188.828,1922.3,0,4.376,6319551.548,11.258
9982,203,36097.781,30214.324,63.669,203.648,17.038,2.955,2881553.945,10.797
9983,203,36364.449,25396.032,116.587,821.568,0,3.564,4192418.089,9.777
9984,204,9961.468,38965.645,53.56,177.803,97.879,2.178,1565804.791,9.068
9985,204,10272.553,38399.443,117.962,676.02,52.927,4.863,7804352.737,12.89
9986,204,10424.122,39215.712,114.133,960.976,47.037,7.67,19415956.965,12.035
9987,204,10542.942,37163.426,42.435,59.883,66.015,2.745,2485945.387,14.697
9988,204,10732.595,34904.663,339.22,11626.294,0,7.461,18371600.66,9.073
9989,204,10714.084,35374.707,189.196,4133.311,0,6.647,14581774.791,7.815
9990,204,10759.186,33038.179,199.514,2924.232,0,5.695,10702499.896,10.114
9991,204,10779.545,36765.54,50.441,83.975,81.852,6.592,14338662.996,23.471
9992,204,10936.988,33597.193,210.339,3573.282,0,5.225,9011374.057,9.093
9993,204,11012.952,37943.618,175.684,3367.669,0,5.123,8660366.167,7.368
9994,204,11118.155,33996.798,10.599,87.465,61.056,4.138,5650589.156,4.628
9995,204,11133.918,34348.252,211.249,4831.086,0,8.514,23921551.934,9.282
9996,204,11152.163,37246.34,155.065,2425.497,0,3.765,4678792.177,7.135
9997,204,11212.004,36187.511,56.34,132.468,86.261,3.071,3113089.632,12.509
9998,204,11197.177,36837.038,70.263,200.071,62.048,5.134,8697326.611,15.809
9999,204,11360.624,35034.544,6.366,38.809,125.642,5.227,9017509.795,7.509
10000,204,11342.417,35637.675,222.308,5573.624,0,2.906,2786575.526,6.365
10001,204,11341.56,35461.847,221.103,5458.549,0,7.01,16215969.998,8.188
10002,204,22358.278,29555.487,150.92,2315.133,0,6.208,12717358.576,8.346
10003,204,22374.377,30354.422,67.172,99.543,48.584,2.156,1533316.273,16.687
10004,204,22836.475,30061.388,52.489,81.621,68.518,5.431,9735378.178,22.177
10005,204,23267.29,29191.664,221.191,4253.357,0,7.468,18406465.235,10.228
10006,204,24198.174,29109.963,97.329,275.506,34.521,2.777,2545064.467,14.746
10007,204,26570.513,13158.396,230.561,5581.516,0,5.055,8431350.654,7.503
10008,204,27001.969,13822.835,228.045,4531.384,0,3.61,4301621.832,7.698
10009,204,27230.91,13196.798,145.895,2356.824,0,5.129,8681971.023,7.322
10010,204,27356.932,14608.996,84.26,254.272,69.595,1.86,1141821.45,11.751
10011,204,27588.413,15063.514,151.906,2315.868,0,4.52,6742245.168,7.504
10012,204,27916.022,15351.489,201.672,4137.642,0,3.845,4878269.301,7.108
10013,204,28225.303,15732.382,45.69,72.158,67.16,2.928,2828980.214,14.446
10014,204,28398.689,15073.824,191.783,4469.285,0,7.777,19958597.718,8.101
10015,204,28896.433,16156.904,85.726,270.956,31.551,1.988,1304602.978,11.68
10016,204,32452.084,26128.779,184.848,1281.022,0,3.161,3298256.57,12.781
10017,204,33017.428,27358.525,124.991,1231.626,0,4.524,6754274.688,8.841
10018,204,33891.478,27359.96,28.806,30.637,49.106,2.789,2566569.272,15.448
10019,204,34716.662,29559.847,6.176,29.934,43.657,4.16,5711519.977,8.164
10020,204,35468.736,28256.648,78.072,393.559,41.755,3.611,4302341.408,9.578
10021,204,35836.035,25050.416,7.251,12.428,37.851,3.04,3050006.573,13.762
10022,204,36002.616,30236.439,5.509,24.544,32.634,1.947,1251656.785,7.489
10023,204,36378.816,25460.764,47.762,78.038,35.824,3.426,3873809.427,15.413
10024,205,9980.08,38933.79,175.013,3584.642,0,6.369,13384945.807,7.61
10025,205,10263.646,39449.208,126.64,1597.846,0,6.641,14554324.846,8.773
10026,205,10380.643,37975.444,156.493,2277.95,0,6.292,13064209.776,8.947
10027,205,10559.464,37199.3,4.81,35.849,65.719,3.926,5085548.264,6.865
10028,205,10688.777,34936.172,122.549,2317.582,0,4.525,6758451.422,5.76
10029,205,10720.284,36286.015,185.798,4593.259,0,4.186,5782710.671,6.154
10030,205,10647.91,38851.403,93.951,201.476,64.008,3.621,4326991.126,19.856
10031,205,10878.3,38341.637,72.34,253.048,50.667,4.578,6917910.703,12.939
10032,205,10993.301,37939.061,144.11,2146.576,0,5.238,9054225.661,7.724
10033,205,11136.807,34364.196,181.017,3393.882,0,4.352,6249005.08,7.256
10034,205,11157.351,37296.756,174.072,3111.261,0,6.555,14181373.977,8.466
10035,205,11316.724,35620.038,113.465,518.865,71.297,3.772,4694633.714,13.16
10036,205,21619.351,30494.187,82.254,228.474,38.907,2.148,1523093.457,12.54
10037,205,21829.63,29872.649,194.231,3652.227,0,6.607,14406430.148,8.858
10038,205,22350.73,29513.22,200.021,4073.824,0,4.896,7911610.187,7.588
10039,205,22321.23,30323.861,6.066,39.933,54.254,6.555,14179529.004,8.163
10040,205,22783.733,30040.578,216.983,3626.927,0,4.597,6972781.003,8.945
10041,205,23202.684,29204.272,155.686,2336.909,2.36,6.473,13826713.514,8.832
10042,205,23854.659,29423.37,160.261,899.84,30.111,1.54,782951.475,11.384
10043,205,24174.458,29066.085,56.599,98.337,33.319,2.827,2636987.948,14.952
10044,205,26561.974,12795.335,7.004,48.47,63.46,3.492,4023508.008,5.764
10045,205,26638.778,13483.8,167.577,3105.931,0,3.531,4115528.542,6.655
10046,205,26745.937,12550.982,78.545,262.982,36.153,1.601,846389.535,10.452
10047,205,27177.942,14419.243,61.624,194.75,62.366,8.673,24822746.24,18.884
10048,205,27203.774,13155.935,78.669,280.866,71.04,5.718,10790487.494,15.234
10049,205,28233.186,15762.29,8.759,25.789,66.09,2.462,1999945.053,8.222
10050,205,28296.117,14968.369,63.231,165.387,76.717,2.065,1407737.017,11.205
10051,205,28963.674,16086.983,8.248,25.787,55.242,3.441,3907487.358,8.912
10052,205,32558.966,26119.882,2.2,18.264,47.497,4.482,6628969.788,11.306
10053,205,33038.678,27358.749,4.911,90.918,56.587,6.311,13143480.393,4.332
10054,205,35434.635,28390.469,105.014,532.991,35.875,4.446,6522321.939,12.453
10055,205,35992.302,27601.737,4.978,27.476,50.108,3.218,3417385.562,7.709
10056,205,36370.209,25404.66,121.047,887.683,0,5.978,11792157.122,12.128
10057,205,36364.736,26808.99,165.553,1582.808,0,2.063,1404284.536,8.91
10058,206,9998.321,38960.306,3.901,119.939,100.498,8.689,24914951.514,3.957
10059,206,10140.562,39400.475,226.48,5151.235,0,4.644,7118517.174,7.523
10060,206,10315.605,38403.505,273.317,7413.09,0,4.635,7089669.948,7.568
10061,206,10383.372,37911.647,74.883,173.476,59.159,4.262,5995102.361,17.458
10062,206,10557.535,37280.753,5.163,48.826,69.88,7.031,16312359.484,7.105
10063,206,10452.995,39147.582,59.605,112.327,80.617,6.885,15643611.989,24.389
10064,206,10625.234,33602.056,56.442,71.288,75.145,4.762,7484137.971,25.324
10065,206,10635.829,33042.263,9.505,61.055,49.605,6.04,12039018.75,6.341
10066,206,10693.135,34984.635,61.172,212.337,88.626,5.509,10015292.448,12.852
10067,206,10730.504,35396.503,61.25,232.328,72.593,2.797,2580949.466,9.377
10068,206,10968.692,33602.79,206.525,3467.623,0,4.426,6465929.293,8.522
10069,206,10997.575,37966.887,147.764,2096.65,0,4.531,6774717.39,7.731
10070,206,11112.441,34721.927,5.601,30.131,100.587,7.306,17615420.434,10.807
10071,206,11133.51,34027.463,73.943,170.882,65.349,5.733,10846855.785,20.899
10072,206,11151.966,34384.658,42.521,91.941,85.089,6.152,12489941.583,16.123
10073,206,11143.898,36913.903,61.213,217.319,75.076,6.076,12181396.95,13.358
10074,206,11142.223,37240.987,108.17,827.971,47.428,4.996,8237146.719,9.948
10075,206,11180.851,36297.474,226.069,5534.499,0,5.159,8784168.637,7.401
10076,206,11301.954,35056.314,227.142,7594.471,0,2.443,1969140.168,5.401
10077,206,11274.76,35690.061,229.006,5022.851,0,3.998,5273921.992,7.44
10078,206,21595.184,30460.279,177.979,2082.263,0,4.354,6257172.987,9.795
10079,206,21813.097,29919.548,209.513,4453.188,0,7.03,16308764.01,8.808
10080,206,22310.142,29568.056,182.843,2699.546,0,7.079,16540073.756,10.542
10081,206,22396.704,30320.974,3.192,28.247,61.759,3.762,4670535.516,7.726
10082,206,23180.241,29152.096,109.404,975.906,19.075,3.869,4940364.927,8.272
10083,206,23451.79,29339.821,219.763,3856.868,0,5.73,10835165.994,9.531
10084,206,24202.351,29045.087,5.342,17.083,43.677,3.826,4830589.905,11.559
10085,206,26525.675,13090.891,106.199,902.776,33.977,6.636,14531628.021,10.411
10086,206,26639.929,13522.365,3.436,68.982,83.233,10.482,36259533.791,6.594
10087,206,26817.282,12585.178,72.364,189.086,55.244,2.522,2098255.35,12.623
10088,206,26959.32,13761.698,8.911,27.726,73.134,6.516,14010633.957,11.887
10089,206,27214.266,14399.319,99.165,280.503,51.907,4.969,8148338.243,20.008
10090,206,27218.362,13168.349,90.786,881.009,21.48,5.434,9743696.084,7.776
10091,206,27655.672,15110.327,103.633,664.277,35.694,4.68,7226589.121,10.669
10092,206,27919.397,15442.01,5.512,52.337,78.71,3.54,4135171.047,5.333
10093,206,28222.088,15759.781,66.645,120.285,60.964,3.065,3099253.974,16.554
10094,206,28326.118,14991.191,146.428,2245.961,0,4.349,6242667.528,7.227
10095,206,28880.046,16155.04,6.261,21.104,50.012,2.245,1663865.528,8.534
10096,206,29121.057,15998.961,10.227,50.098,47.959,3.399,3813751.179,6.152
10097,206,32317.779,26485.113,114.698,765.365,0,2.855,2689546.12,9.453
10098,206,32537.173,26160.884,201.814,2723.556,0,2.63,2281982.649,8.476
10099,206,32975.089,27360.088,124.85,1098.137,0,6.127,12390452.184,10.933
10100,206,33676.627,27124.824,9.378,33.134,52.956,4.364,6284463.394,8.503
10101,206,34640.015,29600.092,0.109,20.382,44.273,5.438,9758279.031,11.454
10102,206,35423.834,27957.608,122.484,1166.297,0,1.78,1045762.228,7.487
10103,206,35441.378,28463.187,60.529,50.069,49.995,4.29,6073494.41,35.515
10104,206,35600.902,29607.541,39.497,64.428,42.266,2.954,2879506.658,13.234
10105,206,35960.465,27678.385,207.112,2708.505,0,3.745,4629073.991,9.545
10106,206,36086.988,30275.499,56.214,91.916,28.463,3.139,3252696.56,16.225
10107,206,36388.392,25387.154,130.642,865.216,0,2.15,1524954.78,9.692
10108,206,37181.009,25541.738,116.642,599.938,0,4.18,5765989.783,12.889
10109,207,9984.4,38960.791,97.811,791.915,36.71,6.991,16129652.846,10.481
10110,207,10148.505,39433.316,234.049,4983.094,0,4.774,7520703.561,8.099
10111,207,10281.443,38476.582,4.512,33.976,95.93,2.882,2740996.114,6.508
10112,207,10434.666,39167.06,195.376,4355.596,0,3.738,4610859.013,6.593
10113,207,10535.152,37200.227,47.383,108.373,53.991,3.975,5213272.359,12.857
10114,207,10651.284,36838.463,168.557,2922.473,0,4.954,8100488.191,7.583
10115,207,10678.068,35041.463,2.405,46.879,102.162,6.042,12048169.253,6.49
10116,207,10758.939,35390.635,230.401,5954.697,0,7.095,16612206.118,8.203
10117,207,10646.582,38928.28,77.459,295.845,58.523,4.75,7445111.191,12.906
10118,207,10864.306,33082.727,195.982,3083.758,0,1.978,1290951.568,7.377
10119,207,10879.349,33601.991,6.046,44.041,79.076,5.027,8341326.427,6.7
10120,207,11039.309,36835.192,2.265,59.233,111.288,3.063,3095459.486,4.604
10121,207,11122.855,37439.567,6.258,53.192,87.331,8.186,22112166.295,7.435
10122,207,11172.807,34331.368,189.836,4176.94,0,3.741,4619280.225,6.535
10123,207,11322.121,35027.897,75.388,411.092,86.438,2.656,2328228.355,8.325
10124,207,11348.271,35290.514,8.972,27.295,94.399,7.023,16279404.324,12.691
10125,207,21577.1,30449.464,217.281,2825.397,0,2.728,2456358.37,9.11
10126,207,21835.198,29921.502,204.036,4099.745,0,5.286,9222079.018,7.965
10127,207,22296.142,29538.828,53.064,68.499,66.832,5.714,10773554.689,27.238
10128,207,22333.826,30387.906,162.019,2267.337,0,5.381,9556301.221,8.81
10129,207,22827.545,30063.725,44.425,69.594,62.431,4.127,5620323.611,16.801
10130,207,23463.25,29027.87,146.562,1804.28,0,6.675,14704592.437,9.954
10131,207,23913.257,29309.365,171.795,1891.962,0,5.408,9651943.992,10.936
10132,207,26491.98,12785.725,60.475,164.192,69.104,3.964,5185994.205,13.027
10133,207,26585.755,13109.883,122.918,1007.589,27.289,7.361,17880410.161,12.692
10134,207,26638.474,13453.535,206.745,4288.744,0,5.813,11150933.27,8.153
10135,207,27177.691,13094.709,81.118,488.156,61.748,7.806,20107202.351,12.378
10136,207,27213.752,14452.333,166.953,2165.125,0,5.966,11746009.423,9.951
10137,207,27666.207,15134.095,195.912,3226.859,0,5.73,10833712.099,9.196
10138,207,27856.877,14242.463,78.089,211.399,35.256,2.929,2830345.203,13.511
10139,207,27918.454,15450.153,128.229,1446.633,24.417,6.744,15010694.792,9.698
10140,207,28815.549,15494.316,138.101,1210.016,0,1.992,1310047.575,8.439
10141,207,29079.855,15919.887,2.089,17.738,49.066,3.143,3259051.719,9.813
10142,207,32636.476,26155.618,7.558,54.606,59.472,4.955,8101331.887,5.982
10143,207,33762.467,27230.155,182.193,2052.936,0,5.59,10311447.86,11.406
10144,207,35441.97,28402.183,9.208,44.03,50.452,6.988,16115581.733,8.632
10145,207,35543.223,27994.736,81.28,270.577,32.964,3.323,3644465.897,12.589
10146,207,35600.561,29600.375,4.074,24.167,52.284,4.695,7273183.95,9.616
10147,207,35760.077,25026.353,153.223,1103.899,0,2.434,1955655.809,10.332
10148,207,35690.503,30569.082,133.987,858.645,0,2.679,2368268.444,10.468
10149,207,36086.037,30255.478,108.795,773.414,0,4.455,6551377.644,10.042
10150,207,36392.799,26742.135,68.118,113.059,38.991,3.763,4673639.011,19.808
10151,207,36424.068,27761.845,36.655,63.934,40.318,3.055,3080301.829,12.398
10152,208,9972.079,38919.376,172.587,2692.892,0,5.748,10903569.077,8.758
10153,208,10205.563,39453.513,153.288,2607.345,0,10.026,33170104.388,10.115
10154,208,10264.072,38155.178,68.592,118.807,76.762,5.147,8743393.718,23.436
10155,208,10292.022,38406.298,62.493,117.834,75.859,7.886,20521883.542,28.13
10156,208,10393.466,37880.968,99.529,576.356,33.43,2.127,1493563.764,9.005
10157,208,10576.575,37250.367,204.966,4161.875,0,8.131,21818371.788,9.698
10158,208,10691.288,34910.904,34.713,58.908,93.63,1.456,700012.187,10.535
10159,208,10722.781,35404.956,138.699,1669.445,20.449,4.129,5625170.924,8.042
10160,208,10635.767,38932.975,81.898,338.923,47.769,2.854,2688745.645,10.46
10161,208,10806.335,36719.886,9.713,44.995,93.464,6.031,12003678.42,7.979
10162,208,10868.802,33042.376,144.072,1763.248,0,5.783,11037545.608,9.215
10163,208,11078.706,34047.709,213.311,4190.394,0,3.318,3633049.73,7.316
10164,208,11083.687,37606.133,205.941,4159.446,0,6.289,13054356.321,8.57
10165,208,11117.022,34701.371,29.196,85.763,89.847,5.249,9093611.188,9.858
10166,208,11172.11,37307.479,108.573,820.001,55.59,2.394,1890599.67,8.247
10167,208,11233.498,36247.748,109.003,880.056,49.053,4.335,6202115.369,9.126
10168,208,11357.358,35119.745,3.23,47.838,112.332,10.949,39561491.493,9.213
10169,208,21617.923,30516.125,204.889,2760.141,0,3.475,3985105.672,9.101
10170,208,21816.781,29868.411,135.514,2074.698,0,3.764,4674757.999,6.677
10171,208,22335.864,29552.406,130.982,1746.419,0,3.757,4658956.738,7.115
10172,208,22385.407,30381.096,31.298,62.924,65.748,5.202,8929835.743,13.396
10173,208,22761.258,30095.963,65.024,166.524,70.284,6.495,13919510.709,19.034
10174,208,23169.033,29201.71,186.944,2929.255,0,1.889,1177352.602,7.181
10175,208,26553.977,12848.599,190.476,3517.56,0,5.808,11131753.456,8.358
10176,208,26636.923,13440.707,4.107,40.624,75.512,4.418,6442857.837,6.486
10177,208,26702.259,13648.881,70.214,185.769,63.179,4.445,6520522.9,15.433
10178,208,26799.838,12636.16,9.666,60.191,51.46,4.511,6716742.472,5.796
10179,208,27137.511,13088.513,98.381,335.12,72.997,7.387,18010232.057,22.469
10180,208,27190.346,14421.845,30.8,69.2,68.851,2.736,2471072.872,9.565
10181,208,27600.68,15118.633,8.043,104.295,63.422,6.911,15761616.035,4.403
10182,208,27829.47,14291.748,50.968,72.609,45.853,2.622,2268456.766,15.738
10183,208,27847.607,15418.51,185.906,3959.83,0,3.639,4370377.583,6.546
10184,208,28257.341,14948.312,192.124,3470.544,0,9.511,29854404.218,11.155
10185,208,28959.545,16079.607,1.06,18.942,53.204,5.305,9285974.806,12
10186,208,31247.851,33719.467,121.021,436.252,0,2.515,2088201.28,13.934
10187,208,32319.587,26479.666,1.525,37.592,39.216,3.611,4303500.822,6.222
10188,208,32611.881,26137.971,119.972,1173.199,0,2.814,2613770.892,7.698
10189,208,35427.624,28433.785,84.254,520.285,18.481,3.077,3124548.959,8.448
10190,208,35519.995,29519.957,0.119,36.593,56.316,6.37,13389950.847,7.915
10191,208,35732.893,26525.551,161.934,1308.52,0,3.066,3103122.793,10.514
10192,208,36073.487,30277.102,120.767,969.307,0,4.78,7541570.617,10.169
10193,209,9980.244,38958.755,149.587,2181.97,0,4.612,7019556.558,7.694
10194,209,10320.248,38325.14,8.034,56.131,80.976,3.068,3106599.891,5.287
10195,209,10280.408,39442.423,121.698,1473.353,0,4.574,6903536.07,7.612
10196,209,10421.973,39226.628,41.776,81.988,71.097,4.215,5863091.426,13.86
10197,209,10558.08,37200.914,5.767,69.375,84.861,7.043,16371978.091,5.553
10198,209,10638.329,33520.312,3.814,54.444,77.142,5.905,11507916.271,5.886
10199,209,10676.152,34952.922,37.15,96.197,85.746,4.019,5330797.479,10.528
10200,209,10731.936,35373.222,86.725,424.43,65.706,3.675,4457137.163,10.461
10201,209,10633.53,38932.013,92.851,297.771,53.193,4.815,7650501.491,16.882
10202,209,10802.77,36726.398,25.354,65.381,96.973,8.042,21343281.735,13.493
10203,209,10859.004,33055.691,159.119,1446.518,21.605,6.45,13728040.69,13.159
10204,209,10884.264,33597.221,13.178,71.948,74.115,5.137,8709732.765,6.053
10205,209,11005.428,37948.596,168.731,2767.96,0,7.727,19701658.168,9.593
10206,209,11118.928,34002.642,5.311,51.158,85.498,4.875,7844503.929,5.881
10207,209,11130.47,36831.7,182.509,3981.011,0,3.58,4230555.815,6.367
10208,209,11136.987,37314.084,168.165,3183.06,0,7.119,16727080.232,8.231
10209,209,11244.37,36217.717,149.293,2536.08,0,5.513,10030692.276,7.365
10210,209,11319.512,35116.896,5.046,13.808,109.417,5.617,10412887.362,17.198
10211,209,11284.042,35646.334,51.038,148.912,83.976,2.96,2891739.017,10.205
10212,209,21624.311,30560.381,136.891,1420.628,0,2.838,2657605.007,8.021
10213,209,21844.327,29921.012,20.808,51.337,66.532,6.796,15241299.825,12.12
10214,209,22347.228,29560.165,151.478,1973.279,0,4.748,7440620.29,8.441
10215,209,22718.821,30158.66,4.675,93.457,70.67,4.955,8104117.679,3.967
10216,209,23195.751,29236.191,284.855,5571.76,0,3.795,4753709.438,9.053
10217,209,26483.437,12801.575,5.446,63.089,64.733,4.425,6461471.002,5
10218,209,26595.05,13134.607,53.108,101.155,66.448,3.372,3751321.585,14.523
10219,209,26628.873,13464.922,147.748,1964.892,0,6.865,15550966.799,9.581
10220,209,26752.367,13634.003,220.825,4170.889,0,6.73,14945819.134,9.791
10221,209,26813.285,12597.277,48.886,132.288,49.16,3.915,5058344.834,11.522
10222,209,27026.404,13927.146,188.414,2870.824,0,6.076,12182510.234,9.724
10223,209,27137.187,13151.317,101.221,358.527,70.419,5.064,8464417.674,17.129
10224,209,27186.738,14416.12,101.291,641.089,26.036,7.291,17540994.791,13.426
10225,209,27387.183,14612.138,108.525,1224.973,0,5.579,10272122.717,7.937
10226,209,27832.25,15363.008,53.018,119.426,90.521,6.221,12773374.451,17.921
10227,209,29036.786,16032.643,53.385,86.222,47.925,1.861,1143224.472,13.468
10228,209,31268.267,33761.759,95.325,197.826,11.088,2.809,2604154.714,18.146
10229,209,32651.076,26140.915,71.108,137.784,40.95,4.06,5440387.556,18.856
10230,209,32942.367,27364.201,131.818,881.52,0,4.33,6188617.854,11.788
10231,209,34711.963,29558.164,64.928,128.802,31.837,2.384,1875273.843,13.955
10232,209,35420.571,27942.402,128.192,927.943,0,4.13,5628392.545,10.732
10233,209,35543.124,29564.988,123.287,979.308,0,4.335,6201478.515,9.992
10234,209,35784.891,24956.747,129.543,885.883,0,3.345,3692869.728,10.444
10235,209,35958.228,28080.206,170.201,1676.207,0,4.109,5571525.514,10.469
10236,209,36183.076,24453.147,232.947,3174.942,0,3.215,3411931.599,9.588
10237,209,36112.963,30282.939,125.563,907.548,0,3.074,3117900.734,9.661
10238,210,10002.009,38913.874,102.812,510.046,46.062,5.844,11270274.135,14.422
10239,210,10318.978,38402.494,3.67,56.123,74.897,4.184,5777184.167,5.139
10240,210,10428.857,39154.804,188.595,3041.459,0,6.756,15063574.91,9.833
10241,210,10564.964,33468.799,182.799,2762.395,0,3.738,4611393.011,8.038
10242,210,10653.162,34884.004,17.611,69.176,88.29,9.432,29361731.236,10.197
10243,210,10644.635,38895.41,139.606,1852.899,0,4.89,7892850.549,7.985
10244,210,10837.878,33008.367,150.053,1694.162,0,3.549,4157333.679,8.44
10245,210,10961.967,33634.952,202.809,3695.336,0,3.132,3236527.225,7.348
10246,210,11037.95,37922.166,5.224,46.778,73.218,5.787,11053622.431,6.681
10247,210,11118.623,33997.893,4.95,79.008,70.632,4.278,6039682.921,4.278
10248,210,11163.761,34439.331,223.393,5787.25,0,5.241,9064790.158,7.11
10249,210,11117.821,36802.012,7.557,62.104,91.445,8.599,24402262.242,7.027
10250,210,11145.481,37319.123,157.078,2929.494,0,2.731,2461597.016,6.158
10251,210,11316.419,35049.74,78.007,279.831,89.049,4.153,5691007.221,12.743
10252,210,11362.65,35651.347,2.695,20.17,95.639,6.395,13495813.112,13.06
10253,210,21721.769,30579.603,121.771,1427.471,0,6.227,12796709.886,8.743
10254,210,22371.738,29568.485,86.585,275.201,60.198,4.472,6600734.565,15.517
10255,210,22647.532,30183.894,150.059,2629.122,0,3.541,4138735.923,6.459
10256,210,23166.624,29168.271,147.366,1493.643,0,3.252,3490218.291,8.738
10257,210,23348.536,29813.582,78.629,178.542,34.883,2.447,1976402.093,14.374
10258,210,26511.445,12692.716,85.057,393.142,39.23,3.224,3430664.765,10.303
10259,210,26636.926,13397.803,139.802,1718.017,0,5.214,8972970.045,8.622
10260,210,26710.541,13633.206,167.529,2165.131,0,5.674,10622840.415,9.767
10261,210,26723.963,12627.642,8.173,30.568,54.8,5.955,11702815.625,10.136
10262,210,27197.187,13121.725,2.371,25.001,90.631,4.012,5312814.83,8.527
10263,210,27364.526,14641.795,24.301,84.221,62.242,7.312,17645648.045,9.861
10264,210,27852.78,15375.259,166.534,3262.906,0,9.749,31364020.611,9.455
10265,210,28346.77,15035.816,167.461,2881.753,0,3.716,4556689.938,7.027
10266,210,28673.939,16064.239,161.644,2083.584,0,7.955,20886394.733,11.429
10267,210,28996.363,16069.274,167.271,2248.769,0,3.919,5067785.581,8.296
10268,210,31207.883,33761.442,52.109,39.065,20.032,1.257,521838.741,19.504
10269,210,32548.499,26154.773,173.609,1770.579,0,2.196,1591771.283,8.895
10270,210,32751.586,26188.478,124.97,991.182,0,2.575,2188737.168,8.77
10271,210,34718.738,29506.391,152.539,1201.959,0,3.993,5263016.789,11.221
10272,210,35601.445,29604.447,9.69,32.715,47.008,3.181,3338501.054,7.767
10273,210,35738.899,26428.581,94.063,374.702,21.732,4.2,5822304.075,13.434
10274,210,35806.133,24918.702,2.518,16.592,41.667,3.001,2971340.18,10.141
10275,210,35805.439,25487.197,140.967,926.411,0,4.957,8107631.706,13.352
10276,210,36155.973,24462.252,46.479,92.681,37.425,3.942,5128457.736,14.012
10277,210,36355.844,25454.619,182.795,1588.271,0,3.68,4468057.8,11.488
10278,210,37254.509,25438.122,167.219,1244.705,0,2.751,2497913.166,10.975
10279,211,9971.604,38933.671,58.532,153.998,64.153,8.126,21790086.524,20.358
10280,211,10326.246,38157.446,190.255,4147.756,0,2.397,1896736.766,6.184
10281,211,10256.16,39427.955,160.355,2432.025,0,8.271,22573935.327,10.205
10282,211,10578.45,37170.778,169.088,2949.541,0,5.829,11214779.124,8.027
10283,211,10630.309,36771.958,148.171,2286.166,0,2.547,2141351.067,6.578
10284,211,10690.908,34983.117,115.82,1373.164,32.561,5.205,8939369.821,7.803
10285,211,10734.952,36242.862,54.742,122.567,87.327,7.31,17633094.614,20.664
10286,211,10620.09,38863.799,185.608,3020.863,0,5.876,11394073.523,9.027
10287,211,10830.772,33042.44,84.214,263.865,42.068,4.393,6367856.189,15.242
10288,211,10880.373,33560.178,2.046,23.044,72.675,2.912,2798965.99,8.044
10289,211,10986.457,37968.28,51.111,74.904,70.575,2.382,1871862.269,14.958
10290,211,11115.098,33987.921,6.451,31.049,75.552,6.003,11891196.159,9.553
10291,211,11172.762,34446.273,144.32,2443.541,0,6.696,14796765.467,7.79
10292,211,11119.735,36163.561,3.731,37.396,86.417,2.482,2032433.8,5.912
10293,211,11117.958,37397.045,195.687,3522.799,0,3.003,2976419.536,7.196
10294,211,11204.875,36832.497,41.851,111.709,80.789,5.06,8450687.028,12.07
10295,211,11333.997,35010.174,205.336,5895.233,0,8.312,22800963.857,7.531
10296,211,11276.178,35683.688,105.024,443.501,60.497,2.672,2355610.743,11.741
10297,211,21723.825,30596.459,164.747,2462.986,0,4.783,7551034.659,8.151
10298,211,22385.015,29593.516,200.299,3349.102,0,6.708,14848990.793,9.968
10299,211,22339.758,30298.28,198.157,3320.47,0,5.738,10867336.674,9.162
10300,211,22617.196,30210.681,175.334,2989.596,0,3.41,3838422.429,7.134
10301,211,23436.802,29194.237,6.383,27.443,61.517,2.409,1915168.229,7.412
10302,211,26559.042,12718.775,2.364,29.794,65.087,1.878,1164352.593,6.378
10303,211,26681.439,13565.162,82.732,218.77,67.375,3.306,3606520.027,14.917
10304,211,27039.83,13928.908,7.55,34.999,66.026,5.425,9711256.641,8.52
10305,211,27091.232,13061.852,260.954,7520.728,0,3.921,5072498.281,6.777
10306,211,27327.563,14547.418,176.696,2557.304,0,3.911,5047200.636,8.186
10307,211,27832.37,15411.933,77.995,330.622,75.351,6.762,15091122.979,14.626
10308,211,28324.398,14985.399,186.447,3607.985,0,6.996,16152337.662,8.652
10309,211,29124.531,15981.764,123.549,1210.319,0,4.573,6901823.389,8.843
10310,211,33040.46,27362.618,10.555,46.965,32.764,2.866,2711566.563,6.24
10311,211,33569.712,28035.884,183.767,1472.53,0,4.259,5986173.198,12.963
10312,211,34724.233,29566.604,25.9,52.716,41.015,2.998,2966366.923,9.946
10313,211,35409.299,28495.898,102.21,336.701,20.029,1.812,1083163.315,12.347
10314,211,35593.789,29521.634,2.856,12.859,47.996,0.718,170053.147,9.385
10315,211,35646.298,30574.602,146.767,1124.309,0,3.219,3419194.122,10.374
10316,211,35719.976,26432.936,148.423,1652.499,0,4.815,7650714.52,9.319
10317,211,35768.508,24882.65,4.213,15.566,50.867,4.443,6514079.479,13.133
10318,211,35835.281,28082.248,5.128,36.712,42.36,4.476,6612812.832,7.118
10319,211,35920.139,27669.25,6.737,27.504,44.427,3.126,3224309.408,7.946
10320,211,36239.93,24568.277,61.13,186.132,39.658,6.08,12201153.19,15.109
10321,211,37361.675,25520.78,5.329,67.218,33.724,5.318,9334000.245,5.049
10322,212,10001.615,38877.633,6.197,45.097,73.002,9.54,30034190.825,9.382
10323,212,10153.26,39434.828,6.757,24.12,78.064,5.286,9220447.537,10.925
10324,212,10300.473,38134.215,150.419,2673.334,0,4.19,5792472.403,6.638
10325,212,10569.625,37133.804,118.069,783.499,52.173,6.09,12240649.529,13.008
10326,212,10572.711,38978.079,167.321,2686.829,0,5.875,11391963.875,8.476
10327,212,10703.453,32971.683,80.495,164.951,36.268,2.762,2516827.471,16.301
10328,212,10689.366,35054.515,58.289,136.327,84.12,5.874,11387513.027,17.783
10329,212,10758.09,36294.952,205.744,4794.595,0,9.967,32783769.77,9.852
10330,212,10729.49,36803.729,57.787,97.404,87.441,4.635,7089556.146,19.865
10331,212,10850.667,38449.13,68.029,182.146,49.998,5.823,11191084.481,17.577
10332,212,10961.881,37945.312,63.002,115.681,61.746,3.055,3080082.519,15.784
10333,212,11117.667,36798.885,9.853,48.257,85.35,5.22,8992612.411,7.131
10334,212,11135.553,37321.132,79.103,311.198,71.201,5.852,11302381.261,14.348
10335,212,11201.241,36076.935,4.887,42.694,81.374,5.859,11328961.359,7.13
10336,212,11327.491,35016.512,82.483,329.335,93.416,5.126,8670366.695,13.546
10337,212,11337.88,35328.889,212.108,5113.042,0,6.21,12724868.519,7.67
10338,212,22332.646,29611.438,173.386,2782.779,0,6.517,14017748.534,9.112
10339,212,22697.369,30180.311,151.691,2726.869,0,8.29,22682101.638,8.574
10340,212,23412.074,29214.654,46.114,112.3,60.323,5.305,9287167.609,13.991
10341,212,26127.614,2865.953,57.935,94.31,13.369,1.164,447435.169,12.986
10342,212,26536.02,12716.555,60.536,148.761,44.623,4.994,8230415.989,15.826
10343,212,26626.789,13485.174,138.107,2026.352,0,4.058,5435387.104,7.046
10344,212,27002.757,13946.626,180.194,2240.769,0,1.676,926846.001,7.903
10345,212,27144.903,13035.677,114.24,865.897,53.586,3.698,4514221.389,9.31
10346,212,27328.043,14646.217,135.278,1655.959,0,3.382,3773880.071,7.466
10347,212,27873.759,14301.011,153.461,1607.568,0,6.141,12446757.565,11.148
10348,212,27861.381,15399.816,175.483,3251.087,0,7.231,17257441.246,8.692
10349,212,28312.747,14957.547,6.401,32.433,92.391,6.635,14530247.775,9.775
10350,212,29079.129,16008.944,189.587,1964.388,0,4.43,6477249.602,11.207
10351,212,34217.07,28846.395,137.671,882.156,0,2.252,1673112.844,10.259
10352,212,35242.959,29252.553,131.152,1095.841,0,4.823,7676954.959,10.493
10353,212,35600.222,29599.206,6.458,59.437,42.522,6.133,12413524.115,5.944
10354,212,35681.005,30560.278,9.219,45.51,33.365,3.552,4162569.592,6.397
10355,212,35701.707,26431.643,156.635,1663.515,0,5.227,9015937.944,10.349
10356,212,35972.063,27622.304,157.388,1480.901,0,5.357,9469203.53,11.485
10357,212,35922.999,28090.949,90.186,385.504,17.81,2.498,2059431.687,10.493
10358,212,36272.289,24619.53,36.112,38.589,41.701,3.882,4974060.942,19.755
10359,212,36420.491,26751.893,161.351,1362.008,0,3.815,4803120.235,10.924
10360,212,37179.595,26653.035,108.447,466.036,0,4.068,5460935.296,13.8
10361,212,37422.131,25465.919,156.382,1259.594,0,1.751,1011740.094,9.323
10362,213,9910.927,39308.601,79.996,323.246,40.379,5.395,9605341.19,13.512
10363,213,9997.255,38942.395,99.491,722.207,39.744,4.966,8139672.372,9.746
10364,213,10334.905,38136.862,177.691,3234.002,0,4.164,5721911.896,7.225
10365,213,10319.342,38397.859,5.663,47.565,72.848,3.896,5009618.862,5.806
10366,213,10415.215,37879.745,23.949,48.886,76.95,7.217,17190942.643,15.07
10367,213,10657.421,33440.188,37.258,30.274,72.749,2.408,1913259.552,19.337
10368,213,10552.694,39008.706,168.136,2787.562,0,6.67,14679835.413,8.798
10369,213,10664.12,34991.301,185.397,3857.831,0,4.6,6983608.43,6.998
10370,213,10744.088,35393.676,107.204,564.843,50.752,3.025,3019966.198,10.682
10371,213,10795.25,33052.111,214.477,3247.704,0,4.605,6999642.687,9.502
10372,213,10899.906,38280.59,150.277,1980.674,0,7.5,18564290.338,10.25
10373,213,10951.425,33617.005,10.315,24.114,67.337,6.34,13263499.684,13.809
10374,213,10979.351,38009.463,175.711,2408.098,0,3.786,4730728.715,8.371
10375,213,11136.539,33997.495,154.512,2488.473,0,3.7,4519059.575,6.968
10376,213,11161.324,34284.403,286.922,9361.642,0,3.027,3024821.237,6.362
10377,213,11330.698,35007.801,80.495,324.732,84.851,3.151,3275960.275,10.819
10378,213,11363.581,35400.026,153.231,2900.961,0,6.819,15344924.047,7.555
10379,213,21731.473,30553.562,188.172,3182.478,0,4.842,7737664.318,8.222
10380,213,21800.575,29943.53,231.199,3624.46,0,3.958,5171069.643,9.259
10381,213,23155.976,29251.166,246.44,4860.463,0,3.149,3271604.43,7.868
10382,213,26556.461,12772.914,98.255,341.646,39.815,2.648,2313587.864,12.743
10383,213,26660.493,13423.267,196.612,3105.017,0,5.904,11504071.994,9.635
10384,213,27100.841,13037.278,185.806,3564.368,0,6.883,15636456.422,8.619
10385,213,27333.636,14594.511,75.725,219.885,40.859,3.18,3336372.314,13.023
10386,213,27848.871,15388.08,159.748,2838.729,0,5.665,10591168.076,7.543
10387,213,28329.114,15001.215,217.872,5271.925,0,6.611,14423301.57,8.004
10388,213,28960.159,16082.669,7.913,55.644,47.865,5.565,10221772.049,6.229
10389,213,32559.697,26078.424,6.864,41.852,53.961,3.039,3047171.373,6.096
10390,213,34224.297,28884.57,157.41,1162.46,0,1.667,916664.094,9.765
10391,213,35240.611,29260.522,124.403,1035.221,0,5.076,8504316.69,10.377
10392,213,35505.764,28249.893,94.443,218.259,28.353,2.767,2526686.461,16.61
10393,213,35684.722,26404.888,10.004,42.04,41.788,3.758,4661866.937,7.003
10394,213,35839.902,25518.647,4.546,41.877,33.115,3.263,3514678.569,5.891
10395,213,35966.568,27579.27,145.575,1573.279,0,3.82,4816490.99,8.688
10396,213,35952.64,28165.883,80.981,317.637,24.332,2.616,2258327.54,10.52
10397,213,36161.073,24562.503,4.925,25.146,38.089,2.457,1991518.834,7.607
10398,213,37381.034,25521.649,105.413,309.735,13.638,2.716,2434530.717,15.005
10399,214,9999.622,39000.465,68.313,229.232,60.492,4.203,5829104.583,12.359
10400,214,10315.038,38236.94,8.607,65.618,80.532,5.753,10922410.805,5.745
10401,214,10384.755,37870.413,77.237,192.916,74.102,6.334,13239869.159,21.692
10402,214,10521.328,39043.967,196.904,3990.845,0,6.938,15885145.286,8.664
10403,214,10653.246,33494.656,215.077,4109.809,0,4.153,5693095.914,7.886
10404,214,10668.219,35002.115,191.908,3918.559,0,9.567,30205333.866,10.114
10405,214,10746.947,35296.732,177.011,3069.863,0,4.771,7511519.879,7.731
10406,214,10797.25,36241.903,4.461,44.599,89.938,6.079,12194022.96,6.965
10407,214,10853.57,33071.084,149.071,1345.381,18.18,2.974,2919296.986,9.256
10408,214,10879.848,36723.281,7.023,80.112,105.806,7.191,17063272.194,5.219
10409,214,10911.608,38294.305,152.167,1739.85,0,6.046,12064450.786,10.286
10410,214,11114.365,33955.009,59.902,123.602,70.245,6.814,15320813.273,22.414
10411,214,11151.31,34356.12,58.844,123.156,86.303,5.138,8711617.996,17.981
10412,214,11090.099,37416.854,84.069,311.451,62.921,7.236,17281513.484,18.149
10413,214,11177.063,36215.844,198.739,4227.401,0,1.182,461250.558,6.176
10414,214,11315.894,35022.853,70.568,189.192,90.343,5.479,9908516.542,17.324
10415,214,11350.091,35332.276,26.318,85.449,87.908,4.022,5338542.076,8.051
10416,214,11359.86,35680.735,1.553,44.468,74.225,3.207,3394259.927,5.458
10417,214,21650.89,30209.854,137.814,1621.519,0,4.466,6581249.95,8.326
10418,214,21762.876,29995.649,7.518,48.632,57.294,5.458,9829560.828,6.716
10419,214,21826.939,30444.492,46.018,55.15,78.475,5.855,11313438.935,27.025
10420,214,22347.73,29577.384,187.752,3027.984,0,4.582,6927751.81,8.318
10421,214,22720.428,30162.583,1.901,57.288,60.256,6.122,12367323.556,5.626
10422,214,23115.939,29176.657,190.94,2778.154,0,4.465,6580559.108,8.933
10423,214,23409.137,29092.057,168.147,2214.44,0,2.133,1501713.078,7.544
10424,214,23839.493,29043.985,3.092,26.34,50.46,5.968,11755480.969,10.095
10425,214,26548.018,12744.989,51.692,80.111,37.897,3.801,4769048.108,17.65
10426,214,27056.141,13980.028,35.311,24.984,69.254,4.025,5346811.06,28.082
10427,214,27122.571,12986.703,45.801,101.397,75.396,5.089,8547889.279,14.67
10428,214,27903.749,15443.98,169.909,2196.917,0,4.284,6056386.098,8.83
10429,214,28234.86,15760.812,195.182,2376.562,0,6.464,13787377.894,12.242
10430,214,28322.24,14959.51,5.545,71.743,97.053,3.533,4118263.034,4.424
10431,214,29079.769,15996.936,6.067,19.42,37.989,2.835,2652521.617,9.524
10432,214,32662.975,26088.249,148.059,1436.84,0,5.995,11862562.988,11.364
10433,214,32997.176,27375.949,116.455,707.344,0,4.134,5639648.223,11.381
10434,214,35556.322,29576.568,181.331,1997.56,0,5.669,10605022.539,11.645
10435,214,35666.748,30551.604,136.311,1046.132,0,4.155,5697245.711,10.761
10436,214,35732.679,26202.716,147.56,1183.591,0,6.095,12260000.91,13.265
10437,214,35984.205,28198.672,75.35,193.744,32.148,3.004,2978771.585,13.818
10438,214,36039.072,27696.739,53.142,74.289,50.582,2.863,2705048.07,16.894
10439,214,36301.252,25437.87,190.855,1955.692,0,2.415,1923979.613,9.506
10440,214,36427.184,26719.161,2.003,17.502,41.329,4.813,7644460.416,12.145
10441,215,9996.542,38995.649,63.051,170.304,66.899,4.19,5793318.592,13.76
10442,215,10206.259,39412.149,192.034,3432.686,0,5.9,11487844.992,8.66
10443,215,10297.913,38260.478,62.118,103.143,76.588,3.449,3924772.514,17.807
10444,215,10357.025,37904.721,162.868,2700.769,0,6.202,12691907.146,8.319
10445,215,10556.183,34057.604,82.042,148.573,46.049,2.961,2893546.652,18.565
10446,215,10563.859,37122.598,99.651,571.631,63.587,9.725,31213083.571,17.693
10447,215,10652.077,33401.195,57.625,117.378,65.994,2.43,1948235.132,12.933
10448,215,10560.82,39044.914,23.395,91.694,75.827,4.908,7950210.44,7.407
10449,215,10687.227,34984.106,130.434,2122.186,0,3.417,3854203.828,6.192
10450,215,10721.825,35357.151,5.775,68.444,68.986,6.117,12346583.852,5.29
10451,215,10728.478,36719.553,10.604,60.089,87.445,5.356,9467250.464,6.34
10452,215,10887.505,38304.325,184.035,2809.341,0,6.27,12975220.349,9.693
10453,215,10969.237,37896.763,169.724,1979.624,19.332,3.234,3452266.338,8.712
10454,215,11080.767,33975.383,65.644,136.182,72.452,3.891,4996310.759,16.577
10455,215,11217.385,34401.895,116.004,448.748,83.653,2.692,2391783.27,13.232
10456,215,11170.225,36210.697,221.55,4739.807,0,6.403,13531894.982,8.731
10457,215,11096.669,37321.356,94.43,384.839,52.217,3.195,3368152.317,11.885
10458,215,11333.14,35084.544,49.299,96.627,100.067,4.22,5875765.396,15.165
10459,215,11357.248,35295.92,176.899,3601.858,0,6.774,15145254.165,7.907
10460,215,11351.541,35781.969,73.731,290.381,48.864,2.859,2698387.731,10.174
10461,215,21801.154,30567.006,67.72,198.939,65.731,6.098,12270816.488,16.724
10462,215,22345.609,29557.476,141.889,1881.004,0,4.372,6307538.76,7.793
10463,215,22753.875,30166.657,144.769,1872.548,0,7.353,17843317.17,10.001
10464,215,23069.697,29211.388,135.484,1620.716,0,4.196,5810780.618,7.995
10465,215,23466.025,29682.982,173.057,1933.453,0,5.945,11665311.609,11.408
10466,215,23527.685,29064.507,37.161,47.972,62.222,3.851,4893824.95,17.185
10467,215,24159.578,29237.926,44.626,99.674,29.839,3.984,5237304.96,12.69
10468,215,26571.351,12859.633,177.626,2291.464,0,2.681,2371483.298,8.113
10469,215,26640.053,13520.507,7.576,85.91,79.932,9.748,31359094.393,5.853
10470,215,26969.027,13838.726,8.529,23.283,73.897,5.39,9586069.444,12.007
10471,215,27097.068,13056.218,216.366,3877.528,0,5.697,10710482.426,9.261
10472,215,27284.03,14479.15,192.441,2741.928,0,3.448,3924063.667,8.435
10473,215,27698.502,15134.155,203.808,3313.704,0,5.432,9736167.149,9.325
10474,215,27760.011,14234.021,6.534,34.814,52.067,5.737,10860518.057,8.55
10475,215,27916.367,15454.937,153.904,2365.64,0.263,4.76,7477624.323,7.645
10476,215,28206.833,15727.93,45.299,98.6,51.659,1.931,1230587.719,10.534
10477,215,28599.359,16086.327,94.399,352.301,20.302,4.249,5956998.648,14.21
10478,215,29048.625,16042.087,196.681,2344.795,0,3.598,4272000.591,9.689
10479,215,32658.031,26110.02,131.014,1769.311,0,6.265,12953393.858,8.325
10480,215,33016.243,27376.079,138.087,1272.712,0,4.639,7101261.261,9.978
10481,215,33780.154,27198.015,183.694,1764.739,0,3.417,3853895.737,10.51
10482,215,35122.306,29205.092,6.395,22.87,50.507,3.258,3502700.1,9.016
10483,215,35439.129,29440.606,4.517,46.601,51.324,2.237,1651892.887,5.217
10484,215,35721.211,26364.053,134.503,1081.747,0,2.399,1899668.758,8.958
10485,215,35946.358,28167.741,200.112,2213.005,0,2.212,1615202.676,9.209
10486,215,36130.863,24744.337,187.987,1676.204,0,3.956,5165933.014,11.824
10487,215,36321.225,25439.468,5.279,36.06,42.366,5.557,10191323.59,7.943
10488,215,37316.123,25446.366,63.041,86.217,34.921,3.722,4572711.704,21.776
10489,216,9999.124,38930.337,170.639,3021.49,0,6.838,15432995.934,8.572
10490,216,10303.598,38121.845,45.584,64.362,83.831,2.681,2372625.487,15.078
10491,216,10271.386,39453.67,92.43,478.279,36.01,5.55,10165834.902,12.544
10492,216,10545.989,33461.006,83.968,336.829,50.441,2.843,2666535.102,10.81
10493,216,10559.819,34080.854,1.515,44.301,54.567,7.288,17528565.393,7.39
10494,216,10612.818,36989.643,147.045,2353.509,0,3.664,4429547.881,6.78
10495,216,10550.986,39040.96,172.584,3074.512,0,10.197,34312568.05,10.832
10496,216,10693.34,34884.469,56.846,142.159,81.396,5.118,8642910.759,15.207
10497,216,10719.529,35359.476,0.864,25.073,66.767,4.486,6640678.785,8.834
10498,216,10708.758,36772.015,180.111,3907.172,0,4.477,6613325.028,6.647
10499,216,10843.661,33018.268,114.505,1055.444,0,6.094,12253987.824,9.893
10500,216,10882.405,38232.618,9.955,32.921,65.827,2.736,2470783.857,7.513
10501,216,11199.186,34314.582,2.257,37.65,82.531,7.585,18984531.174,8.669
10502,216,11081.084,34636.624,313.087,9555.873,0,5.465,9854469.158,8.094
10503,216,11138.471,36201.749,185.778,3554.649,0,4.379,6329114.23,7.293
10504,216,11128.213,36745.221,187.156,3589.915,0,3.706,4531866.764,7.025
10505,216,11092.646,37370.477,206.278,4611.87,0,6.229,12803086.41,7.944
10506,216,11320.792,35026.304,137.735,801.025,93.173,2.169,1552686.514,10.793
10507,216,21723.88,30580.643,90.783,471.865,39.801,4.447,6525595.449,11.104
10508,216,21829.043,29954.15,106.481,646.683,29.463,4.966,8137725.751,11.606
10509,216,22334.276,29582.908,226.43,4594.723,0,8.1,21652311.922,10.463
10510,216,22689.543,30201.774,91.301,547.413,27.761,7.387,18009957.379,13.085
10511,216,23121.798,29174.11,89.335,353.694,46.992,3.42,3861038.246,11.987
10512,216,23442.273,29687.845,7.016,24.637,69.355,3.377,3763740.1,8.821
10513,216,23752.035,28959.866,5.658,23.536,50.682,2.587,2208271.669,8.134
10514,216,26478.139,12851.073,120.841,1122.1,0,2.444,1971476.223,7.793
10515,216,26675.549,13511.27,56.394,153.339,80.111,6.136,12425742.081,15.805
10516,216,27120.727,13036.783,7.052,33.822,74.879,3.346,3695287.147,7.151
10517,216,27596.68,15137.346,87.413,365.828,29.64,1.556,798530.434,9.725
10518,216,27960.32,15565.033,206.328,3493.455,0,6.073,12171375.911,9.606
10519,216,28317.167,14960.896,20.651,65.614,75.899,6.253,12901492.737,9.443
10520,216,28981.057,16142.992,181.918,1997.719,0,4.115,5588478.39,10.167
10521,216,32505.948,26458.498,57.238,99.988,42.11,2.144,1516421.7,13.737
10522,216,32659.623,26086.683,114.094,810.693,19.624,2.873,2724034.984,9.082
10523,216,32948.887,27338.349,101.043,506.056,22.189,5.845,11275465.465,14.132
10524,216,35044.828,29235.31,81.574,111.885,43.47,3.729,4587883.001,26.044
10525,216,35558.18,29571.979,143.107,1481.854,0,6.006,11902663.375,10.561
10526,216,35593.958,30530.615,84.345,172.537,38.638,4.108,5568763.961,20.501
10527,216,35752.579,26211.485,116.066,815.942,0,3.266,3520780.43,9.525
10528,216,35759.349,26492.652,54.38,103.048,34.44,2.028,1357855.423,12.564
10529,216,35857.349,25512.962,78.274,104.925,29.307,2.373,1858203.713,20.292
10530,216,35960.716,28203.074,139.508,1196.247,0,3.87,4943851.326,9.879
10531,216,36037.937,27674.984,164.749,1514.387,0,4.053,5422120.401,10.686
10532,216,36112.686,24770.283,132.222,1008.334,0,4.23,5904175.952,10.665
10533,216,36074.833,30322.075,54.456,112.584,27.31,1.987,1303149.364,11.878
10534,216,37156.711,26654.749,125.272,629.952,0,2.642,2304160.796,11.656
10535,216,37316.02,25555.156,111.049,518.791,0,7.122,16738242.034,18.326
10536,217,9951.671,39052.701,50.017,68.578,81.456,1.994,1312045.25,14.672
10537,217,10193.135,39407.749,194.645,3358.52,0,3.937,5115602.76,7.791
10538,217,10285.136,38188.795,2.954,25.833,84.032,5.631,10462726.058,9.89
10539,217,10661.792,33454.518,234.733,4741.628,0,3.055,3080811.081,7.495
10540,217,10621.784,36990.659,203.654,5039.395,0,5.64,10497785.754,7.069
10541,217,10558.626,39041.541,5.62,91.941,82.596,6.54,14116112.563,4.417
10542,217,10725.568,35359.274,7.296,32.268,71.643,1.694,946766.035,6.575
10543,217,10738.297,36206.766,144.537,1699.829,20.415,2.657,2330180.001,7.607
10544,217,10800.684,36796.812,8.6,82.821,111.37,3.771,4692941.78,4.429
10545,217,10868.358,38279.852,62.566,132.308,55.368,2.473,2018834.061,13.262
10546,217,10951.613,37940.767,93.972,335.237,55.286,4.135,5641749.909,14.456
10547,217,11111.243,37388.917,162.736,3017.876,0,6.074,12176168.582,7.616
10548,217,11180.379,34339.092,166.564,2941.648,0,7.204,17129268.99,8.656
10549,217,11208.38,36205.49,70.378,177.49,63.664,4.327,6177879.923,15.806
10550,217,11185.703,36901.168,172.896,2983.381,0,7.854,20357247.333,9.481
10551,217,11311.219,35030.958,149.958,3669.744,0,8.602,24420675.484,6.863
10552,217,11313.384,35600.428,49.133,79.303,85.204,5.679,10641410.167,21.254
10553,217,21732.938,30568.547,174.081,2571.843,0,2.555,2153634.149,7.366
10554,217,21852.328,29920.147,195.606,2636.861,0,2.549,2143442.796,8.288
10555,217,22643.844,30233.174,9.914,73.437,75.001,4.944,8067965.766,5.276
10556,217,23099.93,29180.085,152.474,2104.495,0,7.26,17396935.258,9.819
10557,217,23437.51,29679.828,18.256,47.482,58.318,4.44,6505114.209,9.253
10558,217,23855.608,28846.953,172.425,1641.724,0,6.922,15810995.853,14.104
10559,217,26493.752,12911.101,180.971,2334.994,0,5.339,9407813.535,10.049
10560,217,26668.312,13506.995,54.028,143.94,77.657,3.667,4438226.302,11.979
10561,217,27147.673,13118.933,42.675,54.726,76.666,3.761,4667205.294,18.249
10562,217,27306.922,14538.52,55.529,74.774,57.974,4.846,7750401.007,24.015
10563,217,27444.225,13836.069,11.043,56.703,53.874,3.361,3727063.242,5.84
10564,217,27788.174,14282.561,47.846,67.16,54.962,5.499,9980240.147,23.027
10565,217,27944.268,15464.916,192.434,3623.299,0,3.939,5120348.299,7.326
10566,217,28327.348,15039.952,7.568,49.174,96.462,12.836,54373314.139,11.332
10567,217,28978.27,16158.614,133.373,1600.407,0,1.564,807044.847,6.859
10568,217,32663.931,26114.446,150.847,1985.68,0,4.901,7928168.497,8.453
10569,217,33541.95,28003.153,142.507,1225.631,0,4.319,6156069.061,10.399
10570,217,33697.66,27098.316,155.053,1643.668,0,3.779,4712423.137,9.123
10571,217,34833.346,29623.314,46.709,68.354,42.09,2.553,2151040.276,14.641
10572,217,35516.364,29519.976,9.737,41.595,49.102,5.048,8410405.897,7.785
10573,217,35618.008,30512.349,28.153,34.927,45.372,3.651,4399930.772,15.504
10574,217,35744.56,26442.974,138.092,1119.115,0,1.932,1232459.964,8.783
10575,217,35758.376,25510.321,8.683,22.988,39.772,2.846,2673681.439,9.157
10576,217,35910.873,28353.061,38.855,48.253,36.617,4.934,8032788.5,21.058
10577,217,36028.004,30392.323,188.652,1529.796,0,2.134,1502962.085,10.602
10578,217,36179.487,24849.116,146.319,1163.034,0,4.796,7589293.395,11.711
10579,217,36357.054,25475.138,152.925,1200.452,0,4.581,6924214.188,11.939
10580,217,37166.404,26668.173,66.956,101.11,19.765,2.436,1958912.625,17.153
10581,218,9999.153,38949.834,96.596,290.638,51.126,3.499,4041079.026,15.435
10582,218,10297.685,38126.089,101.255,590.093,56.672,4.44,6505249.125,10.994
10583,218,10406.907,37858.032,42.169,76.993,77.798,6.807,15290698.888,19.877
10584,218,10599.373,33395.338,72.648,183.271,55.21,2.04,1373936.35,12.283
10585,218,10531.808,39024.772,215.208,4258.11,0,10.332,35233511.444,12.006
10586,218,10721.56,34853.838,98.363,498.823,65.233,6.734,14966048.599,14.967
10587,218,10744.979,35419.494,232.44,4486.431,0,4.252,5967059.733,8.289
10588,218,10752.925,36276.417,64.256,171.085,77.418,6.347,13293031.591,17.972
10589,218,10854.585,33033.185,121.115,1106.084,0,2.981,2932451.231,8.142
10590,218,10878.694,36801.293,3.796,48.614,120.321,5.71,10760722.746,6.287
10591,218,11110.595,33976.959,138.517,1440.265,15.791,7.315,17657862.178,11.449
10592,218,11146.716,34349.232,87.633,457.517,76.274,6.489,13896641.114,13.105
10593,218,11101.607,37489.475,98.879,429.845,63.941,8.525,23985265.662,20.304
10594,218,11207.774,36078.567,6.164,38.356,83.398,5.119,8647384.899,7.465
10595,218,11160.684,36984.49,226.127,4708.196,0,6.311,13142734.639,8.978
10596,218,11315.025,35014.702,82.805,764.048,73.338,4.978,8177957.642,7.374
10597,218,21719.387,30569.449,61.856,216.844,65.227,6.484,13876155.009,14.138
10598,218,21835.42,29910.195,133.837,1698.485,0,3.106,3183619.673,7.148
10599,218,22304.61,29567.423,136.929,1917.151,0,4.309,6128409.4,7.331
10600,218,22640.203,30240.699,3.24,85.275,77.965,7.814,20151278.509,4.773
10601,218,23081.507,29210.179,126.944,1738.173,0,5.636,10481563,7.73
10602,218,23469.241,29582.596,173.245,2212.956,0,2.908,2791317.744,8.161
10603,218,26643.875,13500.445,45.567,87.975,78.79,6.422,13609189.339,19.002
10604,218,26966.511,13884.575,35.703,51.929,56.237,3.138,3249983.519,14.043
10605,218,27164.139,13111.386,27.577,30.508,71.184,2.613,2252495.36,14.476
10606,218,27193.893,14429.784,160.465,1836.869,0,3.795,4752293.034,8.881
10607,218,27494.111,14903.666,60.86,167.484,42.414,3.204,3387041.014,11.917
10608,218,27945.614,15406.916,50.401,85.626,66.566,5.743,10883734.311,20.84
10609,218,28320.464,14943.77,152.541,2503.628,0,5.828,11210712.524,7.809
10610,218,29003.234,16092.735,159.548,1301.411,0,2.644,2306474.079,9.987
10611,218,32665.853,26130.114,102.959,880.289,17.746,3.007,2984830.587,7.737
10612,218,32851.307,27232.895,133.886,1070.023,0,4.82,7668682.281,10.986
10613,218,33520.341,28006.161,5.989,35.613,37.287,3.211,3402514.029,6.675
10614,218,33780.677,27109.85,109.998,990.182,0,2.3,1746197.727,7.481
10615,218,34161.583,28811.925,60.64,51.438,28.647,1.813,1085047.156,21.563
10616,218,34883.215,29651.181,38.512,63.966,45.791,4.074,5476237.343,14.848
10617,218,35500.69,29528.263,156.16,1965.191,0,6.969,16028781.566,10.499
10618,218,35615.774,30550.498,133.189,1178.093,0,2.542,2132862.621,8.51
10619,218,35760.153,26559.498,0.768,40.902,46.632,5.272,9172727.752,6.666
10620,218,36001.175,27681.425,2.892,24.851,55.857,2.708,2420758.371,7.591
10621,218,36260.528,24800.845,107.081,467.132,18.807,1.585,829035.45,10.581
10622,218,37158.371,26706.446,24.373,20.832,25.053,1.242,508844.916,13.795
10623,218,37249.034,25446.354,87.439,132.985,27.114,2.877,2730916.049,21.746
10624,219,9908.57,39169.073,181.364,2464.134,0,4.413,6425559.543,9.004
10625,219,10090.213,38680.597,219.187,3683.733,0,2.243,1660356.695,7.658
10626,219,10201.444,39426.301,199.245,3041.092,0,9.77,31503685.762,13.501
10627,219,10317.676,38138.461,276.752,8177.437,0,4.64,7105725.339,7.22
10628,219,10392.227,37871.034,62.145,192.624,74.705,5.039,8379657.52,13.498
10629,219,10476.981,39057.27,180.21,3359.828,0,3.487,4013669.083,6.903
10630,219,10556.478,34082.236,4.911,24.347,57.941,4.64,7105733.133,9.666
10631,219,10695.221,33483.769,62.196,111.666,62.589,4.945,8068781.534,20.654
10632,219,10697.433,36429.191,132.461,2630.74,0,8.823,25691506.462,7.43
10633,219,10845.995,36745.554,168.005,4140.003,0,6.952,15948565.442,6.733
10634,219,10893.816,33035.488,61.827,168.752,42.523,3.742,4620539.107,12.826
10635,219,11117.42,37402.584,88.776,478.271,67.027,9.998,32985390.971,17.395
10636,219,11161.032,34400.394,109.184,481.276,66.474,4.73,7384856.369,14.67
10637,219,11285.897,34984.268,239.436,6614.916,0,7.61,19114232.876,8.309
10638,219,11318.306,35310.512,71.209,249.38,87.718,6.638,14541430.334,15.843
10639,219,21715.517,30605.161,163.993,2148.72,0,6.663,14652725.489,10.305
10640,219,21833.152,29896.207,123.959,1267.279,0,2.392,1888135.782,7.462
10641,219,22560.914,30320.939,5.545,66.98,54.436,6.055,12098257.766,5.321
10642,219,22745.091,30176.424,114.283,724.235,19.73,5.168,8815157.363,12.048
10643,219,23101.207,29190.805,143.664,2345.55,1.744,4.687,7250237.268,7.007
10644,219,23361.219,29198.313,4.396,46.291,73.067,2.711,2425158.891,5.354
10645,219,26542.935,13125.253,142.914,1591.918,0,6.023,11970432.593,10.005
10646,219,27282.523,14482.188,5.728,28.772,63.069,5.452,9808002.824,9.43
10647,219,27262.545,13367.089,182.234,2501.474,0,3.338,3677482.664,8.287
10648,219,27850.827,15354.904,200.458,3300.104,0,5.501,9985664.915,9.185
10649,219,27928.332,14384.055,159.159,1919.966,0,4.46,6563414.978,8.985
10650,219,28312.237,14985.406,42.493,81.963,81.836,12.778,53880771.36,32.017
10651,219,32671.45,26122.254,85.479,346.601,42.459,4.164,5722725.465,12.395
10652,219,32858.423,27250.017,160.042,1399.872,0,5.218,8985892.55,12.12
10653,219,33521.142,28000.558,4.508,29.37,32.66,2.711,2424734.749,7.017
10654,219,33763.625,27114.871,144.025,1301.548,0,2.563,2168605.96,8.797
10655,219,35333.612,28630.728,66.549,152.932,27.186,3.829,4837361.578,15.362
10656,219,35523.464,29506.453,157.974,1562.852,0,2.297,1741011.373,8.641
10657,219,35599.431,30550.293,8.816,34.44,42.597,4.462,6570402.64,8.2
10658,219,35798.778,26656.008,115.904,1014.074,0,4.616,7031353.215,9.193
10659,219,35828.217,28375.895,158.295,1010.207,17.477,3.074,3119402.143,12.09
10660,219,36039.756,27623.089,92.174,334.813,35.518,2.152,1527655.712,11.36
10661,219,36088.984,30402.738,146.665,987.541,0,2.585,2205256.796,10.628
10662,219,37302.639,25379.549,180.405,1417.382,0,3.766,4681384.297,12.314
10663,220,9940.583,39058.847,195.484,3011.82,0,4.629,7072498.809,8.84
10664,220,10075.489,38718.319,2.935,24.505,68.417,5.631,10465215.614,10.308
10665,220,10078.928,39436.865,4.71,40.966,57.883,3.097,3165437.691,5.921
10666,220,10322.804,38092.483,10.683,27.336,86.991,5.666,10595720.687,11.757
10667,220,10528.942,39077.729,160.818,3015.945,0,5.749,10907377.924,7.342
10668,220,10691.082,33525.859,184.996,3613.175,0,6.77,15127414.78,8.412
10669,220,10719.965,36491.58,6.818,58.271,105.557,6.926,15829525.25,6.432
10670,220,10792.961,36717.438,51.686,85.406,114.19,6.251,12896426.37,23.067
10671,220,10900.875,33020.978,76.432,180.531,40.495,3.904,5029085.741,16.634
10672,220,10983.852,37958.898,40.609,75.443,68.182,4.002,5285186.548,13.882
10673,220,11045.378,36771.17,47.456,128.857,104.289,4.908,7951038.558,12.537
10674,220,11087.667,33944.926,228.164,4520.858,0,6.626,14488994.455,9.6
10675,220,11126.817,34399.557,6.102,45.102,90.683,7.639,19260211.501,8.105
10676,220,11086.458,37385.186,196.774,4577.079,0,6.482,13864321.792,7.6
10677,220,11277.403,35022.471,28.211,75.249,103.155,8.681,24867158.98,14.261
10678,220,21740.638,30572.945,157.681,1954.896,0,3.194,3366001.656,8.01
10679,220,21852.382,29921.121,147.917,1883.622,0,3.476,3987453.603,7.728
10680,220,22411.015,29544.402,63.9,99.143,59.417,4.652,7141188.583,22.815
10681,220,22693.061,30170.496,73.634,233.858,52.244,4.2,5821406.106,13.488
10682,220,23109.662,29194.991,109.402,870.586,42.01,4.768,7502720.661,9.569
10683,220,26510.033,13926.765,35.908,461.012,14.808,2.443,1970329.693,3.736
10684,220,26641.438,13367.774,38.265,68.743,76.587,2.919,2812761.116,12.184
10685,220,27120.776,13052.73,226.979,4795.304,0,7.382,17983828.118,9.635
10686,220,27396.76,14628.163,41.128,49.091,61.51,4.495,6668945.348,21.083
10687,220,27941.75,14363.36,67.915,290.89,37.302,4.203,5828615.792,10.364
10688,220,27971.688,15465.322,144.441,1983.482,0,7.581,18965180.597,9.693
10689,220,28052.949,15575.227,211.75,3711.552,0,2.092,1444172.858,7.288
10690,220,28328.096,14959.487,188.879,4332.424,0,6.582,14298932.854,7.508
10691,220,29626.335,22033.584,40.424,795.512,0,39.823,523574870.882,9.514
10692,220,31785.441,14726.361,33.31,470.69,0,4.521,6757997.722,3.632
10693,220,32719.589,26157.466,7.637,103.724,57.431,7.164,16938067.231,4.425
10694,220,33782.001,27080.371,80.708,409.164,18.04,6.321,13186313.34,12.451
10695,220,35542.625,29477.518,47.283,98.492,42.216,4.132,5633292.737,14.005
10696,220,35518.525,30474.687,183.865,2254.766,0,2.832,2647735.465,8.614
10697,220,35711.235,26642.398,56.773,76.839,38.098,1.36,610541.359,14.549
10698,220,35996.126,27680.321,10.469,45.407,53.812,4.786,7558284.023,7.338
10699,220,36247.848,24690.111,161.367,1573.875,0,5.583,10288354.744,11.624
10700,220,37253.378,25336.615,96.456,622.089,0,4.865,7811326.486,10.295
10701,221,9963.729,38945.23,171.882,2617.978,0,4.622,7051177.374,8.182
10702,221,10106.813,39456.818,250.269,4137.706,0,4.18,5766856.948,9.587
10703,221,10314.688,38047.491,132.015,1794.435,0,3.093,3156536.142,6.81
10704,221,10511.228,39080.068,182.924,3461.997,0,4.044,5398031.341,7.126
10705,221,10633.561,36983.715,99.583,385.652,69.255,4.164,5723024.045,14.205
10706,221,10704.278,33549.065,161.518,2582.528,0,2.645,2308721.021,6.789
10707,221,10718.493,34881.314,9.998,45.538,84.523,6.082,12207293.031,8.021
10708,221,10745.448,35824.229,168.212,1722.687,23.274,3.638,4367997.42,9.713
10709,221,10766.683,36133.75,63.028,256.412,56.819,8.034,21299957.097,14.58
10710,221,10928.339,36809.961,289.412,12667.463,0,6.852,15495754.428,6.518
10711,221,10995.243,37948.436,35.437,76.166,66.744,4.14,5657053.299,11.924
10712,221,11116.677,34002.557,6.77,65.089,82.005,6.331,13227271.766,5.694
10713,221,11108.141,37358.912,175.148,3691.898,0,5.345,9428103.061,7.001
10714,221,11297.57,35057.37,180.575,4046.373,0,4.253,5969575.628,6.446
10715,221,21838.429,29920.771,2.605,40.59,65.513,2.503,2067976.868,5.57
10716,221,21862.963,30529.618,74.958,150.869,64.475,3.657,4414380.003,17.923
10717,221,22398.227,29520.647,5.728,37.457,54.321,7.711,19620004.748,9.381
10718,221,22715.871,30158.736,3.415,27.783,78.936,6.828,15384008.364,10.561
10719,221,23070.859,29175.182,116.337,1255.988,0,4.692,7264857.873,8.043
10720,221,23836.956,28997.714,57.794,117.525,53.578,6.28,13016869.559,20.847
10721,221,26638.874,13322.152,51.743,167.622,69.184,3.802,4770161.966,10.372
10722,221,26927.303,14024.257,144.639,1296.98,0,5.595,10331093.768,11.444
10723,221,27137.216,13012.563,76.019,341.884,48.444,3.869,4939155.728,10.404
10724,221,27203.371,14432.407,63.342,158.765,36.396,3.17,3315803.735,12.937
10725,221,27365.957,14638.058,6.868,28.852,57.423,2.367,1848326.171,7.253
10726,221,27876.396,15327.314,96.224,729.771,43.774,6.388,13468559.092,10.378
10727,221,27923.222,14401.891,3.541,21.318,58.911,2.815,2614230.082,8.521
10728,221,28349.219,14950.702,144.689,3156.296,0,6.697,14803803.735,6.529
10729,221,28566.854,16073.759,22.654,43.255,43.256,6.562,14208633.328,14.79
10730,221,29010.504,16141.547,219.608,2065.49,0,3.661,4422829.924,12.292
10731,221,32679.851,26141.741,115.321,961.042,0,4.8,7603361.438,9.619
10732,221,33004.932,27366.286,116.787,977.687,0,6.147,12469197.376,10.834
10733,221,33769.224,27136.408,36.785,57.828,43.485,4.451,6537705.405,15.901
10734,221,34190.16,28764.596,57.106,43.664,31.033,1.832,1107779.578,22.457
10735,221,35350.105,28654.467,65.866,139.206,32.937,5.745,10891305.096,20.755
10736,221,35550.02,29499.149,183.263,2122.997,0,7.804,20099686.323,13.623
10737,221,35568.345,30536.062,112.714,843.623,0,4.65,7135450.277,10.085
10738,221,35768.34,26554.553,72.147,161.242,29.003,3.066,3102390.331,14.941
10739,221,35773.963,28343.842,135.099,1098.563,0,2.8,2587313.678,9.184
10740,221,35969.119,27644.75,160.26,1487.803,0,4.134,5641205.029,10.496
10741,221,37179.214,26653.797,134.156,621.482,0,2.486,2039769.378,12.595
10742,221,37245.622,25468.946,59.418,51.649,32.851,4.138,5651262.728,32.687
10743,222,9960.129,38892.505,205.31,3657.126,0,5.972,11768351.115,9.151
10744,222,10147.396,39466.845,146.377,1695.633,0,4.506,6700818.616,8.773
10745,222,10562.722,38989.187,140.319,2058.681,0,5.832,11226324.951,7.984
10746,222,10713.63,33557.849,77.088,236.581,72.558,6.944,15914661.678,19.385
10747,222,10646.224,34956.291,8.616,59.002,82.348,1.208,481476.562,4.848
10748,222,10879.502,36760.018,50.365,95.198,132.772,6.198,12678552.418,20.072
10749,222,10893.732,33050.824,144.307,1691.57,0,4.569,6888363.387,8.664
10750,222,11066.459,33990.098,173.001,2761.078,0,2.493,2051449.155,7.007
10751,222,11048.585,37949.46,104.925,882.539,15.43,3.044,3058244.699,7.914
10752,222,11175.787,34343.634,173.007,3425.888,0,5.505,10000231.819,7.313
10753,222,11198.464,36084.251,5.433,39.358,71.07,3.856,4905697.743,6.503
10754,222,11338.429,35007.412,70.285,313.117,103.598,7.503,18579745.885,13.936
10755,222,11362.164,35310.922,31.905,32.523,102.503,3.367,3741556.464,17.994
10756,222,21828.029,29942.093,58.91,199.761,51.292,3.742,4620988.93,10.73
10757,222,21919.909,30398.421,8.096,66.565,65.271,4.727,7374852.653,5.253
10758,222,22640.566,30239.866,0.502,35.564,75.088,7.028,16300211.129,8.563
10759,222,23111.494,29197.584,174.686,2817.978,0,3.092,3155969.314,7.224
10760,222,23838.702,28968.32,216.941,3167.511,0,5.431,9734177.803,10.538
10761,222,26666.904,13384.388,288.34,6038.217,0,2.353,1826879.625,7.93
10762,222,26986.792,12722.669,54.342,54.956,44.818,3.185,3348233.287,22.97
10763,222,27839.676,15277.414,177.807,2578.033,0,3.827,4833170.543,8.161
10764,222,28352.855,14958.362,40.336,137.779,119.661,5.231,9031301.23,10.031
10765,222,28824.116,16114.234,33.795,34.314,47.372,1.573,816723.879,14.183
10766,222,32828.932,26361.793,111.27,727.89,0,3.79,4741206.205,10.17
10767,222,33015.927,27300.484,42.608,33.977,53.978,4.539,6798703.118,30.454
10768,222,33561.794,28047.152,87.058,303.67,14.761,2.778,2546644.676,11.996
10769,222,34213.045,28812.392,116.64,665.285,0,3.369,3744992.572,11.039
10770,222,34961.079,29200.207,2.547,40.373,47.121,2.745,2486080.281,5.664
10771,222,35364.562,28679.997,43.155,78.098,41.474,4.341,6220287.695,15.215
10772,222,35497.013,29455.525,169.689,1903.231,0,8.153,21938834.848,13.534
10773,222,35999.764,27680.259,10.347,31.098,46.435,1.309,565822.453,7.128
10774,222,36375.411,26863.483,173.749,1451.957,0,3.737,4607797.711,11.469
10775,223,10411.348,38350.145,13.642,20.649,81.966,4.831,7700808.78,15.054
10776,223,10630.874,36998.691,188.366,3808.352,0,6.619,14458567.34,8.224
10777,223,10554.576,39039.954,9.308,64.761,85.096,3.441,3906953.918,5.139
10778,223,10720.11,32961.892,76.819,140.445,41.615,2.899,2772857.5,17.501
10779,223,10696.35,34980.174,151.528,2493.655,0,5.189,8886873.267,7.44
10780,223,10695.557,35475.104,124.183,1312.71,0,1.931,1230022.967,7.174
10781,223,10822.366,33566.031,184.239,3271.465,0,4.969,8149881.338,7.918
10782,223,10878.393,36789.108,7.993,82.855,120.856,8.155,21947836.527,5.548
10783,223,11036.837,37902.298,44.977,87.235,75.96,6.78,15170212.124,19.529
10784,223,11128.397,34022.863,107.98,564.148,46.032,4.937,8042925.879,13.076
10785,223,11200.568,34321.807,10.459,30.377,81.841,4.038,5379834.391,9.08
10786,223,11271.369,34948.876,198.618,5316.099,0,5.248,9090668.143,6.455
10787,223,11326.375,35463.58,197.898,4620.594,0,5.214,8972167.926,7.026
10788,223,21731.549,29960.243,127.026,1004.014,0,4.624,7057904.426,10.493
10789,223,21814.999,30515.012,158.492,2003.372,0,2.429,1947107.606,7.588
10790,223,22396.31,29542.885,162.975,2118.211,0,4.213,5858828.149,8.522
10791,223,22676.627,30192.266,160.427,2367.911,0,8.214,22267454.859,10.39
10792,223,23085.156,29214.04,182.759,2535.058,0,4.395,6373407.393,8.912
10793,223,23805.193,28957.587,179.502,1940.713,0,3.211,3403363.127,9.435
10794,223,26630.649,13327.177,48.222,166.332,72.316,3.216,3413951.367,9.128
10795,223,26799.919,13756.994,7.114,60.182,58.013,1.905,1197901.43,4.721
10796,223,27196.254,14406.698,5.271,40.066,59.143,5.58,10274091.781,7.362
10797,223,27855.969,14324.599,254.914,4134.876,0,5.72,10798433.911,11.251
10798,223,28358.663,14993.501,125.714,1979.318,16.716,5.346,9432344.897,6.864
10799,223,28828.373,15491.5,147.249,1428.603,0,3.383,3776656.535,9.065
10800,223,28879.536,16159.777,1.013,44.383,51.15,6.627,14494950.749,6.991
10801,223,32726.733,26205.408,179.765,1866.578,0,7.201,17114615.168,13.931
10802,223,32953.335,27326.434,98.092,539.407,17.892,7.993,21082465.894,15.672
10803,223,33500.993,27999.045,29.634,37.004,35.973,3.631,4352127.621,15.635
10804,223,33762.251,27121.896,7.675,41.524,48.828,4.515,6726985.627,6.991
10805,223,35339.143,28730.959,153.726,1239.542,0,2.453,1985908.107,9.692
10806,223,35459.302,29432.738,159.346,1496.65,0,3.918,5065238.341,10.175
10807,223,35606.65,30493.769,61.395,113.24,43.668,2.877,2731173.714,15.127
10808,223,35715.031,26521.336,89.974,277.605,26.664,3.053,3076642.104,13.695
10809,223,35923.263,24645.944,10.511,29.505,34.902,2.066,1408927.977,7.736
10810,223,36323.051,26799.786,4.867,21.158,38.098,2.676,2362569.337,8.633
10811,224,10437.594,37893.085,228.32,4122.433,0,4.075,5480695.214,8.449
10812,224,10370.061,38408.472,43.707,62.716,74.469,6.006,11902504.089,22.809
10813,224,10375.443,39211.269,198.621,3309.32,0,4.539,6797628.39,8.419
10814,224,10629.452,38951.064,39.588,55.425,70.766,6.53,14072408.967,23.467
10815,224,10698.006,34997.508,125.627,1248.438,36.714,5.042,8391171.325,9.183
10816,224,10713.126,35440.493,35.216,56.188,68.915,2.524,2101694.635,12.177
10817,224,10775.739,33510.357,263.106,6575.034,0,1.907,1199582.18,6.705
10818,224,10764.573,38289.373,252.662,5071.146,0,5.469,9871817.366,9.362
10819,224,10961.964,37919.616,1.573,38.883,76.48,3.322,3642470.853,5.968
10820,224,11136.947,33960.075,166.019,2326.351,0,4.208,5842409.629,8.207
10821,224,11122.775,37441.269,2.503,41.61,90.35,8.101,21655787.379,8.352
10822,224,11308.436,35010.972,107.726,932.31,70.291,3.986,5242621.621,8.426
10823,224,11256.407,35733.062,216.455,4537.691,0,7.255,17371963.186,9.266
10824,224,11270.02,36035.291,65.554,91.619,69.632,4.302,6107529.702,24.054
10825,224,21883.775,30512.424,164.547,2293.499,0,7.452,18327494.529,10.474
10826,224,22407.886,29558.918,180.045,2704.344,0,2.743,2483263.821,7.513
10827,224,22687.534,30189.367,189.166,3021.18,0,3.701,4519930.889,7.91
10828,224,23085.992,29209.377,188.742,3092.56,0,3.019,3007199.753,7.454
10829,224,23288.905,29770.733,8.227,18.072,53.127,4.115,5587279.462,12.446
10830,224,23842.887,29082.068,35.893,38.717,54.898,3.377,3763764.2,18.109
10831,224,26640.093,13361,5.164,80.198,85.062,5.309,9301347.021,4.484
10832,224,26959.356,12643.736,5.094,33.025,54.318,2.834,2650971.058,6.669
10833,224,27098.714,14327.971,127.658,1370.985,0,7.533,18727643.951,10.669
10834,224,27742.277,15138.691,108.386,484.212,34.472,4.667,7188056.801,14.341
10835,224,27921.717,14373.105,221.175,3228.134,0,5.76,10949743.946,11.001
10836,224,28282.572,15848.088,170.637,1747.114,0,5,8249128.149,11.067
10837,224,28343.139,14937.808,127.452,2276.071,0,5.979,11798650.437,6.608
10838,224,32760.982,26152.802,104.827,726.231,0,5.429,9726610.694,10.869
10839,224,33036.163,27301.367,149.986,1772.346,0,2.867,2712116.688,7.843
10840,224,33573.254,28052.249,75.124,134.969,28.082,2.584,2204130.147,16.677
10841,224,34984.795,29810.582,55.708,75.706,38.235,6.647,14582039.444,30.298
10842,224,35364.468,28881.741,6.523,27.361,42.491,1.705,959225.655,7.077
10843,224,35498.03,29482.052,182.843,2044.56,0,4.722,7359140.868,10.633
10844,224,35642.934,30549.246,257.814,3871.587,0,2.497,2057585.125,9.094
10845,224,36257.751,25145.907,153.111,1197.95,0,1.923,1220444.093,9.471
10846,224,36397.949,26880.798,7.176,28.044,37.333,2.544,2135583.217,7.539
10847,225,9993.709,38960.143,36.033,102.216,61.958,6.031,12004771.857,11.785
10848,225,10003.568,39412.197,187.568,2475.647,0,2.399,1899820.742,8.118
10849,225,10429.169,37849.147,135.917,1472.518,28.667,4.699,7288204.486,8.875
10850,225,10352.869,39375.932,139.822,1608.056,0,8.719,25088768.897,11.857
10851,225,10736.343,33580.851,98.461,365.037,64.555,5.444,9781914.056,16.906
10852,225,10718.688,34880.896,4.282,74.257,95.702,7.015,16239727.001,5.117
10853,225,10730.886,35442.388,154.11,2079.412,0,3.849,4889727.177,7.831
10854,225,10814.09,36120.978,229.166,4954.826,0,6.201,12687899.674,8.748
10855,225,10783.023,36703.168,62.027,198.447,98.878,5.118,8642890.542,13.268
10856,225,10827.289,33069.852,72.365,188.948,49.21,5.074,8496241.884,17.173
10857,225,10879.801,33448.211,5.803,49.464,77.114,4.025,5345608.32,5.731
10858,225,10881.636,38325.278,5.954,62.46,71.587,12.342,50270306.387,8.474
10859,225,11107.988,36917.573,269.647,8821.204,0,6.764,15099493.982,7.574
10860,225,11108.649,37320.849,63.945,118.33,92.137,6.46,13770626.319,24.833
10861,225,11175.81,34279.894,130.911,1033.286,32.018,3.912,5050814.437,10.058
10862,225,11321.748,35015.264,184.544,4596.207,0,7.077,16527930.214,7.184
10863,225,11365.252,35507.995,263.262,6060.662,0,5.926,11590794.785,9.047
10864,225,11328.293,35988.131,184.386,3055.447,0,7.613,19126055.392,10.099
10865,225,21921.4,30487.721,6.918,23.561,70.056,2.634,2290305.883,8.407
10866,225,22372.098,29556.12,146.88,1802.373,0,3.739,4613853.863,8.012
10867,225,22483.511,30308.641,16.93,53.997,63.09,5.323,9350805.447,8.667
10868,225,22718.683,30163.96,4.531,45.307,62.94,3.693,4501613.37,5.774
10869,225,23085.316,29221.96,172.735,2511.164,0,6.003,11892338.535,9.402
10870,225,23243.938,29808.836,134.026,1435.402,0,4.9,7923071.902,9.002
10871,225,26604.519,13246.745,199.038,3784.61,0,2.976,2921925.006,7.029
10872,225,26968.842,12706.676,17.316,36.553,48.262,3.527,4104629.133,9.784
10873,225,27136.098,14366.27,172.617,2511.07,0,6.244,12865630.927,9.57
10874,225,27759.939,15200.549,7.034,43.765,55.521,4.588,6947526.561,6.666
10875,225,28005.918,15219.665,219.789,4026.868,0,3.58,4229401.235,7.898
10876,225,28331.747,14943.189,152.594,3346.804,0,2.91,2794480.308,5.58
10877,225,28559.439,15998.372,197.625,2057.286,0,5.051,8420045.561,12.215
10878,225,32961.957,27277.511,5.575,30.534,44.611,3.092,3154917.74,7.215
10879,225,33575.482,28066.772,148.858,1080.585,0,3.108,3188401.162,10.726
10880,225,33810.129,27148.354,69.262,129.383,53.728,5.532,10100148.316,23.286
10881,225,35417.28,29377.525,64.936,88.513,43.109,5.553,10177940.413,29.301
10882,225,35607.549,30503.312,180.627,2248.879,0,2.671,2355187.332,8.359
10883,225,35731.083,26325.274,42.257,46.816,39.445,4.134,5639230.262,21.555
10884,225,37390.203,25397.276,90.188,350.784,2.652,3.478,3992502.787,12.281
10885,226,9995.376,38994.235,150.293,1943.496,0,4.815,7650967.917,8.481
10886,226,10296.402,39355.635,55.399,117.636,60.081,3.438,3900831.91,13.879
10887,226,10404.991,37878.99,164.86,2546.832,0,3.296,3585034.451,7.251
10888,226,10368.169,38136.993,184.066,3238.796,0,2.955,2881420.572,7.024
10889,226,10397.375,38483.433,10.061,31.059,78.497,7.289,17532262.452,12.156
10890,226,10678.196,37055.369,269.57,6180.17,0,3.901,5021758.971,7.958
10891,226,10635.935,38959.794,16.552,74.91,73.547,6.198,12676614.45,7.21
10892,226,10718.963,34866.872,100.296,394.309,65.984,4.86,7795857.957,15.296
10893,226,10700.783,35080.479,69.726,226.941,69.127,5.564,10216235.036,14.829
10894,226,10692.804,35476.148,143.902,1821.584,0,6.132,12408919.38,9.227
10895,226,10721.869,33522.417,4.613,45.807,86.255,6.052,12087757.389,6.836
10896,226,10794.268,36078.117,7.164,51.196,82.363,4.015,5320705.608,5.79
10897,226,10833.26,36726.585,198.843,2269.857,61.559,2.58,2197423.658,9.245
10898,226,10863.126,38209.952,64.604,159.357,67.445,2.404,1907611.694,12.143
10899,226,10940.311,37966.106,199.619,3627.457,0,4.359,6271055.917,7.878
10900,226,11085.369,33978.415,75.692,312.633,59.454,3.796,4756166.552,10.92
10901,226,11079.028,37489.921,250.401,6456.076,0,5.784,11039463.733,7.977
10902,226,11117.202,36802.477,8.919,50.19,95.073,4.955,8102026.579,6.595
10903,226,11200.97,34338.492,84.527,322.66,47.364,2.996,2961894.33,11.37
10904,226,11313.89,35011.278,161.807,3458.339,0,6.724,14921374.707,7.155
10905,226,11313.585,36014.464,194.43,3757.224,0,3.23,3443400.893,6.964
10906,226,21597.421,30563.139,132.089,1167.06,0,5.781,11031794.969,11.016
10907,226,21958.023,30393.579,278.705,6944.488,0,2.903,2780598.879,7.26
10908,226,22701.303,30122.937,127.054,634.738,48.622,3.117,3207032.42,12.409
10909,226,23160.354,29189.246,154.713,2232.688,0,6.312,13148073.553,8.944
10910,226,23260.029,29770.333,109.442,462.336,31.732,1.74,999717.279,11.031
10911,226,26628.763,13377.842,99.538,830.509,34.624,4.263,5997942.181,8.389
10912,226,27008.118,12638.915,1.783,13.889,52.178,4.486,6640202.357,13.977
10913,226,27095.995,13020.116,63.055,127.113,53.042,4.365,6287573.812,17.579
10914,226,27676.155,14082.986,6.446,61.797,48.491,6.535,14094942.217,5.939
10915,226,27753.848,15160.675,47.215,110.696,57.046,2.58,2197515.171,10.886
10916,226,27955.696,14325.993,155.457,1873.952,0,4.116,5590830.914,8.624
10917,226,28370.748,15005.131,186.067,3948.516,0,8.872,25976655.853,9.14
10918,226,32917.808,26379.007,136.626,837.839,0,4.455,6550681.446,13.039
10919,226,33051.543,27331.491,64.104,97.326,36.399,3.006,2981410.138,18.161
10920,226,33823.78,27217.526,98.113,404.101,42.186,5.855,11314211.072,16.2
10921,226,35684.581,30527.403,68.68,191.376,31.436,2.887,2750077.02,12.233
10922,226,35811.41,24993.21,123.232,1131.202,0,3.197,3373848.745,8.319
10923,226,36348.939,26814.142,58.787,51.788,42.138,1.811,1082440.67,20.655
10924,227,9991.29,38964.447,7.052,25.931,72.922,2.545,2137352.616,7.884
10925,227,10111.375,38589.822,95.459,525.376,41.437,5.963,11732927.516,12.73
10926,227,10740.859,33556.469,188.45,3589.353,0,2.938,2849088.833,6.795
10927,227,10706.754,35006.382,173.743,3318.961,0,6.613,14430793.625,8.088
10928,227,10702.13,35482.933,155.132,2304.21,0,3.217,3415659.679,7.133
10929,227,10733.627,35751.56,167.815,2624.78,0,4.512,6718582.863,7.856
10930,227,10718.453,36456.43,80.518,417.522,66.236,3.647,4390105.702,9.605
10931,227,10701.54,36782.469,165.595,3823.11,0,5.335,9392330.556,6.36
10932,227,10721.493,33034.048,4.94,28.815,50.822,2.499,2060541.824,7.035
10933,227,10882.868,38244.142,8.153,72.834,68.089,4.674,7209252.326,4.953
10934,227,11040.663,37726.267,64.351,101.338,66.585,3.009,2988134.848,17.734
10935,227,11087.487,34009.087,55.123,57.335,70.006,4.054,5423695.771,26.293
10936,227,11112.16,34429.946,25.793,58.087,64.793,3.467,3967895.028,9.729
10937,227,11126.333,37384.806,55.507,157.604,66.733,8.48,23731353.854,18.948
10938,227,11314.095,35007.612,175.001,4289.938,0,10.94,39493965.908,8.81
10939,227,11356.414,35996.347,6.21,32.57,85.166,6.494,13917026.854,9.567
10940,227,21789.585,30022.284,1.749,16.429,57.805,4.223,5884657.785,11.829
10941,227,21839.399,30480.862,10.496,57.087,66.554,3.535,4123925.306,5.778
10942,227,22318.263,29599.917,6.151,30.527,61.645,2.737,2472466.428,7.099
10943,227,22710.925,30181.748,50.496,49.904,59.168,4.212,5853661.493,26.623
10944,227,23146.577,29169.893,133.25,1504.225,0,5.301,9272107.84,8.915
10945,227,23301.343,29761.211,183.879,2370.545,0,3.838,4861298.42,8.994
10946,227,23847.589,29043.924,90.107,241.865,40.919,2.486,2039320.329,14.042
10947,227,26656.909,13382.294,191.038,4333.514,0,6.803,15271781.093,7.737
10948,227,26884.999,13848.621,7.516,29.173,53.668,5.057,8439617.601,9.42
10949,227,27092.124,13009.818,221.895,3843.369,0,4.911,7959378.974,9.082
10950,227,27129.81,14300.269,35.574,53.802,55.042,0.99,323655.106,10.947
10951,227,27280.723,13271.656,10.576,62.22,51.597,5.178,8847219.517,6.109
10952,227,27468.95,14832.762,250.531,4034.268,0,3.512,4071444.023,9.246
10953,227,27756.932,15155.756,148.251,1758.868,0,6.481,13862652.923,10.167
10954,227,27970.013,14360.796,144.828,1794.37,0,4.095,5534196.363,8.091
10955,227,28358.327,14975.926,138.482,2762.045,0,9.402,29169487.408,7.917
10956,227,28435.88,15975.635,151.805,1550.813,0,5.055,8432292.043,10.259
10957,227,33796.151,27204.731,52.125,93.102,51.139,5.188,8881619.576,19.055
10958,227,35437.48,29431.978,8.066,41.516,42.164,4.399,6386686.392,7.005
10959,227,35591.014,30497.063,150.56,1413.689,0,2.266,1694556.431,8.65
10960,227,35828.666,24981.136,70.173,208.226,28.958,4.309,6128293.31,13.92
10961,227,35829.328,28013.209,38.319,39.577,47.486,3.887,4985684.304,20.887
10962,228,9968.183,39086.443,160.705,2368.411,0,3.276,3540877.441,7.339
10963,228,10089.166,38608.471,91.749,338.192,41.064,4.21,5850393.436,14.003
10964,228,10044.662,39428.937,183.755,2476.992,0,4.014,5318157.21,8.852
10965,228,10394.219,37880.703,177.79,3213.727,0,3.41,3838060.086,6.946
10966,228,10348.852,39365.405,135.03,1544.352,0.233,3.445,3917118.135,7.803
10967,228,10504.617,39099.59,64.286,171.534,72.225,3.959,5172435.219,13.682
10968,228,10639.867,32972.79,9.658,49.283,45.478,2.128,1494931.034,5.671
10969,228,10628.854,37094.229,191.447,3189.523,0,4.891,7895742.033,8.431
10970,228,10714.232,36200.104,50.86,115.501,73.553,4.185,5780881.718,13.763
10971,228,10688.381,36451.007,59.148,126.672,85.273,4.171,5742273.84,15.707
10972,228,10716.334,36712.651,177.429,3516.821,0,4.252,5965643.501,6.88
10973,228,10868.3,38266.971,50.468,62.128,65.579,1.797,1065510.152,15.358
10974,228,11134.669,33968.969,108.603,1440.804,0,5.001,8252996.615,6.866
10975,228,11170.312,34390.977,150.962,2367.256,0,7.211,17162535.024,8.813
10976,228,11117.877,36856.617,2.5,43.672,96.311,6.804,15276988.164,7.264
10977,228,11112.221,37377.582,190.163,4095.48,0,6.961,15992656.926,8.092
10978,228,11313.009,36043.353,137.81,2362.977,0,5.61,10387895.691,6.989
10979,228,21766.533,30079.693,6.869,39.907,52.75,4.055,5427589.507,6.771
10980,228,21840.332,30560.21,2.062,66.463,53.597,4.467,6584502.275,4.612
10981,228,22361.338,29568.292,154.296,1916.481,0,4.527,6764392.721,8.678
10982,228,22685.1,30201.366,86.223,378.259,48.155,7.068,16487949.029,15.771
10983,228,23322.572,29765.23,193.126,2529.252,0,4.156,5700175.201,9.424
10984,228,23844.525,29003.914,130.702,1278.961,0,4.851,7765958.117,9.388
10985,228,27123.318,12949.723,139.067,2051.145,0,5.091,8552990.114,7.524
10986,228,27121.496,14324.664,7.772,67.623,66.564,5.089,8547272.039,5.268
10987,228,27664.108,15132.12,167.879,2106.715,0,5.665,10592440.912,9.988
10988,228,27987.882,14416.79,153.19,1841.54,0,3.098,3166380.831,7.973
10989,228,27977.555,15437.701,148.618,1997.869,0,3.827,4834504.049,7.667
10990,228,28365.484,14994.809,168.297,3605.671,0,10.369,35478581.361,9.215
10991,228,28961.826,16157.692,4.914,48.087,45.568,3.989,5250786.1,5.714
10992,228,33773.611,27280.458,95.95,298.696,50.404,3.676,4459971.343,15.332
10993,228,35613.082,30531.085,64.501,114.394,34.497,3.76,4664577.574,18.143
10994,228,35910.1,24995.402,34.26,54.3,47.416,6.946,15922325.744,20.514
10995,228,36131.823,24713.454,164.691,1729.235,0,4.684,7239399.41,10.306
10996,228,37146.069,26614.88,172.853,1225.012,0,1.979,1292587.237,10.771
10997,229,10041.739,38686.165,39.055,61.729,55.849,4.195,5807239.851,15.764
10998,229,10488.067,39084.832,47.804,108.674,76.267,5.481,9914384.483,15.378
10999,229,10643.504,33006.227,224.882,3383.698,0,2.544,2135182.689,8.419
11000,229,10721.558,33530.616,9.752,49.165,80.544,4.326,6176046.616,6.549
11001,229,10664.44,34785.487,60.158,108.159,69.647,2.634,2290234.814,14.734
11002,229,10708.344,35050.496,91.725,569.671,39.693,3.398,3811092.868,9.05
11003,229,10719.505,35520.223,3.459,64.411,65.078,6.818,15342921.354,5.519
11004,229,10746.925,36293.256,227.09,5736.76,0,5.669,10607127.747,7.511
11005,229,10731.61,36744.97,207.201,4588.425,1.843,4.714,7332687.431,7.263
11006,229,10841.808,38238.309,88.604,261.756,54.245,3.414,3845493.706,14.609
11007,229,11039.236,33930.489,8.038,26.179,76.108,4.152,5688461.576,9.44
11008,229,11035.602,37441.068,8.56,30.51,79.207,4.068,5461395.429,8.533
11009,229,11187.685,34383.362,271.102,6724.13,0,3.854,4901609.182,7.578
11010,229,11123.288,36885.572,8.444,24.638,103.563,4.771,7513284.784,10.695
11011,229,11316.44,35004.209,169.34,3786.506,0,11.881,46585873.166,9.776
11012,229,11336.209,36035.563,167.631,3691.625,0,9.829,31881629.373,8.694
11013,229,21654.515,30062.266,130.542,1068.24,0,5.298,9264254.375,11.08
11014,229,22389.538,29570.512,144.388,1649.599,0,3.761,4667582.081,8.306
11015,229,22669.46,30191.734,134.988,1626.548,0,5.557,10192713.461,8.758
11016,229,23122.074,29188.087,7.967,20.893,52.084,3.469,3971801.86,10.251
11017,229,23355.566,29760.437,5.199,30.77,61.074,3.508,4060601.322,7.383
11018,229,23416.242,29276.466,268.188,4696.102,0,3.085,3140671.215,8.858
11019,229,23808.696,28959.159,117.713,1092.889,0,4.626,7063186.827,8.925
11020,229,26627.201,13393.181,150.413,2313.047,0,6.801,15265559.581,8.666
11021,229,26746.954,12641.547,79.25,258.299,36.306,2.307,1757151.807,11.318
11022,229,27105.601,14366.504,71.108,309.917,43.271,5.094,8564966.275,11.446
11023,229,27137.613,12968.589,58.321,124.899,52.426,1.258,521916.98,11.292
11024,229,27791.277,15240.846,221.618,4256.255,0,3.68,4468844.039,7.761
11025,229,27940.678,14368.895,143.145,1542.446,0,6.545,14137528.597,10.718
11026,229,28212.139,15796.621,199.737,2994.366,0,3.892,5000177.745,8.633
11027,229,28362.971,15027.885,31.26,71.905,105.894,6.37,13389723.423,13.57
11028,229,28900.963,16129.343,196.172,3043.791,0,4.803,7612138.356,8.936
11029,229,33576.728,27979.367,73.739,173.069,29.211,3.17,3315881.231,14.83
11030,229,33730.69,27171.105,57.801,105.289,47.243,2.777,2545586.972,14.551
11031,229,34305.509,29006.597,107.888,674.425,0,4.239,5931366.413,10.711
11032,229,35494.877,28180.175,146.291,1164.416,0,5.426,9715642.043,12.432
11033,229,35617.984,30474.289,33.836,41.44,49.165,2.123,1486908.572,13.542
11034,229,35921.411,24959.755,4.312,49.085,56.244,6.505,13963877.106,6.684
11035,229,36158.636,27852.115,278.494,4242.446,0,2.112,1472399.309,9.182
11036,229,36160.567,24711.328,50.116,128.039,33.105,3.748,4636659.972,11.944
11037,230,10091.447,38667.396,213.72,3787.05,0,3.763,4672406.606,8.024
11038,230,10113.187,39455.142,160.875,2081.616,0,5.379,9547040.44,9.265
11039,230,10379.249,37855.518,157.984,2460.406,0,3.552,4163485.3,7.144
11040,230,10562.544,39011.721,68.622,147.253,58.259,6.091,12243482.423,22
11041,230,10685.12,34769.547,211.071,4112.986,3.207,2.761,2514836.69,7.085
11042,230,10714.959,35041.224,6.087,48.079,93.981,7.227,17236888.311,7.463
11043,230,10712.167,35493.636,191.797,3180.481,0,7.5,18562716.505,10.316
11044,230,10732.88,36375.01,178.742,3795.812,0,7.445,18291629.559,8.071
11045,230,10800.214,36798.236,1.724,66.309,91.311,7,16169657.084,5.359
11046,230,11014.826,33543.299,36.652,34.51,74.831,3.688,4488200.412,21.338
11047,230,11122.882,37316.939,146.726,2389.373,0,6.454,13747134.295,7.974
11048,230,11210.488,34404.393,182.02,3004.881,0,4.332,6191771.891,7.89
11049,230,11198.072,36840.378,167.802,3239.732,0,5.721,10800158.85,7.391
11050,230,11303.194,35044.616,94.157,436.983,73.461,5.583,10285478.399,13.878
11051,230,11283.95,35360.646,6.779,38.798,84.343,3.912,5051330.561,6.804
11052,230,11307.074,36012.193,44.847,109.492,99.016,6.628,14496914.236,15.78
11053,230,21759.891,30079.085,1.76,42.499,49.032,2.916,2806242.993,5.516
11054,230,21889.166,30523.21,172.865,2572.352,0,2.014,1338160.789,7.121
11055,230,22111.814,30510.076,137.295,1658.951,0,5.254,9111016.812,8.644
11056,230,22399.777,29602.557,4.677,42.275,57.93,5.255,9114553.142,6.812
11057,230,22856.466,30057.11,65.582,101.317,48.063,6.205,12707536.736,28.786
11058,230,23297.118,29776.934,235.787,3225.889,0,5.331,9377191.559,11.647
11059,230,23354.237,29316.369,4.479,17.889,57.661,3.724,4576759.341,10.832
11060,230,23801.606,28962.107,70.832,153.549,37.205,4.598,6977985.626,18.507
11061,230,26626.19,13391.99,61.504,205.46,66.87,3.486,4010095.613,10.834
11062,230,26757.618,12658.078,159.552,2113.786,0,7.838,20274719.333,10.967
11063,230,27146.17,14333.431,180.524,2647.378,0,4.381,6332860.443,8.511
11064,230,27361.973,14719.564,7.366,55.079,57.539,3.775,4702747.969,5.475
11065,230,27619.676,13983.754,138.737,1479.448,0,3.697,4511722.257,8.429
11066,230,27749.861,15198.396,191.078,3848.49,0,6.196,12670944.132,8.093
11067,230,27938.634,14352.956,64.006,176.565,54.48,5.453,9812864.622,15.779
11068,230,28318.527,15060.56,184.628,4532.067,0,6.286,13041132.385,6.922
11069,230,28909.538,16159.15,161.518,1983.029,0,3.697,4510966.877,8.465
11070,230,33764.665,27209.349,10.07,14.219,58.449,3.146,3265993.003,13.86
11071,230,34325.5,29041.207,5.855,43.866,44.488,1.894,1183438.766,5.441
11072,230,35571.25,28350.458,210.885,2309.662,0,2.123,1487605.182,9.481
11073,230,35715.125,30508.208,182.24,2073.769,0,2.947,2865436.209,9.038
11074,230,35845.302,24907.292,27.213,77.102,49.77,4.52,6741397.261,9.286
11075,230,35791.172,26652.041,126.993,861.878,8.736,5.684,10662234.779,12.979
11076,230,36042.999,27799.526,189.816,2480.07,0,4.554,6842949.859,9.641
11077,231,9920.137,39039.817,0.464,75.627,64.711,6.163,12535346.498,4.623
11078,231,10399.348,38125.522,123.549,362.412,60.076,4.9,7922924.162,22.837
11079,231,10400.003,37804.153,3.893,33.119,78.472,8.155,21947111.812,10.355
11080,231,10475.299,39139.986,129.38,1016.52,23.146,3.247,3479625.47,9.467
11081,231,10702.864,33536.39,205.046,4725.143,0,6.219,12762984.058,7.738
11082,231,10758.998,34855.769,240.558,6087.113,0,5.892,11455493.915,7.919
11083,231,10716,36366.651,159.042,2429.189,0,6.066,12143040.108,8.597
11084,231,10760.137,36730.99,21.355,37.021,93.106,5.277,9189591.974,13.828
11085,231,10796.302,33059.506,231.437,3211.969,0,7.101,16639294.215,13.341
11086,231,11128.407,33973.214,162.325,2495.053,0,2.128,1495166.022,6.8
11087,231,11105.127,37329.651,165.67,2596.474,21.442,1.819,1091904.495,6.72
11088,231,11173.68,34410.036,53.555,81.279,63.687,4.93,8022018.884,21.46
11089,231,11281.891,34957.008,7.172,45.905,96.912,9.845,31987082.708,9.725
11090,231,11242.937,35981.964,273.01,7906.512,0,4.742,7420625.041,7.296
11091,231,21830.95,30277.237,150.04,1196.25,20.934,3.719,4563982.654,10.727
11092,231,21919.967,30519.955,2.484,25.118,73.763,3.656,4410075.358,8.21
11093,231,22483.769,30318.701,7.156,51.085,55.593,5.411,9660906.277,6.399
11094,231,22760.495,29387.25,38.289,29.39,52.006,2.951,2872967.364,22.52
11095,231,23300.081,29783.62,173.658,1752.908,0,2.736,2470374.795,9.297
11096,231,23801.904,28951.898,79.92,294.814,25.932,3.826,4830208.05,12.25
11097,231,26658.342,13465.538,173.261,3049.406,0,4.025,5346891.996,7.204
11098,231,26880.811,12591.917,42.901,67.645,60.636,3.871,4944313.434,15.865
11099,231,27123.561,13000.018,6.084,5.228,55.336,1.779,1044257.974,19.673
11100,231,27185.114,14397.237,162.302,2419.498,0,5.8,11101014.225,8.702
11101,231,27357.01,14723.977,181.34,2758.871,0,6.905,15734778.823,10.098
11102,231,27745.421,15253.643,112.478,902.942,37.414,7.998,21111943.502,12.708
11103,231,27937.41,14404.295,65.126,223.385,55.94,4.602,6987914.305,12.307
11104,231,28167.093,15724.841,190.135,2368.885,0,5.59,10313083.606,10.916
11105,231,28331.173,15061.329,205.218,4964.357,0,7.883,20508512.344,8.338
11106,231,28889.232,16115.744,68.69,202.848,56.773,2.911,2795865.577,11.808
11107,231,33040.026,27280.722,1.242,44.436,39.956,4.528,6765475.364,5.962
11108,231,33749.06,27123.382,222.543,3172.146,0,3.717,4560326.147,9.428
11109,231,34359.868,29073.241,45.516,40.799,45.218,3.71,4543293.876,24.942
11110,231,35435.665,29365.311,9.911,30.513,51.741,3.538,4131259.144,8.461
11111,231,35517.131,28260.574,62.302,140.893,37.125,2.005,1326572.208,12.06
11112,231,35675.113,30443.306,232.841,3275.783,0,4.138,5650657.006,10.153
11113,231,35795.46,26640.29,233.602,3280.41,0,4.216,5867026.857,10.259
11114,231,35666.973,30065.177,220.928,3049.463,0,3.809,4787726.37,9.657
11115,231,35841.935,24955.423,7.438,41.379,45.135,6.185,12624829.445,8
11116,231,36083.99,27807.569,45.618,59.004,63.723,1.11,406924.75,13.201
11117,231,36387.544,25264.041,72.124,155.488,31.543,2.22,1626119.411,13.753
11118,231,36433.754,27577.506,117.64,940.075,0,3.656,4410641.574,9.13
11119,231,37201.235,25349.859,4.922,26.471,28.221,3.497,4036605.708,8.102
11120,232,9939.045,39076.819,203.478,3411.249,0,2.434,1954355.06,7.433
11121,232,10402.397,38192.004,169.47,2662.917,0,2.879,2735949.965,7.127
11122,232,10448.779,37848.108,113.738,722.006,43.919,6.134,12416155.227,13.155
11123,232,10474.244,39162.587,49.503,107.115,63.084,5.943,11654468.69,17.211
11124,232,10623.549,37065.462,128.396,916.59,39.807,5.629,10457540.486,12.516
11125,232,10715.089,34862.064,58.654,156.403,79.058,5.473,9886027.423,15.34
11126,232,10735.283,35164.88,161.707,3368.772,0,4.347,6235834.212,6.34
11127,232,10721.337,36365.607,204.403,4011.082,0,4.998,8243511.037,7.944
11128,232,10775.757,32983.154,150.521,1634.034,0,4.112,5580357.959,9.048
11129,232,10799.378,38246.064,7.325,45.741,70.945,4.113,5581532.229,6.293
11130,232,11078.737,33996.747,62.214,94.708,66.182,4.634,7086522.523,22.697
11131,232,11110.344,37337.015,117.178,904.835,57.114,5.485,9926804.538,10.896
11132,232,11317.755,34956.879,46.945,62.92,106.309,4.599,6978806.92,20.948
11133,232,21864.901,30541.942,157.387,1867.687,11.569,4.24,5934188.553,8.866
11134,232,22594.372,30253.494,90.589,473.001,34.7,8.535,24038627.612,16.128
11135,232,23359.242,29195.037,7.565,70.657,46.454,8.755,25294941.364,6.417
11136,232,23323.364,29774.189,169.421,1811.078,0,2.58,2196502.84,8.757
11137,232,23809.037,28943.606,111.554,889.274,0,4.079,5491267.827,9.15
11138,232,23796.804,29455.372,35.595,31.807,44.851,2.041,1374221.172,16.725
11139,232,26868.927,12597.114,39.067,63.78,65.642,5.605,10368165.054,18.304
11140,232,27145.193,12985.769,91.592,427.587,37.393,4.532,6778399.764,12.17
11141,232,27169.804,14399.824,171.692,2701.349,0,4.76,7477045.277,8.079
11142,232,27798.264,15342.905,49.253,127.47,85.531,2.874,2726080.237,10.736
11143,232,27984.388,14418.971,159.195,2740.801,0,9.288,28471751.829,9.833
11144,232,28357.306,15074.936,239.576,6524.387,0,7.013,16228636.126,8.076
11145,232,28966.686,16136.199,138.127,1113.592,0,3.43,3883469.79,9.844
11146,232,32961.627,27203.028,3.641,38.469,43.94,3.913,5052370.026,6.417
11147,232,33697.989,27116.098,102.095,500.276,31.853,3.399,3813701.323,11.265
11148,232,34375.278,29087.799,134.104,1205.089,0,2.95,2872825.61,8.703
11149,232,35649.884,30478.809,132.202,1176.166,0,2.169,1552248.241,8.254
11150,232,35782.067,24898.308,129.289,1209.343,0,8.71,25035201.747,13.222
11151,232,36097.61,27797.901,210.933,2874.719,0,5.023,8327930.923,10.481
11152,233,9911.308,39114.446,198.46,2818.04,0,3.451,3931011.768,8.616
11153,233,10024.588,38828.061,219.133,3919.072,0,4.251,5963121.101,8.387
11154,233,10322.958,38130.863,158.457,2137.465,0,5.194,8902426.852,8.779
11155,233,10436.641,37826.562,187.403,2925.479,0,4.27,6016371.234,8.3
11156,233,10589.732,33960.025,80.39,239.078,42.695,4.966,8138845.876,16.454
11157,233,10574.858,37140.927,154.592,2179.371,0,5.314,9317992.071,8.448
11158,233,10480.798,39141.62,154.905,2663.024,0,7.946,20839531.602,8.81
11159,233,10668.254,32968.088,137.125,1284.009,0,5.56,10200388.125,10.629
11160,233,10716.617,34800.911,8.657,82.71,87.916,5.792,11070828.968,4.932
11161,233,10731.045,35060.367,162.332,3323.891,0,5.287,9223680.65,6.772
11162,233,10719.324,36205.714,73.137,254.521,73.31,2.58,2196157.88,10.668
11163,233,10759.904,33550.236,225.975,4780.797,0,3.387,3786297.984,7.27
11164,233,10785.157,36759.531,166.527,3413.556,0,4.149,5681874.94,6.449
11165,233,11122.464,33999.032,4.81,50.544,85.768,6.019,11955781.33,6.373
11166,233,11107.435,37355.278,8.363,45.955,101.483,4.234,5915110.256,6.517
11167,233,11200.57,36960.846,3.405,116.23,89.296,6.772,15133657.69,3.674
11168,233,11278.434,34898.886,177.185,3465.455,0,5.99,11840410.043,7.734
11169,233,11293.921,35234.397,160.168,2618.191,0,3.594,4262517.92,7.011
11170,233,11302.04,35720.488,133.593,2010.113,0,4.448,6528615.178,6.957
11171,233,11284,36082.291,5.345,37.807,77.823,4.51,6712187.045,7.028
11172,233,21813.727,30586.997,158.191,2197.634,0,6.012,11929487.125,9.136
11173,233,22107.786,29671.191,104.878,563.362,19.101,1.657,906563.292,9.372
11174,233,23162.626,29171.633,183.229,2575.753,0,2.409,1915028.614,7.735
11175,233,23411.71,29730.477,59.053,120.714,42.822,1.562,804889.809,11.945
11176,233,26603.432,13326.257,167.686,2521.858,0,6.318,13174812.373,9.196
11177,233,26912.334,12616.101,155.929,1597.825,0,3.937,5116262.675,9.482
11178,233,26965.394,14077.89,4.822,43.444,59.204,2.241,1657970.454,5.453
11179,233,27133.684,12948.353,121.51,1116.224,22.722,3.778,4710370.948,8.596
11180,233,27198.185,14404.061,4.353,53.608,62.007,7.195,17082218.549,6.585
11181,233,27275.493,13279.383,160.479,1798.914,0,5.655,10552998.047,10.499
11182,233,27830.432,15329.311,53.224,152.431,68.803,6.624,14479374.58,15.332
11183,233,27942.427,14373.107,122.639,1447.019,0,3.901,5022982.528,7.443
11184,233,28221.122,15228.281,74.83,195.537,81.74,3.664,4430937.667,14.756
11185,233,28347.688,15074.019,186.285,3633.625,0,7.65,19312286.785,8.995
11186,233,32314.808,26208.001,62.313,136.465,21.95,4.871,7830878.305,17.422
11187,233,33069.772,27287.996,84.498,259.686,32.987,3.669,4442442.925,14.205
11188,233,33676.143,27113.916,5.482,14.406,46.135,3.771,4693052.787,13.089
11189,233,34388.373,29073.899,122.13,1106.581,0,3.919,5068775.679,8.793
11190,233,35438.968,29358.995,7.928,30.499,41.681,4.593,6961787.484,8.813
11191,233,35616.624,30468.573,111.201,517.905,24.806,1.639,886767.459,10.449
11192,233,35880.523,24922.577,200.534,2589.616,0,6.439,13682656.642,11.91
11193,233,35851.861,29899.015,113.129,878.926,0,2.216,1620854.653,8.211
11194,233,36430.973,27582.98,135.772,1329.285,0,5.288,9229538.229,9.984
11195,234,10402.196,37886.86,138.216,1801.337,0,2.53,2111624.638,6.955
11196,234,10401.7,39200.604,6.648,91.076,83.29,4.029,5356705.774,4.03
11197,234,10719.704,34800.576,6.519,43.886,78.421,6.529,14069244.674,7.667
11198,234,10717.079,35126.401,6.898,46.253,96.892,9.661,30803163.504,9.455
11199,234,10715.409,36307.136,172.808,3658.1,0,7.71,19618807.363,8.031
11200,234,10619.836,38976.098,118.584,704.006,47.465,5.794,11079456.087,13.845
11201,234,10800.531,33009.688,1.591,30.268,46.508,3.12,3213044.161,6.868
11202,234,10787.188,36766.503,164.353,3112.864,0,3.337,3674109.781,6.434
11203,234,11114.745,37436.265,9.306,62.173,86.643,8.732,25162717.465,7.509
11204,234,11120.101,33983.366,159.952,2597.195,0,6.916,15786143.383,8.771
11205,234,11110.345,37005.756,61.937,135.355,92.538,2.129,1495325.165,12.433
11206,234,11353.864,35017.251,265.977,7406.08,0,5.365,9497753.248,7.664
11207,234,21660.659,29970.69,71.562,241.662,32.731,2.96,2891281.913,11.134
11208,234,21843.509,30561.397,6.194,26.847,67.495,1.882,1168791.451,7.184
11209,234,21999.858,29758.868,3.784,41.674,53.825,5.738,10866167.591,7.039
11210,234,22604.773,30243.321,150.453,1631.262,0,4.577,6913269.915,9.396
11211,234,23279.315,29161.343,3.17,46.232,68.17,6.467,13802118.457,6.838
11212,234,23484.313,29669.53,50.409,74.596,45.179,1.701,954533.448,13.562
11213,234,23922.534,29437.991,10.464,53.649,44.502,2.701,2406740.856,5.702
11214,234,26527.055,13165.272,157.018,1766.08,0,4.593,6961862.664,9.439
11215,234,26594.276,12826.758,30.857,40.922,46.147,3.8,4765265.276,15.501
11216,234,26634.021,13445.226,191.482,2868.593,0,7.317,17667009.027,11.003
11217,234,27128.025,12967.693,148.238,2281.915,0,4.17,5739587.28,7.186
11218,234,27280.197,14479.86,1.678,24.652,63.1,2.945,2862535.424,7.706
11219,234,27298.002,13315.855,48.592,101.947,53.204,2.886,2747992.85,12.235
11220,234,27440.325,14770.513,203.924,3275.699,0,4.381,6334029.746,8.674
11221,234,27819.03,15278.949,176.368,3096.893,0,5.561,10206601.11,8.072
11222,234,27950.373,14364.261,75.422,349.518,51.478,3.731,4593466.474,10.023
11223,234,28397.597,15037.311,11.382,88.844,98.971,3.738,4609951.969,4.612
11224,234,32998.624,27272.005,176.627,2009.274,0,3.791,4742075.011,9.475
11225,234,34386.015,29071.853,166.42,1592.951,0,4.3,6102757.212,10.702
11226,234,35395.41,29368.874,53.237,124.053,41.58,5.375,9534588.143,15.897
11227,234,35683.035,30471.406,31.244,31.14,46.19,3.209,3399097.56,17.726
11228,234,35812.401,28378.472,55.167,50.552,50.785,4.127,5620161.743,29.637
11229,234,37241.201,25330.983,72.726,118.097,17.887,4.263,5996357.783,22.734
11230,235,10468.438,37773.793,36.123,61.117,61.57,6.607,14407656.051,19.151
11231,235,10431.759,39228.143,139.93,2399.754,0,4.353,6252718.951,6.557
11232,235,10545.809,33473.444,155.074,2220.063,0,5.461,9841206.857,8.466
11233,235,10580.335,34025.402,96.729,265.426,43.149,5.155,8770085.06,20.62
11234,235,10560.71,38880.361,1.194,61.806,79.426,6.031,12003994.622,5.278
11235,235,10734.289,35143.238,163.752,3495.889,0,5.346,9431640.082,6.649
11236,235,10718.432,36350.658,213.948,5459.184,0,9.385,29066492.661,9.1
11237,235,10745.826,32971.053,172.736,1951.285,0,6.42,13603769.43,11.777
11238,235,10822.419,38320.946,230.088,4015.614,0,3.144,3263008.295,8.127
11239,235,10954.818,36800.268,5.738,27.855,127.223,3.806,4780701.439,8.208
11240,235,11127.701,34047.33,70.271,208.544,68.137,6.853,15497044.976,18.441
11241,235,11119.64,36800.256,2.852,82.959,104.296,6.281,13021307.666,4.448
11242,235,11119.489,37323.766,63.059,256.241,84.588,7.198,17096695.984,13.564
11243,235,11222.917,34442.762,144.422,1795.77,0,6.537,14104130.892,9.67
11244,235,11281.292,34876.391,7.405,51.676,83.96,6.936,15876140.313,7.165
11245,235,11287.036,35225.268,111.104,738.021,44.408,2.997,2963483.499,9.409
11246,235,21752.8,29969.105,36.71,27.114,63.359,2.196,1592037.065,19.791
11247,235,21918.405,30565.07,6.448,85.939,60.985,7.245,17323573.032,4.905
11248,235,21916.547,29839.961,15.198,41.932,63.943,7.121,16732388.247,11.534
11249,235,22523.683,30279.697,153.436,1898.983,0,6.606,14403535.358,10.199
11250,235,23281.613,29122.309,5.118,62.721,73.111,5.768,10980841.84,5.416
11251,235,23781.688,28892.315,142.979,1438.699,0,4.025,5346976.38,9.142
11252,235,23863.638,29453.966,150.355,1455.124,0,3.724,4577552.024,9.452
11253,235,26637.895,13418.578,55.207,134.451,58.048,2.06,1401047.237,10.922
11254,235,27009.364,14032.875,41.505,44.043,55.71,3.531,4114809.674,20.125
11255,235,27135.57,12971.273,55.316,157.16,52.226,5.998,11871124.435,14.844
11256,235,27209.715,14395.094,45.793,99.628,59.571,4.747,7435440.813,14.303
11257,235,27450.329,14823.522,226.204,3709.022,0,5.775,11007353.452,10.268
11258,235,27842.295,15356.276,6.756,78.381,75.057,5.708,10752802.171,4.824
11259,235,27954.17,14370.321,163.772,2493.947,0,8.25,22459430.498,10.324
11260,235,28170.325,15316.159,234.623,5110.733,15.58,4.81,7636587.801,8.009
11261,235,28906.459,16184.039,82.991,310.431,15.072,1.597,841275.587,10.103
11262,235,33016.182,27280.848,161.46,2011.457,0,3.776,4704626.474,8.433
11263,235,35440.582,29360.675,3.948,51.64,46.584,4.056,5427959.782,5.394
11264,235,35600.862,30488.181,5.7,49.899,43.193,4.604,6996328.796,5.916
11265,235,35683.093,28399.095,5.024,22.999,49.57,4.484,6636200.939,9.941
11266,235,35820.879,24943.992,167.855,1441.872,0,2.808,2602893.358,10.112
11267,235,36229.818,25008.216,58.86,69.733,41.635,4.773,7519374.876,27.574
11268,235,36360.228,25735.547,41.748,51.234,33.565,2.26,1685353.006,14.995
11269,236,9921.139,39036.749,8.174,57.64,58.35,7.387,18008660.467,6.977
11270,236,10428.831,39214.578,163.132,2866.416,0,4.69,7259692.707,7.238
11271,236,10571.776,34027.578,162.527,1934.455,0,5.424,9709253.148,9.944
11272,236,10512.777,39042.875,79.11,286.046,75.144,3.766,4681679.811,12.266
11273,236,10652.962,33501.862,45.522,56.52,68.387,2.644,2306706.239,16.377
11274,236,10744.098,35072.541,229.036,6247.197,0,3.883,4975076.562,6.467
11275,236,10692.397,35486.258,148.718,2252.233,0,5.551,10169038.01,7.966
11276,236,10672.07,36400.417,2.496,34.533,95.134,6.225,12790080.05,8.295
11277,236,10779.301,36034.233,336.878,9805.831,0,4.725,7366571.722,8.335
11278,236,10803.999,33021.085,169.828,1976.785,0,3.491,4021247.975,8.895
11279,236,10870.699,38316.91,6.285,45.768,71.229,5.38,9550789.253,6.742
11280,236,11112.564,34044.642,103.542,376.488,49.231,3.418,3855242.973,13.976
11281,236,11132.383,36868.882,221.902,6671.176,0,5.168,8814437.192,6.398
11282,236,11131.761,37378.485,177.678,4051.131,0,7.041,16360040.914,7.436
11283,236,11356.327,35041.662,6.007,45.196,96.708,5.334,9389711.118,6.732
11284,236,11279.513,35758.431,5.728,51.657,81.527,6.466,13799462.973,6.616
11285,236,21812.647,30582.13,68.865,158.726,55.641,4.225,5889876.486,16.483
11286,236,21921.81,29798.915,23.311,33.732,59.184,2.547,2141084.908,11.573
11287,236,22517.785,30214.574,226.853,2826.191,0,4.547,6822309.073,11.269
11288,236,23239.614,29132.693,117.768,954.77,33.698,5.758,10939853.616,10.8
11289,236,23810.766,28888.581,176.129,2036.323,0,4.488,6646947.666,9.918
11290,236,23888.181,29452.56,52.173,81.172,41.908,3.912,5049199.873,17.969
11291,236,26581.382,13402.69,98.494,492.364,38.039,4.842,7736874.009,12.548
11292,236,26713.039,12647.173,204.668,2297.808,0,6.745,15015042.224,13.911
11293,236,26798.627,13759.696,5.566,50.505,58.586,5.892,11456215.324,6.421
11294,236,27133.983,12984.354,51.82,62.502,64.999,3.964,5184577.771,22.061
11295,236,27359.59,14800.194,4.421,61.005,61.061,6.224,12784736.352,5.61
11296,236,27995.53,14394.272,30,93.053,65.471,4.03,5359180.371,8.612
11297,236,28421.911,15063.786,70.944,306.88,74.053,4.108,5569151.791,10.476
11298,236,33682.133,27086.505,47.681,57.727,43.211,2.189,1581599.81,15.949
11299,236,33796.16,27423.188,95.158,366.718,29.082,3.316,3628863.746,12.563
11300,236,34244.842,28277.03,30.076,30.529,38.995,3.7,4517655.495,18.597
11301,236,35715.857,30439.023,135.175,1221.332,0,2.081,1428537.075,8.241
11302,236,36282.274,24999.268,45.758,55.668,41.955,4.286,6063081.325,21.361
11303,236,37278.473,25277.972,5.114,26.768,27.067,6.369,13387404.288,10.773
11304,237,9942.952,38997.732,0.872,19.692,68.51,5.145,8734941.781,11.412
11305,237,10431.115,39163.422,138.47,2474.831,0,7.223,17215945.658,7.527
11306,237,10641.205,33519.518,5.291,71.264,66.029,5.064,8461380.03,4.785
11307,237,10711.949,35146.952,179.696,3600.358,0,11.783,45822472.803,11.208
11308,237,10736,35492.047,198.953,3590.433,0,4.906,7943915.182,8.203
11309,237,10701.641,36392.721,159.881,2898.863,0,4.604,6994948.969,6.968
11310,237,10883.392,33008.32,49.933,126.645,46.052,6.668,14672924.779,16.37
11311,237,10895.884,33528.796,170.205,1584.596,30.379,2.633,2288658.593,9.571
11312,237,10886.408,38280.191,161.746,2460.621,0,3.052,3074763.417,7.139
11313,237,11037.167,37437.534,192.537,4099.07,0,6.994,16144518.306,8.252
11314,237,11120.8,33994.691,5.955,49.34,74.095,9.779,31561193.827,8.787
11315,237,11360.702,36000.366,3.979,94.665,65.085,3.9,5020156.63,3.723
11316,237,21789.971,30610.602,87.75,293.052,50.94,5.743,10883142.247,17.471
11317,237,21927.41,29800.467,172.418,2253.635,0,4.867,7818016.249,9.265
11318,237,22572.286,30248.796,140.141,1143.794,3.383,5.084,8531259.295,11.449
11319,237,23270.504,29169.613,92.557,421.888,49.18,5.985,11822327.846,14.484
11320,237,23799.593,28879.8,2.244,31.599,44.377,3.797,4757056.556,7.11
11321,237,23880.866,29459.675,96.217,485.483,18.742,4.606,7000959.301,11.976
11322,237,26637.874,13440.541,6.085,54.3,58.373,5.404,9638427.246,5.964
11323,237,26748.301,12659.107,209.286,2798.946,0,4.758,7471560.255,10.322
11324,237,27065.516,12899.24,78.148,191.446,51.878,4.267,6007523.889,17.223
11325,237,27222.943,14452.851,67.205,114.429,49.281,1.57,813797.442,14.173
11326,237,27319.394,13440.098,3.27,11.452,54.878,1.564,807250.839,10.853
11327,237,27438.265,14867.071,185.389,2583.955,0,4.061,5441634.259,8.741
11328,237,27976.952,14373.658,130.286,1445.412,0,4.125,5614779.921,8.15
11329,237,28319.78,15916.979,3.908,51.253,41.686,4.476,6612235.008,5.568
11330,237,28434.036,15078.409,169.636,3469.859,0,3.291,3573942.182,6.251
11331,237,28810.623,16071.635,182.896,2057.171,0,2.914,2801441.154,9.1
11332,237,33119.883,27206.406,8.463,21.636,44.83,2.748,2491558.368,9.364
11333,237,35718.997,30497.235,114.813,799.921,0,5.442,9774880.65,11.553
11334,237,37242.016,25325.38,101.95,465.411,0,2.083,1431462.336,10.431
11335,238,9970.583,38998.595,39.984,54.824,68.193,4.427,6469067.247,18.388
11336,238,10446.448,39159.808,150.83,3027.645,0,4.736,7400844.02,6.351
11337,238,10560.385,33522.275,7.625,62.973,57.504,5.201,8925672.136,5.538
11338,238,10558.579,34080.657,5.4,64.143,50.663,5.896,11471436.439,5.409
11339,238,10699.164,34765.445,193.82,3147.735,0,3.118,3209066.157,7.655
11340,238,10720.316,35162.311,177.97,3312.05,0,6.447,13718205.32,8.289
11341,238,10694.445,35522.339,37.171,65.213,70.208,3.118,3209043.207,12.512
11342,238,10691.806,36364.041,60.219,164.37,65.637,7.927,20735782.229,19.732
11343,238,10844.19,32991.386,128.289,1369.855,0,4.237,5924275.806,8.342
11344,238,10898.994,38263.601,142.669,2091.392,0,5.696,10706214.163,8.003
11345,238,10973.49,33478.262,68.776,288.745,44.784,2.298,1742657.545,9.025
11346,238,11072.131,37425.178,50.918,80.277,91.871,5.961,11726635.148,22.973
11347,238,11139.652,33981.045,100.581,647.007,23.12,4.293,6083243.579,10.082
11348,238,11199.68,36931.51,42.635,154.234,89.136,11.933,46992641.584,16.846
11349,238,11306.402,35061.854,130.985,2538.702,0,4.896,7911747.078,6.01
11350,238,11295.765,35963.509,163.156,2475.476,0,6.442,13697367.72,9.041
11351,238,21778.691,30619.272,143.416,1880.13,0,3.324,3646926.196,7.387
11352,238,21895.901,29829.158,121.698,1239.367,0,3.819,4814338.139,8.082
11353,238,22237.696,29613.441,9.057,37.694,44.218,6.843,15455435.287,9.597
11354,238,22567.645,30247.326,138.432,1121.571,0,4.021,5335045.421,10.347
11355,238,23253.043,29205.657,76.708,239.718,58.057,4.949,8082946.7,15.281
11356,238,23865.064,29464.834,182.247,1870.838,0,3.674,4453772.794,10.243
11357,238,26777.505,12654.061,260.381,4074.407,0,4.758,7470925.049,10.762
11358,238,26787.018,13707.594,159.288,2246.397,0,7.883,20505335.837,10.456
11359,238,27240.812,14437.497,67.157,168.428,58.773,2.371,1855832.437,12.229
11360,238,27398.851,13487.107,147.466,1523.876,0,2.923,2820505.332,8.441
11361,238,27762.014,15281.727,156.899,2646.963,0,8.698,24964590.012,9.498
11362,238,28400.007,15042.111,5.041,113.486,91.644,6.41,13558866.363,3.776
11363,238,32294.684,26134.682,131.089,692.198,0,3.264,3515236.838,12.393
11364,238,35925.3,30003.514,160.371,1467.702,0,4.863,7804246.322,11.347
11365,238,36284.942,25155.649,106.894,293.492,31.554,2.473,2017602.383,15.341
11366,238,36308.944,25710.708,184.223,1991.929,0,2.859,2697483.028,9.323
11367,238,37182.055,25338.502,157.445,1024.76,0,2.384,1875233.311,11.116
11368,239,10060.384,38703.34,143.366,1943.224,0,6.266,12957970.789,8.842
11369,239,10434.199,39220.626,157.112,3084.437,0,5.254,9110231.788,6.804
11370,239,10558.311,34078.296,7.15,70.857,47.36,10.558,36790217.764,7.079
11371,239,10649.291,33460.678,213.612,4409.139,0,4.328,6180416.535,7.56
11372,239,10687.925,34865.754,46.737,90.085,78.554,2.134,1503066.9,11.698
11373,239,10716.029,35174.295,158.605,2718.051,0,4.918,7982375.899,7.331
11374,239,10688.458,35494.411,154.527,2326.904,0,6,11879390.095,8.472
11375,239,10740.301,36169.943,210.994,3680.759,5.196,3.005,2979517.314,7.657
11376,239,10656.286,38874.682,306.693,7597.809,0,4.968,8145004.791,8.889
11377,239,10832.852,33009.701,144.461,1414.109,0,4.681,7230425.799,9.898
11378,239,10956.864,36801.702,6.359,61.611,112.354,2.62,2266166.212,4.711
11379,239,10853.49,38249.914,29.974,65.202,66.841,5.983,11813368.894,13.45
11380,239,11017.859,37843.453,197.391,3255.629,0,3.519,4087272.076,7.863
11381,239,11153.381,33981.575,154.402,2041.425,0,3.052,3073628.637,7.548
11382,239,11083.943,37380.251,206.569,5424.228,0,9.797,31673981.711,8.877
11383,239,11204.336,36997.109,77.528,312.684,76.025,3.385,3781980.649,10.823
11384,239,11280.834,34960.415,5.324,51.136,101.666,6.5,13943633.792,6.62
11385,239,11358.687,35763.979,2.917,29.742,67.023,4.144,5666770.245,7.7
11386,239,21730.059,30634.105,88.05,237.412,55.748,2.892,2761066.296,14.523
11387,239,21823.419,29942.716,203.039,3002.324,0,4.561,6864699.68,9.274
11388,239,22172.483,29603.06,5.665,19.174,50.806,3.835,4852626.402,10.706
11389,239,23239.659,29190.763,51.076,84.614,57.233,2.231,1642463.727,13.549
11390,239,23820.991,28901.575,86.112,471.264,17.101,3.322,3642583.348,9.393
11391,239,23922.301,29455.681,140.101,988.338,0,3.752,4644892.259,11.177
11392,239,26593.506,13406.954,173,2464.079,0,4.651,7139041.859,8.611
11393,239,26913.45,12673.213,124.013,1302.312,0,6.053,12089866.504,9.471
11394,239,27125.338,12967.181,109.047,405.495,32.132,2.427,1943599.516,12.686
11395,239,27290.317,14515.826,266.527,5132.795,0,2.038,1370394.911,7.823
11396,239,27384.566,13501.238,163.625,1630.7,0,6.344,13282269.019,12.381
11397,239,27839.311,15355.607,8.457,41.21,75.016,6.163,12534076.141,8.267
11398,239,27921.959,14317.351,5.664,24.478,59.88,6.948,15932423.044,12.454
11399,239,28159.36,15766.306,7.045,43.323,45.549,2.745,2486413.428,5.887
11400,239,28414.08,15075.076,186.82,5227.38,0,4.805,7618816.093,5.903
11401,239,28821.545,16073.072,106.145,327.316,29.133,2.535,2121371.543,14.26
11402,239,33694.01,27115.64,159.954,1974.308,0,7.285,17515846.315,11.133
11403,239,35729.916,26615.083,111.947,657.24,5.232,4.57,6893259.93,11.851
11404,239,35720.648,27920.176,1.279,15.208,47.621,3.574,4215871.138,11.488
11405,239,35996.262,30089.888,5.737,11.979,44.011,2.183,1572497.259,11.96
11406,239,36324.087,25754.441,9.193,52.29,45.498,3.589,4252031.656,5.879
11407,239,37225.854,25309.136,112.78,656.832,0,5.82,11179757.357,13.573
11408,240,10049.483,38712.331,38.546,65.491,62.439,5.885,11429314.499,18.169
11409,240,10481.2,39119.21,1.899,38.805,104.024,2.195,1590707.394,5.582
11410,240,10601.349,33021.564,131.655,1347.332,0,7.213,17168468.454,11.063
11411,240,10590.621,34078.603,82.742,269.582,39.926,2.495,2054630.567,11.813
11412,240,10634.811,37034.586,8.007,60.407,75.278,4.772,7513673.944,5.596
11413,240,10697.568,34780.204,23.456,51.756,88.691,2.812,2609879.549,9.104
11414,240,10723.589,35157.223,167.02,2892.191,0,2.86,2700178.595,6.68
11415,240,10703.548,35483.969,69.095,168.043,59.654,5.15,8754372.492,17.773
11416,240,10740.346,36140.956,187.93,2903.855,0,3.694,4502678.259,8.039
11417,240,10884.734,36802.724,8.654,49.539,107.255,5.83,11215974.808,7.059
11418,240,10963.993,33237.08,132.286,1491.599,0,4.23,5906169.683,8.203
11419,240,11119.145,33981.626,142.637,1710.07,0,4.818,7662017.984,8.629
11420,240,11242.854,34439.958,167.458,1997.023,0,6.866,15556209.065,11.45
11421,240,11318.2,34967.391,60.417,290.592,94.538,5.54,10128025.407,10.001
11422,240,11302.069,35798.024,122.278,1459.826,0,4.639,7101841.922,7.738
11423,240,21793.13,30639.969,117.528,1281.131,0,5.903,11501886.239,8.781
11424,240,22599.245,30250.255,120.599,904.473,0,4.332,6193517.158,10.243
11425,240,23038.031,30000.926,3.177,25.062,44.743,4.623,7054161.696,9.156
11426,240,23146.162,29207.245,103.099,475.835,31.986,2.723,2446430.956,11.034
11427,240,23821.367,28924.017,52.957,108.323,40.044,4.178,5760635.649,15.224
11428,240,23920.553,29424.852,85.355,199.885,29.472,4.735,7398096.147,20.235
11429,240,26638.153,13439.593,7.45,70.615,65.672,7.906,20627200.425,6.058
11430,240,26733.685,3472.241,47.86,56.264,18.572,1.995,1313818.598,15.839
11431,240,26886.763,12612.926,160.615,2056.513,0,4.635,7090023.326,8.801
11432,240,27115.053,12904.478,57.292,65.041,45.557,6.723,14914380.326,36.767
11433,240,27255.27,14510.075,161.757,2618.554,0,7.829,20225897.739,9.456
11434,240,27375.382,13481.773,182.435,1962.576,0,3.282,3554329.198,9.615
11435,240,27961.626,14341.503,203.952,2569.852,0,2.596,2223328.982,8.859
11436,240,28148.051,15766.461,108.763,859.302,0,5.046,8403627.884,9.804
11437,240,28372.628,15028.525,78.518,321.374,87.915,3.239,3462062.21,10.651
11438,240,33757.605,27278.502,5.123,49.523,59.095,2.239,1654571.302,5.099
11439,240,35825.489,24858.93,67.921,146.712,30.343,3.241,3467508.264,15.09
11440,240,35838.694,26557.127,8.87,49.012,40.167,5.355,9464588.335,6.903
11441,240,36001.4,24799.166,4.659,54.854,39.469,2.386,1879331.337,4.811
11442,240,35993.424,28736.682,81.416,224.703,16.281,2.692,2392443.384,13.301
11443,240,36322.766,25494.761,99.474,482.346,22.869,2.6,2230143.2,10.364
11444,241,10061.457,38714.263,140.4,1893.91,0,6.61,14419452.605,8.965
11445,241,10410.839,37981.197,186.55,2896.935,0,3.768,4684841.897,8.018
11446,241,10457.411,39142.918,87.899,730.48,57.212,6.902,15722689.884,9.462
11447,241,10542.212,33471.69,153.799,2020.921,0,4.853,7773051.307,8.542
11448,241,10554.897,37696.328,178.237,2797.513,0,2.555,2155065.169,7.213
11449,241,10618.277,37064.581,183.939,2872.677,0,2.903,2781106.51,7.503
11450,241,10692.182,34742.486,64.774,249.604,77.794,2.794,2575648.69,9.56
11451,241,10744.677,35218.221,130.637,994.053,54.592,5.577,10264214.249,12.012
11452,241,10707.019,36274.243,161.641,2782.341,0,5.965,11740399.291,7.929
11453,241,10915.876,36744.927,236.301,6813.358,0,3.019,3006878.714,6.116
11454,241,10864,38270.908,197.641,3540.321,0,4.597,6975111.331,8.032
11455,241,11120.178,34000.238,1.165,52.157,62.04,2.263,1690578.239,4.735
11456,241,11187.004,37249.395,42.766,96.876,108.734,7.256,17374585.326,17.423
11457,241,11222.677,34401.747,34.487,72.506,59.199,3.372,3753372.676,11.043
11458,241,11324.421,34990.8,190.802,4395.416,0,6.763,15093139.661,7.625
11459,241,11325.995,35948.835,159.24,2317.614,0,5.075,8499058.562,8.286
11460,241,21840.691,29839.311,2.966,78.081,64.957,7.67,19413026.725,5.025
11461,241,21868.28,30578.325,97.848,257.107,53.221,4.824,7679146.256,20.645
11462,241,22355.509,30315.526,105.998,495.953,38.308,3.256,3498060.695,11.724
11463,241,23105.954,29135.912,149.903,1861.282,0,3.962,5180501.328,8.178
11464,241,23891.363,29363.152,69.231,82.045,33.665,4.795,7588965.279,31.092
11465,241,26610.141,13322.173,40.274,84.259,71.688,4.869,7825027.042,13.976
11466,241,27174.931,12952.176,143.991,1379.613,0,4.368,6295473.965,9.762
11467,241,27252.44,14570.518,114.137,1463.775,2.442,3.755,4652818.848,6.723
11468,241,27372.596,14872.602,8.364,26.831,53.7,2.167,1549624.905,7.744
11469,241,27760.065,15278.985,15.438,73.627,68.54,7.036,16335104.091,7.419
11470,241,27988.257,14419.136,160.958,1925.195,1.436,2.718,2438679.039,8.034
11471,241,28159.805,15759.495,1.195,54.066,44.937,5.451,9805813.76,5.571
11472,241,28429.717,15039.188,157.639,3508.973,0,9.664,30819759.179,8.14
11473,241,32521.642,26539.444,78.569,193.085,29.722,4.081,5494908.133,16.83
11474,241,33731.246,27218.357,216.821,3424.106,0,2.552,2149581.884,8.022
11475,241,34251.839,28157.292,205.346,2139.795,0,2.553,2151153.481,9.93
11476,241,35002.471,29951.544,56.883,84.838,29.242,2.343,1811417.825,15.561
11477,241,36278.475,26845.338,155.566,1305.296,0,4.021,5335540.011,10.916
11478,241,36372.239,25507.549,223.852,2759.25,0,3.381,3772307.794,10.11
11479,242,9918.341,39152.178,138.804,1700.288,0,5.773,11000388.668,8.967
11480,242,10044.105,38724.623,159.223,2230.911,0,8.477,23713059.878,10.98
11481,242,10398.418,37841.776,4.398,48.799,65.269,3.809,4787152.856,5.542
11482,242,10439.206,39148.057,38.641,47.255,98.416,3.099,3168633.924,16.357
11483,242,10704.306,33629.013,101.838,438.569,40.04,5.7,10720517.717,15.802
11484,242,10701.889,34763.619,127.689,2157.878,0,8.387,23215346.142,7.965
11485,242,10641.84,36547.844,7.403,39.599,80.818,5.73,10834364.095,7.947
11486,242,10912.074,36827.675,173.318,4347.302,0,2.489,2044897.873,5.47
11487,242,10872.657,38358.027,175.314,2337.992,0,7.167,16953008.036,11.133
11488,242,10998.2,33571.729,94.065,375.702,36.093,1.98,1293418.742,10.7
11489,242,11083.048,33913.026,186.075,2962.685,0,3.478,3992280.864,7.733
11490,242,11089.337,37269.401,131.381,861.28,74.56,3.266,3519146.075,10.752
11491,242,11306.527,34996.104,92.056,539.257,83.537,8.109,21702813.254,14.279
11492,242,11317.281,35790.23,179.921,2686.784,0,4.579,6918825.094,8.514
11493,242,21823.686,30618.256,247.018,4173.973,0,2.511,2081341.854,8.29
11494,242,21941.855,29826.572,187.377,2593.234,0,7.205,17130404.797,11.417
11495,242,22398.777,30400.998,0.763,19.029,55.451,4.981,8187883.382,11.501
11496,242,23172.209,29153.517,185.016,2621.699,0,4.646,7123024.282,9.031
11497,242,23901.661,28907.428,149.817,1117.748,0,3.328,3655273.429,10.799
11498,242,23956.032,29388.2,55.827,138.338,38.239,2.818,2619943.898,11.699
11499,242,26551.334,13198.539,6.534,33.735,73.398,7.411,18126125.893,10.187
11500,242,27019.088,14176.693,122.028,1137.06,0,4.539,6799972.26,9.051
11501,242,27160.321,12970.405,65.212,90.588,45.757,3.757,4658277.932,22.12
11502,242,27266.94,14529.422,195.294,2884.38,0,3.8,4764970.772,8.535
11503,242,27450.063,14881.885,190.921,2308.033,0,3.784,4725231.366,9.566
11504,242,27760.147,15268.413,9.008,36.139,64.156,5.938,11635516.488,9.129
11505,242,27955.782,14409.673,209.835,2451.401,0,3.186,3350049.531,9.878
11506,242,28114.021,15680.201,1.973,24.688,46.186,6.151,12484173.012,10.684
11507,242,28365.425,15021.666,144.49,2804.405,0,7.577,18945454.171,7.466
11508,242,29155.735,15856.412,102.698,513.058,2.174,2.792,2572461.065,10.542
11509,242,33084.296,27324.307,31.62,41.514,45.168,2.764,2520299.883,13.715
11510,242,33681.708,27121.263,10.386,33.908,46.293,3.59,4253816.051,8.049
11511,242,34288.12,28124.776,49.856,61.25,47.313,4.896,7909930.938,24.381
11512,242,36133.828,24532.408,50.078,43.485,32.366,2.253,1675526.187,20.736
11513,242,36212.391,26914.049,112.88,850.93,0,2.58,2196437.549,8.536
11514,242,36393.527,25572.43,78.152,274.515,34.803,3.381,3771779.312,11.923
11515,243,10042.851,38718.527,28.366,72.965,74.359,5.357,9470014.318,10.894
11516,243,10479.089,39116.381,9.19,43.511,89.616,7.562,18870914.026,9.129
11517,243,10687.101,32947.812,152.856,1865.004,0,4.053,5421063.755,8.427
11518,243,10728.43,34773.768,40.427,105.024,81.642,5.755,10928345.522,12.988
11519,243,10732.428,35201.074,177.002,3674.475,0,6.717,14887625.157,7.771
11520,243,10734.494,36218.779,185.195,3565.545,0,6.306,13124743.489,8.239
11521,243,10610.811,38873.804,227.757,4910.318,0,8.567,24223405.536,10.358
11522,243,10883.189,36806.439,9.623,52.259,110.189,3.671,4448437.987,5.99
11523,243,11073.426,37349.607,50.438,79.546,105.21,3.89,4994439.463,17.38
11524,243,11309.705,34991.744,148.431,3071.82,0,6.22,12766833.946,6.699
11525,243,11286.591,35763.867,8.67,62.067,72.148,6.766,15106601.482,6.416
11526,243,21738.845,30593.561,56.617,50.482,47.619,3.816,4805207.771,29.228
11527,243,21821.531,29948.486,135.8,1705.817,0,5.178,8847787.876,8.308
11528,243,23199.241,29147.344,45.616,129.722,65.36,5.519,10053035.896,12.599
11529,243,23527.081,29709.046,157.641,1322.778,0,5.94,11644416.622,13.266
11530,243,23824.077,28882.905,78.192,270.618,30.719,3.683,4476971.795,12.444
11531,243,23995.356,29434.385,9.502,26.188,45.968,2.31,1761027.169,8.213
11532,243,26563.232,13232.336,143.596,2005.814,0,8.009,21168099.283,9.821
11533,243,26794.301,13602.616,14.407,39.867,60.8,3.209,3399153.447,8.055
11534,243,27017.135,14148.116,83.01,258.001,44.978,4.356,6261889.671,15.118
11535,243,27098.727,12938.312,74.286,249.258,38.455,2.237,1650990.047,10.669
11536,243,27305.666,14512.522,180.005,2631.575,0,3.921,5073710.252,8.234
11537,243,27719.021,15264.594,62.736,169.403,55.227,1.501,743595.926,10.468
11538,243,27928.161,14345.651,24.056,58.925,50.307,1.927,1225355.807,8.036
11539,243,28198.133,15756.765,82.395,217.502,28.567,2.406,1910764.512,13.335
11540,243,28357.726,15008.213,183.32,3848.169,0,6.28,13016163.021,7.679
11541,243,32322.404,26086.922,7.158,30.216,31.913,4.875,7842924.356,8.919
11542,243,33043.387,27278.985,4.355,33.533,54.995,1.783,1048627.588,6.095
11543,243,33755.983,27116.521,6.771,25.633,47.111,3.693,4499603.459,8.813
11544,243,34284.032,28054.31,122.022,584.712,25.878,2.153,1530327.498,11.283
11545,243,35836.367,25038.056,6.455,41.45,28.97,3.6,4276835.725,6.316
11546,243,35814.27,28068.905,69.79,99.127,38.228,3.559,4178969.549,22.04
11547,243,35964.763,30052.707,154.079,1253.468,0,3.495,4031562.989,10.547
11548,243,36397.835,25638.288,137.956,1218.464,0,2.352,1826194.761,8.58
11549,244,9919.753,39107.664,180.58,2551.303,0,5.788,11057233.644,9.745
11550,244,10003.993,38849.985,191.422,2926.379,0,3.182,3341306.783,7.91
11551,244,10487.698,37772.429,9.17,26.705,74.421,4.128,5622945.387,9.619
11552,244,10408.274,39144.196,284.674,7241.91,0,3.451,3930018.006,7.495
11553,244,10698.086,34750.666,102.021,558.352,52.263,2.094,1446779.565,9.404
11554,244,10743.784,35245.457,162.411,2996.476,0,5.118,8645392.735,7.18
11555,244,10652.304,38921.355,126.296,1476.62,0,2.819,2622161.447,7.144
11556,244,10800.293,36800.875,1.169,46.33,106.479,7.283,17503200.262,7.118
11557,244,10886.799,38338.327,139.797,1589.411,0,4.33,6187017.904,8.51
11558,244,11046.022,33596.681,148.336,1691.517,0,7.898,20588209.188,11.746
11559,244,11056.418,37170.437,216.63,6436.055,0,4.177,5758313.704,6.032
11560,244,11305.157,34959.101,77.643,431.089,90.419,9.357,28896308.524,14.51
11561,244,11306.612,35373.643,171.603,2607.44,0,4.637,7096568.17,8.195
11562,244,11280.95,35758.858,6.136,72.028,76.855,5.196,8910033.918,4.878
11563,244,22493.766,30274.556,127.898,1085.202,25.404,5.516,10041582.127,10.84
11564,244,23250.258,29145.603,162.178,2685.5,0,4.983,8195350.802,7.64
11565,244,23993.4,29404.855,187.318,2040.513,0,3.4,3816093.226,9.794
11566,244,27080.499,12939.133,194.797,2687.383,0,4.071,5469408.013,9.093
11567,244,27433.848,14909.955,153.307,1594.597,0,4.653,7145170.558,9.854
11568,244,27532.079,13843.469,15.356,32.218,52.754,3.511,4068785.557,9.883
11569,244,27757.117,15211.912,238.045,4464.073,0,2.731,2460748.548,7.743
11570,244,28000.803,14401.153,5.935,41.703,46.773,5.034,8361540.371,6.945
11571,244,28319.416,14961.605,4.992,95.91,76.881,11.501,43649626.988,5.513
11572,244,33119.778,27357.948,2.404,32.887,49.473,3.557,4176510.755,6.799
11573,244,33675.153,27195.644,7.409,23.829,43.875,3.211,3402557.557,8.96
11574,244,34338.496,28082.372,110.161,393.298,21.326,1.546,788756.556,11.985
11575,244,35424.942,28740.38,153.233,1127.461,0,3.537,4129354.76,11.282
11576,244,35572.525,27785.997,87.646,265.706,18.718,1.374,622575.396,11.484
11577,244,35959.58,24617.028,126.112,791.555,0,2.723,2446551.689,10.267
11578,244,35996.564,30082.126,5.827,34.418,40.539,4.108,5568456.948,7.32
11579,244,36395.239,25515.767,7.636,48.153,47.749,3.646,4387518.345,5.943
11580,245,10050.454,38714.096,133.859,1498.865,0,8.607,24448295.358,11.612
11581,245,10480.465,39116.444,8.807,54.059,90.858,8.744,25234085.09,8.269
11582,245,10584.748,37059.941,70.281,284.8,52.87,1.46,703366.875,8.837
11583,245,10604.029,33037.048,143.907,1679.339,0,7.656,19346237.561,11.049
11584,245,10695.918,34770.594,190.134,3242.471,0,5.328,9366965.833,8.526
11585,245,10762.025,36209.375,146.825,2007.411,0,4.173,5746609.273,7.702
11586,245,10879.693,36807.943,10.041,53.618,115.823,4.101,5549311.265,6.147
11587,245,10801.499,38241.953,8.216,39.579,65.632,3.107,3186613.892,6.563
11588,245,11128.004,37089.049,233.351,7620.337,0,7.922,20709005.514,7.342
11589,245,11200.09,34309.659,11.602,32.443,61.081,7.087,16573326.555,12.219
11590,245,11291.866,34971.215,66.848,366.559,92.379,5.858,11324375.09,9.927
11591,245,11291.11,35728.712,196.257,3426.959,0,6.15,12480483.559,9.111
11592,245,11362.573,36077.807,8.554,45.062,65.827,3.946,5138860.774,6.497
11593,245,21596.859,30515.491,4.332,22.751,53.971,4.891,7893141.87,10.332
11594,245,21756.6,29935.301,155.343,2055.632,0,4.588,6945681.422,8.392
11595,245,22500.817,30282.994,83.566,322.781,40.231,5.29,9234845.961,14.272
11596,245,23201.979,29199.232,3.271,42.63,76.45,2.995,2960871.695,5.617
11597,245,23816.244,28908.978,100.243,701.46,0,6.407,13548712.495,11.385
11598,245,23928.326,29416.81,172.057,1617.379,0,5.04,8381298.274,11.9
11599,245,26637.176,13361.756,5.054,44.697,74.015,8.057,21424611.93,8.216
11600,245,27306.488,14598.472,171.475,3051.021,0,3.721,4568842.481,6.985
11601,245,27565.496,13977.505,151.521,1716.277,0,4.242,5937352.714,8.924
11602,245,28144.776,15692.341,171.513,1785.539,0,3.233,3449092.134,9.411
11603,245,28359.805,14964.979,3.228,24.233,89.935,3.39,3793533.965,8.267
11604,245,28958.173,16123.54,2.815,25.768,48.622,5.547,10154355.155,9.808
11605,245,32322.39,26150.662,124.165,666.614,0,4.272,6024465.836,13.177
11606,245,33064.018,27302.194,33.063,60.273,46.085,2.28,1715406.28,10.676
11607,245,34362.632,28119.022,119.487,1065.951,0,2.677,2365344.357,8.036
11608,245,35455.047,28080.176,153.318,1496.287,0,3.444,3914161.131,9.303
11609,245,35578.524,29552.978,154.873,1377.078,0,2.4,1900433.353,9.152
11610,245,35772.288,28963.643,59.179,114.598,25.081,2.474,2020215.135,13.624
11611,245,35949.898,30070.149,110.468,533.754,9.332,3.497,4035755.191,12.076
11612,245,36338.273,25569.183,60.282,71.579,52.18,3.61,4301245.41,23.239
11613,246,9948.771,39050.132,83.439,195.681,50.492,4.881,7862141.668,20.266
11614,246,10491.488,39076.371,143.521,2332.807,0,8.336,22930298.27,8.919
11615,246,10607.731,33037.215,148.669,1850.459,0,5.658,10563023.368,9.216
11616,246,10736.175,34773.901,187.839,3138.631,0,4.781,7543029.284,8.243
11617,246,10730.721,35242.021,61.605,182.294,69.088,6.201,12690638.3,15.742
11618,246,10717.853,36399.829,3.337,45.381,84.511,8.502,23856372.372,8.117
11619,246,10645.471,38906.052,127.255,1502.754,11.609,5.914,11542584.227,8.762
11620,246,10844.267,38331.654,159.906,2134.758,0,4.652,7141482.714,8.542
11621,246,10908.453,33575.088,61.28,119.913,67.196,7.495,18539134.32,25.724
11622,246,10976.425,36810.431,219.248,7190.948,0,6.509,13979962.06,6.455
11623,246,11078.325,37156.034,114.682,1025.572,70.11,6.265,12951662.14,10.272
11624,246,11085.256,34084.383,224.25,4300.578,0,6.164,12541092.928,9.376
11625,246,11222.542,34446.389,146.406,1760.474,0,3.506,4057059.499,7.972
11626,246,11285.281,35802.76,49.222,93.679,78.392,4.639,7101382.645,16.326
11627,246,21537.317,30255.001,89.763,288.831,34.826,3.142,3258868.925,13.429
11628,246,21789.703,29960.714,75.517,148.584,54.909,5.724,10813038.357,24.344
11629,246,22489.169,30307.142,193.383,2675.797,0,3.826,4830906.443,8.863
11630,246,26697.178,13552.339,50.033,109.86,63.878,4.229,5901653.92,14.053
11631,246,27306.406,14593.718,150.12,2441.674,0,4.586,6940121.904,7.174
11632,246,27466.735,13973.168,213.98,3075.483,0,5.777,11014659.411,10.876
11633,246,27766.702,15235.053,53.545,150.538,65.043,3.679,4467588.371,11.499
11634,246,28367.82,15015.101,85.903,377.479,65.606,6.871,15580901.543,15.41
11635,246,29039.508,15951.916,2.694,20.196,43.2,2.708,2420651.28,8.631
11636,246,32298.981,26176.386,129.215,731.906,0,4.54,6803522.794,13.413
11637,246,33119.606,27280.487,1.461,48.242,36.774,4.226,5895058.435,5.54
11638,246,34239.236,28841.004,1.928,30.007,30.84,2.316,1770118.354,6.511
11639,246,34393.209,28078.581,145.094,1383.44,0,4.057,5432778.889,9.59
11640,246,34824.483,28514.199,53.314,67.866,27.908,3.437,3899544.138,19.811
11641,246,35438.745,28159.071,2.55,39.445,60.949,6.551,14162156.663,7.701
11642,246,35575.665,29580.165,137.991,993.954,0,3.481,3999441.211,10.637
11643,246,35998.625,30077.98,5.91,22.81,37.37,2.23,1641011.243,8.068
11644,246,36195.753,24577.982,74.803,187.508,32.438,1.786,1052215.701,12.211
11645,246,36365.836,25537.153,48.46,83.059,64.449,2.864,2707833.144,13.956
11646,247,10078.068,38728.464,3.602,35.223,62.433,4.881,7861539.777,7.376
11647,247,10478.28,37761.628,2.639,11.338,66.294,2.29,1731079.793,11.947
11648,247,10386.346,39223.792,280.051,7322.276,0,6.488,13893718.337,8.988
11649,247,10582.103,37058.336,164.508,2349.498,0,4.24,5932195.475,8.077
11650,247,10642.129,33068.536,192.012,3160.233,0,4.844,7742570.525,8.488
11651,247,10727.297,35237.998,160.811,2816.459,0,7.588,19002286.377,8.716
11652,247,10721.347,36768.617,1.859,14.703,116.91,8.197,22174695.403,20.654
11653,247,10922.606,36821.069,187.354,5051.328,0,9.23,28116581.844,7.792
11654,247,10889.343,38342.695,127.789,1007.852,20.155,6.591,14338241.675,12.613
11655,247,11121.615,37277.404,7.988,67.91,96.976,3.592,4257743.143,4.854
11656,247,11291.243,34942.246,153.782,3835.041,0,7.408,18109984.914,6.449
11657,247,11280.662,35758.704,3.635,55.27,69.693,1.973,1284500.586,4.641
11658,247,11305.162,36031.401,136.647,1719.98,0,7.382,17982337.694,9.804
11659,247,21446.146,30232.181,6.858,24.94,49.819,5.656,10557614.469,11.101
11660,247,21606.142,30531.993,50.765,97.023,38.718,3.231,3446190.371,13.888
11661,247,21777.96,29917.527,56.833,114.611,57.702,5.427,9720602.52,18.769
11662,247,21947.434,30557.871,127.887,1135.941,0,5.567,10229758.094,10.525
11663,247,22512.958,30292.312,137.832,1642.042,0,6.066,12142107.739,9.31
11664,247,23327.977,29078.919,39.455,50.038,55.059,3.95,5149550.612,18.179
11665,247,23924.896,29399.443,146.602,1311.055,0,4.378,6325751.193,10.37
11666,247,26644.978,13438.865,5.709,43.168,65.902,4.999,8245800.102,6.725
11667,247,27282.15,14622.118,81.331,300.405,55.516,5.65,10533687.442,15.071
11668,247,27611.288,14039.189,164.128,1851.423,0,4.481,6627666.562,9.615
11669,247,27757.45,15264.455,53.331,125.003,68.889,4.423,6454732.621,14.199
11670,247,28153.252,15704.52,191.471,2383.417,0,5.205,8940816.899,10.614
11671,247,28396.01,15049.948,163.689,3504.378,0,6.719,14900249.458,7.201
11672,247,29089.26,15994.33,82.206,175.829,32.924,1.632,878496.116,13.873
11673,247,32330.75,26153.762,162.858,1107.036,0,2.855,2690834.353,11.553
11674,247,33110.966,27324.742,154.218,1293.193,0,3.75,4641100.522,10.587
11675,247,33689.967,27113.648,175.579,1687.41,0,3.62,4324383.035,10.395
11676,247,34205.436,28841.932,118.852,630.872,0,2.81,2606324.233,11.091
11677,247,34377.509,28062.865,129.383,1029.965,0,3.979,5224108.255,9.983
11678,247,35457.167,28105.091,135.227,1093.145,0,5.358,9475035.159,11.53
11679,247,35520.626,27677.692,9.315,58.661,32.572,3.679,4466821.676,5.529
11680,247,35534.348,28880.167,193.487,2023.942,0,3.596,4268627.318,10.445
11681,247,35588.16,29579.036,152.674,1306.678,0,3.567,4199766.729,10.207
11682,247,36222.791,24670.795,62.597,66.537,29.451,2.533,2117859.838,21.461
11683,247,36364.746,25529.825,137.093,1809.535,0,5.823,11190667.203,8.46
11684,248,9925.985,39080.321,145.242,1674.389,0,3.662,4424379.668,8.231
11685,248,10081.376,38648.524,7.412,49.906,59.737,5.096,8568864.764,6.399
11686,248,10554.546,39122.525,3.778,36.873,92.644,4.305,6116033.903,6.824
11687,248,10600.663,33039.587,172.344,2335.435,0,1.95,1254798.318,7.46
11688,248,10735.307,34786.16,84.042,357.067,59.953,8.021,21232821.029,17.372
11689,248,10651.07,35360.025,7.685,29.142,87.656,3.539,4132840.868,8.155
11690,248,10879.695,38335.422,60.989,238.973,47.332,5.275,9182850.507,11.436
11691,248,11039.677,36952.66,8.992,69.97,122.381,7.647,19300424.501,6.297
11692,248,11127.968,34032.367,98.848,627.421,31.932,3.628,4344650.331,9.506
11693,248,11283.196,34949.736,160.928,4135.09,2.264,5.71,10761671.579,5.946
11694,248,12262.138,9913.926,107.404,441.974,0,3.673,4452059.425,13.518
11695,248,21526.131,30308.99,7.755,25.199,51.062,1.138,427546.219,7.372
11696,248,21755.038,29939.283,66.466,163.978,51.656,2.662,2338556.07,12.683
11697,248,21871.061,30508.36,157.198,1559.169,0,3.837,4858466.199,9.658
11698,248,22533.05,30286.391,147.209,2052.56,0,2.834,2650283.868,7.037
11699,248,23315.288,29765.646,152.185,1389.8,0,3.64,4371433.065,9.823
11700,248,23866.223,28916.928,78.506,170.806,32.974,2.848,2677254.489,15.58
11701,248,23905.042,29453.935,55.873,97.552,35.426,5.792,11072750.067,21.913
11702,248,26623.217,13321.343,178.513,2635.629,0,4.568,6886808.397,8.528
11703,248,26689.465,13539.616,148.496,1983.574,0,3.645,4383396.391,7.604
11704,248,26939.62,12615.014,83.808,234.394,31.686,4.116,5591621.574,16.01
11705,248,27550.877,13992.965,146.969,1576.163,0,3.181,3338551.804,8.384
11706,248,27854.451,15351.213,64.796,167.273,72.796,4.82,7667717.101,15.597
11707,248,28218.502,15752.978,161.146,1731.357,0,5.874,11388082.728,11.078
11708,248,28399.978,14962.77,3.808,47.101,82.669,6.674,14699897.825,6.919
11709,248,34378.675,28102.783,209.904,2114.146,0,3.196,3370145.46,10.877
11710,248,34751.451,29667.836,29.643,43.734,28.107,5.321,9343227.672,17.073
11711,248,35422.306,28093.183,102.487,862.084,20.453,4.583,6930161.47,8.703
11712,248,35599.154,28877.036,4.779,31.288,43.733,3.446,3918477.66,7.204
11713,248,36183.304,24558.231,64.119,105.134,34.359,3.182,3342165.349,17.63
11714,248,36353.405,25504.057,118.038,1671.19,0,10.589,37001157.456,9.916
11715,248,37204.739,26667.75,34.114,41.206,21.405,3.258,3502361.343,16.01
11716,249,9920.208,39047.286,2.891,38.485,69.589,5.989,11835843.155,7.521
11717,249,10014.005,38780.328,57.202,92.428,60.334,3.605,4288104.129,17.667
11718,249,10376.563,39262.304,57.547,100.962,74.825,5.052,8423821.041,20.264
11719,249,10561.849,37039.418,5.009,81.226,60.095,7.274,17459391.309,4.945
11720,249,10695.575,34776.28,136.619,2136.703,0,5.246,9083894.225,7.226
11721,249,10742.971,35254.825,163.564,3115.379,0,6.042,12045679.845,7.486
11722,249,10729.405,35523.452,63.569,129.262,81.365,6.042,12049038.07,21.675
11723,249,10636.751,38912.197,113.338,1271.408,11.31,5.05,8417230.546,7.905
11724,249,10798.306,36759.82,59.003,201.193,95.833,7.792,20037872.276,15.839
11725,249,10884.5,38353.891,69.175,233.936,39.796,2.903,2780880.329,10.854
11726,249,10976.244,33621.024,255.524,5305.952,0,2.881,2739901.774,7.669
11727,249,11030.478,34049.859,30.182,37.463,72.299,3.879,4964693.78,16.351
11728,249,11121.742,36878.869,3.961,70.425,99.469,3.844,4877493.827,4.412
11729,249,11200.211,37201.273,1.086,64.228,111.077,3.684,4478983.786,4.492
11730,249,11297.011,34967.198,170.209,4238.54,0,5.958,11713792.374,6.375
11731,249,11287.255,35374.12,91.675,343.678,56.74,1.876,1160973.392,10.854
11732,249,11285.288,35747.709,10.004,29.531,78.742,4.792,7578502.66,9.854
11733,249,12260.627,9886.481,40.613,35.634,26.631,4.505,6696756.8,27.155
11734,249,21790.867,29905.615,122.052,1144.548,0,4.177,5757539.12,8.764
11735,249,21951.554,30555.157,134.655,1143.329,0,6.207,12715289.148,11.961
11736,249,22238.469,29600.006,7.045,41.459,38.315,4.968,8146701.05,7.137
11737,249,22560.811,30243.749,8.515,63.131,77.095,9.392,29107461.217,7.546
11738,249,23283.252,29122.082,8.574,52.518,57.402,3.312,3619160.617,5.66
11739,249,23387.84,29726.078,190.009,2071.452,0,4.705,7306513.383,11.107
11740,249,23906.652,29298.853,199,2209.518,0,2.77,2532211.603,9.541
11741,249,26580.055,13250.155,173.404,2518.725,0,6.085,12220247.04,9.494
11742,249,26685.607,13546.973,161.217,2213.913,0,6.511,13989433.499,9.704
11743,249,26902.976,12577.87,148.785,1399.699,0,4.244,5946315.093,9.996
11744,249,26961.057,13918.953,181.345,2226.182,0,2.956,2884076.743,8.613
11745,249,27077.359,12919.404,1.503,34.455,61.073,7.512,18624153.884,9.198
11746,249,27268.139,14597.481,27.528,63.574,79.662,7.72,19666477.799,14.726
11747,249,27521.379,13924.711,5.611,33.526,55.307,3.698,4513875.155,7.157
11748,249,27785.126,15285.374,40.973,85.65,73.999,4.536,6788816.474,13.584
11749,249,27912.608,14330.198,38.39,111.987,50.607,5.66,10572880.884,11.467
11750,249,28226.21,15747.034,143.392,1324.157,0,2.956,2882806.916,8.907
11751,249,28400.35,15040.905,3.384,77.682,69.651,5.762,10955732.143,4.549
11752,249,29116.032,15951.134,137.331,906.19,0,4.024,5344761.311,11.867
11753,249,32305.219,26141.431,79.553,253.96,13.071,2.712,2427341.434,11.964
11754,249,32688.746,26132.288,91.006,398.674,6.666,5.721,10802716.8,14.374
11755,249,33092.499,27280.879,47.655,64.039,37.172,2.393,1890461.815,15.317
11756,249,33721.194,27110.379,150.649,1599.823,0,3.157,3289911.372,8.545
11757,249,34352.259,28021.633,74.623,139.107,38.614,2.083,1432297.968,15.114
11758,249,35484.386,28048.177,266.815,4492.011,0,3.377,3762714.974,9.251
11759,249,35472.81,28802.932,42.552,51.383,38.536,2.373,1858656.965,15.534
11760,249,35793.301,24688.442,141.608,981.22,0,3.213,3405984.762,10.818
11761,249,36363.959,25491.002,125.001,1738.294,0,3.268,3524597.76,6.576
11762,249,37165.973,26654.555,120.535,561.456,0,3.726,4582252.831,13.461
11763,250,10382.59,38258.13,172.592,2494.321,0,4.822,7673135.692,8.623
11764,250,10423.759,39210.098,219.363,4593.151,0,5.419,9691613.503,8.207
11765,250,10540.903,37727.972,139.802,1781.546,0,5.436,9752864.709,8.545
11766,250,10639.944,36957.784,4.627,54.928,82.168,6.121,12365283.301,6.026
11767,250,10700.249,32967.093,184.446,2159.818,0,3.64,4371377.076,9.441
11768,250,10685.306,34788.516,155.51,2128.503,0,6.781,15173522.845,9.672
11769,250,10718.995,35281.103,6.196,67.019,89.929,10.679,37634750.827,7.264
11770,250,10720.372,36242.403,4.263,67.41,67.999,5.485,9928038.061,4.986
11771,250,10699.12,36706.446,68.905,199.062,82.182,2.463,2002094.506,11.461
11772,250,10645.046,38893.942,7.5,31.764,72.968,4.362,6278491.126,8.268
11773,250,10847.761,38286.235,85.339,305.058,50.718,3.487,4012405.997,12.582
11774,250,10999.735,34088.376,48.9,90.396,64.481,2.564,2169591.114,12.856
11775,250,11197.276,37213.099,178.818,4412.745,0,6.587,14317283.632,6.871
11776,250,11201.137,34396.541,9.445,47.787,59.352,6.944,15911360.045,8.134
11777,250,11306.671,34978.901,199.754,4989.257,0,4.867,7816698.355,6.629
11778,250,11282.02,35362.433,7.858,51.359,75.188,4.059,5437789.879,5.903
11779,250,11263.002,35855.465,182.754,2891.288,0,2.028,1356833.05,7.1
11780,250,21959.796,30539.965,87.502,474.296,23.397,5.874,11388131.244,12.007
11781,250,22188.808,29664.97,196.885,2176.339,0,1.899,1190159.576,8.946
11782,250,22482.871,30325.049,8.58,48.646,74.98,7.374,17943002.242,8.056
11783,250,23328.299,29144.323,68.506,212.467,62.211,8.101,21659281.554,19.703
11784,250,23379.278,29703.502,174.804,1842.295,0,4.847,7752366.371,10.871
11785,250,23760.263,28958.962,1.798,47.341,39.941,3.956,5164289.283,5.52
11786,250,24080.487,29281.779,4.75,31.812,43.736,2.75,2494950.367,6.734
11787,250,26646.461,13275.905,225.549,5225.624,0,4.682,7233839.479,7.432
11788,250,26884.635,12558.016,235.743,3710.182,0,2.284,1721389.616,8.294
11789,250,27278.722,14639.578,3.922,67.893,70.027,6.807,15290193.547,5.351
11790,250,27603.479,14035.601,140.003,1481.949,0,4.793,7581023.955,9.264
11791,250,27804.676,15300.052,84.902,401.465,61.172,1.949,1253256.31,9.18
11792,250,27951.397,14368.506,121.516,1135.83,0,3.898,5014802.439,8.577
11793,250,28241.756,15835.3,4.981,31.776,46.665,2.492,2049329.984,6.64
11794,250,28411.368,15022.437,113.177,1059.455,21.553,5.149,8750411.534,9.007
11795,250,28959.95,16083.687,5.622,33.21,43.022,3.023,3015429.903,6.815
11796,250,33709.738,27099.809,138.973,1425.05,0,6.993,16136525.89,11.303
11797,250,34321.474,28079.683,4.433,58.403,43.777,3.302,3598275.554,4.831
11798,250,35447.02,28197.345,131.955,1245.277,8.876,4.606,7001011.682,9.496
11799,250,36109.374,24526.803,122.015,709.142,0,2.721,2443994.473,10.557
11800,250,36360.362,25461.149,193.142,2349.634,1.016,1.404,650191.422,8.195
11801,251,9945.303,39064.536,181.192,3047.499,0,5.349,9440784.529,8.344
11802,251,10336.677,38146.706,71.913,180.763,56.585,3.01,2989592.934,13.653
11803,251,10720.214,34804.073,11.246,92.248,70.872,5.208,8951201.683,4.83
11804,251,10738.018,35185.929,184.66,3820.446,0,8.075,21518725.512,8.792
11805,251,10708.27,36737.575,33.274,83.741,92.583,6.618,14454536,13.243
11806,251,10639.304,38883.074,5.481,79.267,73.899,6.194,12659281.418,4.775
11807,251,10859.668,38324.631,162.009,2425.404,0,5.457,9829393.03,8.451
11808,251,10970.472,33250.104,96.922,521.307,33.044,3.66,4421374.408,10.504
11809,251,10968.585,33617.559,169.059,2567.081,0,5.646,10518260.332,8.735
11810,251,11191.028,34459.677,123.994,641.006,27.802,1.197,472654.178,10.159
11811,251,11305.964,34945.425,32.035,65.154,112.037,3.359,3723502.318,10.977
11812,251,11288.542,35444.21,8.738,39.336,82.534,3.887,4985095.271,7.105
11813,251,11275.17,35963.169,99.681,381.469,58.18,5.832,11223565.134,17.371
11814,251,21919.553,30560.51,3.761,31.551,53.797,3.207,3394845.624,6.902
11815,251,22479.469,30305.299,52.046,170.191,59.958,4.231,5908748.576,10.766
11816,251,23298.284,29155.279,144.833,1690.871,0,3.297,3587183.292,7.955
11817,251,23388.005,29770.993,147.83,1589.893,0,3.706,4533000.103,8.724
11818,251,26748.296,13615.403,198.523,2783.383,0,5.11,8615934.367,9.913
11819,251,26865.968,12541.505,62.077,166.576,30.72,3.402,3820272.118,12.528
11820,251,27112.748,12963.465,180.352,2450.086,0,5.882,11417880.309,10.097
11821,251,27280.958,14640.101,1.706,42.323,71.958,7.246,17329477.502,7.645
11822,251,27571.965,13969.339,47.103,92.181,51.368,5.588,10303422.401,17.433
11823,251,27946.582,14362.14,110.241,1003.089,0,7.821,20186542.216,11.142
11824,251,28300.359,15837.33,175.665,1822.676,0,8.595,24380240.141,15.431
11825,251,28432.827,15053.179,65.036,154.154,55.075,3.991,5256134.876,15.099
11826,251,29072.244,16079.298,46.301,41.668,37.702,1.826,1100352.101,18.052
11827,251,33718.067,27108.217,134.371,1180.495,0,2.977,2924455.623,8.85
11828,251,34289.48,28072.92,204.977,2261.295,0,2.027,1355364.646,9.231
11829,251,35448.23,28287.68,172.144,1678.813,0,2.525,2104900.026,9.295
11830,251,35638.754,27619.61,208.656,1939.478,0,3.623,4331458.823,11.922
11831,251,35662.376,28141.85,37.164,54.854,42.785,1.657,905724.252,11.886
11832,251,35838.742,24957.914,5.714,57.588,25.23,2.632,2285591.139,4.828
11833,251,36079.531,24400.658,2.651,39.952,29.051,1.952,1257361.304,5.462
11834,251,36361.8,24940.855,32.954,23.909,41.185,3.561,4184968.89,24.599
11835,251,36317.655,25349.802,208.339,2546.867,0,5.744,10887509.227,12.016
11836,251,36312.05,26517.276,72.837,162.159,40.384,3.086,3143146.432,15.109
11837,252,10311.457,38185.528,41.474,82.42,60.067,7.289,17534178.53,19.242
11838,252,10349.098,39383.151,146.682,2199.897,0,7.935,20780314.994,9.391
11839,252,10642.021,37030.918,200.838,3526.97,0,5.592,10319983.306,8.845
11840,252,10733.059,34761.324,41.693,40.724,70.063,4.473,6602419.321,25.02
11841,252,10719.633,35359.421,7.14,94.264,92.455,8.271,22576111.846,4.953
11842,252,10716.044,36187.049,68.006,169.411,54.263,5.931,11607276.423,18.892
11843,252,10721.945,36687.41,184.617,3350.322,0,3.699,4515703.567,7.203
11844,252,10874.99,38296.608,148.557,1900.912,0,8.189,22132366.345,10.955
11845,252,11190.575,37192.17,186.423,3877.99,0,5.823,11189448.238,7.587
11846,252,11237.923,35789.102,50.641,99.459,76.633,1.784,1050386.873,11.603
11847,252,11198.345,36018.375,38.08,77.326,71.731,3.413,3844509.761,11.824
11848,252,11222.704,36941.298,168.386,3325.515,0,5.985,11821610.383,7.418
11849,252,11281.685,35037.175,8.346,84.063,101.091,5.333,9385876.71,4.713
11850,252,11311.865,35368.387,216.493,4550.713,0,0.652,140128.757,6.425
11851,252,21799.927,30003.191,111.371,400.54,35.18,3.154,3282379.792,14.31
11852,252,22083.007,30532.542,235.899,3446.513,0,3.419,3858094.265,9.401
11853,252,22559.084,30307.502,178.351,2766.063,0,6.059,12114326.452,9.214
11854,252,23334.001,29125.935,49,84.209,61.528,4.521,6745091.407,17.388
11855,252,23378.066,29768.832,95.048,420.369,23.902,3.3,3593403.727,11.422
11856,252,23847.083,28965.943,19.167,34.504,35.549,2.583,2201916.997,9.886
11857,252,27039.684,12799.441,4.641,83.327,51.436,7.484,18482265.452,4.878
11858,252,27279.562,14677.773,46.802,75.778,79.291,3.69,4492405.54,15.897
11859,252,27606.143,13958.879,52.878,58.325,44.721,4.042,5390489.481,24.331
11860,252,27762.281,15279.837,4.283,37.01,81.994,6.768,15116075.798,8.469
11861,252,28002.572,14476.59,17.167,27.351,47.281,4.721,7355491.287,13.779
11862,252,28373.487,15851.5,159.977,1613.84,0,3.936,5111933.93,9.74
11863,252,28404.028,15041.75,3.724,43.722,72.817,6.995,16148016.062,7.497
11864,252,32399.282,26157.905,4.93,44.302,26.797,2.76,2513787.272,5.558
11865,252,33046.908,27268.926,8.1,24.539,37.903,4.647,7127613.072,10.467
11866,252,33730.484,27138.224,150.716,1361.837,0,2.904,2782793.248,9.26
11867,252,34727.838,29679.22,6.324,36.185,27.19,2.045,1379785.758,6.156
11868,252,35899.199,28870.566,129.54,825.654,0,3.381,3772793.215,10.975
11869,252,36418.878,25329.316,105.663,748.379,0,4.292,6078855.406,9.741
11870,252,37178.964,25769.905,56.624,61.143,26.479,4.321,6160605.199,27.088
11871,252,37161.883,26644.294,121.602,551.272,0,2.163,1544851.759,11.652
11872,253,9921.978,39009.923,131.664,1925.884,0,5.958,11716466.837,7.73
11873,253,10385.867,39265.827,169.884,3295.843,0,7.319,17678806.801,8.251
11874,253,10664.966,33445.032,252.156,4642.834,0,2.936,2844950.838,8.197
11875,253,10631.739,36940.159,103.647,231.489,66.993,4.548,6826151.003,23.754
11876,253,10701.591,34798.885,167.718,1487.483,37.253,4.021,5336576.425,11.052
11877,253,10694.217,35322.749,157.339,3106.608,0,5.897,11476569.292,7.052
11878,253,10718.752,35837.127,6.101,64.63,67.054,8.93,26317761.747,6.676
11879,253,10616.993,38879.204,201.891,3274.034,0,3.957,5167620.196,8.303
11880,253,10805.89,36776.708,42.116,56.435,91.731,2.514,2085959.52,14.704
11881,253,10853.249,38329.499,208.727,3516.753,0,2.831,2644749.241,7.686
11882,253,10989.85,33550.63,143.846,1793.326,0,5.076,8504143.968,8.612
11883,253,11075.725,36800.774,2.729,40.125,107.369,2.477,2024240.021,5.606
11884,253,11210.841,34456.594,168.919,2155.317,0,4.254,5971446.374,8.854
11885,253,11257.979,36044.246,45.96,47.052,80.367,4.968,8143588.913,27.399
11886,253,11305.941,35027.177,68.436,324.018,84.155,3.047,3063562.065,8.848
11887,253,21731.984,29950.24,116.564,1192.288,0,2.149,1523935.697,7.134
11888,253,22355.808,29506.237,73.61,236.675,23.248,4.074,5477350.796,13.177
11889,253,22722.447,30159.307,8.113,50.894,57.094,10.262,34752218.292,9.456
11890,253,23329.588,29757.468,92.555,369.896,34.532,3.306,3607721.452,12.032
11891,253,23829.507,28958.732,10.47,30.941,39.156,5.984,11815553.502,10.914
11892,253,26594.983,13203.194,204.945,4429.702,0,5.26,9130491.224,7.59
11893,253,26776.096,13713.67,100.325,354.915,41.109,6.291,13059887.522,19.626
11894,253,27122.814,13041.518,4.306,52.242,60.109,4.721,7354904.959,5.627
11895,253,27301.274,14618.685,144.288,2391.874,0,7.158,16908951.929,8.155
11896,253,27782.303,15261.596,200.952,3901.551,0,6.942,15902444.694,9.083
11897,253,27973.733,14391.871,195.849,2611.22,0,5.063,8460720.065,10.139
11898,253,28372.003,15890.414,81.447,256.656,26.804,3.549,4157516.216,13.435
11899,253,28406.739,15052.799,50.661,143.01,72.756,4.169,5734910.274,11.699
11900,253,32287.024,26185.101,58.723,56.999,25.91,3.261,3510250.096,25.256
11901,253,33730.672,27138.106,162.622,1518.873,0,3.61,4300428.234,10.072
11902,253,34210.991,28834.157,128.612,865.535,0,3.473,3979647.032,10.63
11903,253,36073.593,24422.568,55.086,106.607,26.788,4.209,5846677.742,16.326
11904,253,36357.209,25743.336,176.446,1726.397,0,3.505,4054703.277,10.2
11905,254,9947.442,39014.024,155.883,2593.107,0,10.101,33675268.669,10.494
11906,254,10393.755,39275.375,45.011,123.418,91.539,4.383,6340009.558,11.468
11907,254,10680.644,34833.394,43.323,58.87,73.282,4.818,7659703.048,20.386
11908,254,10713.572,35308.267,83.342,392.958,76.796,5.361,9484095.725,12.303
11909,254,10751.682,36165.673,130.548,866.734,46.274,3.58,4230107.887,10.939
11910,254,10710.564,36697.778,186.209,3114.949,0,4.892,7898037.848,8.255
11911,254,10640.278,38879.977,5.064,40.945,68.62,5.307,9293345.99,7.054
11912,254,10875.681,38315.19,7.091,44.349,73.289,3.904,5030286.551,6.284
11913,254,10983.786,33632.093,141.974,1707.96,0,5.202,8928969.836,8.833
11914,254,11047.861,34028.336,82.18,317.439,46.678,3.953,5157927.492,12.235
11915,254,11120.291,34403.316,5.304,51.078,69.721,3.6,4276028.85,5.409
11916,254,11117.583,36897.486,233.315,5991.999,0,3.595,4264688.897,6.676
11917,254,11153.067,37366.908,184.652,3080.252,0,5.009,8281222.874,8.294
11918,254,11216.907,35784.646,222.826,4563.263,0,2.681,2372835.224,7.072
11919,254,11279.605,34960.207,2.821,102.445,105.45,6.423,13613547.943,3.896
11920,254,11246.564,35397.903,232.837,5665.493,0,8.154,21940528.103,9.301
11921,254,21557.449,30527.828,69.396,126.643,36.501,4.93,8020470.635,21.957
11922,254,21792.543,29938.314,134.297,1607.366,0,4.784,7551623.957,8.284
11923,254,21809.287,30561.195,20.425,31.226,51.099,2.428,1945618.447,10.835
11924,254,22327.276,29557.261,51.012,57.573,40.192,0.919,278473.984,14.658
11925,254,22445.662,30348.763,60.171,229.978,59.821,4.321,6161841.269,10.562
11926,254,23223.256,29850.036,133.126,1356.175,0,6.116,12345861.763,10.24
11927,254,23269.759,29098.871,191.812,2880.871,0,6.581,14294788.731,10.369
11928,254,23871.671,28977.367,80.251,212.617,28.052,1.575,819019.869,12.033
11929,254,26542.154,13215.614,80.37,262.745,70.83,5.393,9599962.277,16.025
11930,254,26788.244,13730.768,135.685,1597.472,0,3.912,5049917.721,7.928
11931,254,27106.908,12942.46,201.506,2772.628,0,4.225,5891488.269,9.429
11932,254,27258.419,14598.229,134.447,1538.061,0,3.763,4671838.481,7.947
11933,254,27417.519,13505.693,120.205,1056.71,0,5.78,11027240.464,10.336
11934,254,27435.27,14799.287,4.612,26.643,58.41,6.617,14451345.331,10.957
11935,254,27924.579,14419.296,53.789,110.388,49.263,3.95,5148838.883,14.899
11936,254,28416.224,15015.734,66.972,139.717,81.038,0.881,255915.56,11.908
11937,254,28897.585,16096.796,145.78,1098.498,0,3.291,3573483.371,10.508
11938,254,32780.081,27015.717,147.335,1171.735,0,4.482,6629199.992,11.413
11939,254,33762.108,27119.323,2.648,17.14,45.744,1.995,1313985.865,8.878
11940,254,35396.814,28242.093,3.173,11.135,41.336,6.816,15330967.235,23.253
11941,254,35931.881,30000.771,214.147,2281.316,0,3.288,3567720.962,10.714
11942,254,36080.386,24481.428,2.632,32.475,28.741,4.654,7148511.842,7.558
11943,254,36185.036,26456.035,61.109,73.411,56.397,1.796,1064378.277,17.192
11944,254,36437.9,25332.723,205.418,2644.142,0,3.468,3970171.587,9.379
11945,254,36325.871,26131.215,94.994,180.881,41.612,4.294,6086003.392,24.413
11946,254,37198.496,26638.323,88.968,174.854,17.131,3.399,3813775.985,19.75
11947,255,9909.794,38990.158,52.922,126.575,62.978,4.724,7363599.166,14.408
11948,255,10313.461,38225.323,169.207,2403.606,0,8.202,22200058.96,11.161
11949,255,10372.462,39290.266,66.573,190.184,70.614,3.434,3892323.893,12.544
11950,255,10642.363,33837.729,10.295,62.398,64.795,3.347,3695850.676,5.383
11951,255,10721.592,34517.096,163.055,2001.721,0,4.611,7016199.426,9.129
11952,255,10707.898,34862.842,48.347,81.261,58.466,2.486,2040006.413,13.475
11953,255,10729.07,35452.606,140.731,1421.643,48.537,2.889,2753700.714,8.308
11954,255,10703.845,36603.725,146.657,2057.836,0,6.971,16036904.416,9.223
11955,255,10675.658,38854.443,33.043,58.586,72.722,7.241,17303290.289,18.881
11956,255,10798.525,38267.247,28.388,47.145,63.438,3.853,4899090.038,12.854
11957,255,10976.559,33193.596,72.722,235.817,46.521,1.959,1266635.482,10.517
11958,255,10989.295,33564.364,96.902,714.98,39.316,3.435,3893977.692,8.41
11959,255,11136.421,36876.655,41.417,119.237,100.696,7.429,18213249.889,14.197
11960,255,11143.438,37334.925,154.785,2474.413,0,4.836,7716873.813,7.515
11961,255,11195.368,34434.137,155.881,2168.998,0,3.263,3512978.837,7.455
11962,255,11312.032,34996.318,186.271,4462.343,0,3.934,5106751.522,6.203
11963,255,21768.934,29917.475,182.731,2497.466,0,6.209,12722336.465,10.424
11964,255,22296.885,29549.83,159.287,1306.861,0,5.17,8822016.631,12.616
11965,255,22381.58,30388.127,78.5,272.232,45.658,2.699,2403347.437,11.248
11966,255,22790.122,30070.827,242.58,3704.153,0,9.776,31536529.066,15.97
11967,255,23267.28,29085.939,47.865,60.221,68.791,4.641,7109529.877,22.469
11968,255,23881.082,29465.513,78.267,316.057,12.814,1.555,797873.59,9.381
11969,255,24138.334,29087.913,172.796,1323.319,0,1.673,924064.68,10.071
11970,255,26571.024,13212.334,11.091,31.884,79.747,4.583,6932937.77,9.476
11971,255,26772.225,13785.233,111.249,1359.786,0,3.256,3498237.58,6.639
11972,255,26958.854,12639.792,5.831,28.145,54.426,3.365,3736244.7,7.833
11973,255,27016.389,14186.223,146.946,1458.007,0,3.782,4719404.982,9.208
11974,255,27090.425,12944.323,170.279,2585.834,0,6.223,12778382.562,9.165
11975,255,27278.946,14560.093,5.936,38.189,56.852,4.366,6290189.135,6.989
11976,255,27440.115,13515.796,162.495,1579.832,0,2.539,2127828.166,9.015
11977,255,27786.449,15340.87,38.882,76.098,79.914,1.827,1101401.761,10.43
11978,255,28004.578,14434.593,141.165,1804.97,0,7.7,19566297.128,10.162
11979,255,28278.055,15863.351,97.878,254.144,40.288,3.091,3153148.749,16.394
11980,255,28431.294,15030.452,141.418,2177.909,0,9.018,26838021.836,9.633
11981,255,29155.85,15999.223,157.995,1101.09,0,3.202,3383211.979,11.543
11982,255,32824.934,27056.408,190.796,1945.049,0,2.893,2761281.14,9.9
11983,255,34335.354,28207.834,231.302,2244.659,0,2.455,1988315.583,11.042
11984,255,35436.658,28130.957,141.172,1382.731,0,3.98,5228212.726,9.198
11985,255,36158.471,26467.499,10.863,26.313,58.303,2.96,2892333.927,9.092
11986,255,36376.513,25354.537,158.7,1677.389,0,7.076,16525846.8,12.306
11987,256,9937.412,39024.317,146.384,1890.395,20.607,6.555,14181616.079,9.505
11988,256,10318.719,38222.54,186.782,2954.283,0,5.413,9671207.52,8.936
11989,256,10366.437,39314.454,105.781,627.744,37.496,3.096,3163028.2,9.887
11990,256,10601.016,33877.766,277.38,5194.074,0,5.224,9006839.375,10.308
11991,256,10710.86,32972.767,171.413,1948.472,0,3.698,4513803.404,9.231
11992,256,10699.992,34822.157,50.305,103.479,64.934,2.616,2257814.516,12.239
11993,256,10718.015,35318.599,102.232,1040.497,41.266,6.157,12511348.221,8.548
11994,256,10721.423,36721.3,7.741,63.709,81.316,4.984,8196253.09,5.437
11995,256,10664.457,38915.633,112.836,1324.661,0,6.494,13916582.431,8.445
11996,256,10756.519,36229.074,164.465,2495.143,0,5.102,8590390.553,8.246
11997,256,10966.463,33258.507,52.723,170.463,46.527,6.121,12364780.456,13.146
11998,256,11136.817,36839.562,153.774,2774.326,9.869,1.284,543809.887,5.918
11999,256,11154.951,37322.389,130.791,2021.755,0,7.571,18914929.093,8.228
12000,256,11313.218,35008.038,168.398,3330.428,0,8.359,23058936.673,8.653
12001,256,11293.641,35485.259,181.532,3017.736,0,4.874,7840673.448,8.142
12002,256,21797.812,29951.899,60.506,81.964,64.036,4.016,5323825.55,22.361
12003,256,22383.74,30367.588,157.883,1971.286,0,8.301,22738452.351,11.824
12004,256,22782.916,30073.868,196.941,2411.668,0,2.673,2357481.713,8.876
12005,256,23106.509,29952.685,168.676,1749.841,0,5.459,9836079.873,11.335
12006,256,23258.922,29100.718,93.631,222.996,43.864,4.381,6333719.74,20.364
12007,256,23865.461,28942.303,117.636,759.642,0,4.598,6977732.194,11.476
12008,256,23945.263,29370.173,154.656,1284.419,0,5.818,11172336.05,13.027
12009,256,26522.512,13169.849,120.655,1357.279,9.426,6.109,12315633.181,8.874
12010,256,26774.492,13787.34,126.98,1526.972,0,3.319,3634909.583,7.248
12011,256,26955.988,12569.799,7.867,20.604,42.263,3.069,3108552.707,9.853
12012,256,27120.708,12956.723,6.995,75.236,56.948,6.17,12563417.446,5.126
12013,256,27285.835,14634.593,6.897,51.582,72.123,6.105,12300358.508,6.645
12014,256,27468.739,14863.867,220.31,3427.586,0,6.262,12941979.853,10.91
12015,256,27479.38,13542.878,186.84,1878.22,0,3.678,4464492.412,10.561
12016,256,27762.203,15362.203,5.051,57.645,82.569,4.629,7071042.437,5.319
12017,256,27933.994,14375.42,152.615,1981.716,0,4.633,7082552.183,8.429
12018,256,28367.129,15860.217,108.687,852.834,7.033,4.357,6265032.761,9.302
12019,256,28421.77,15066.266,136.093,1917.671,0,2.19,1582613.738,6.509
12020,256,29119.009,15846.404,7.801,25.094,34.887,2.639,2298200.257,8.274
12021,256,33728.559,27114.998,58.508,123.763,50.867,4.328,6180351.965,16.062
12022,256,35422.191,28180.11,62.736,197.983,44.82,3.98,5226392.728,11.977
12023,256,35790.786,26644.229,227.407,2904.24,0,1.632,878656.87,8.8
12024,256,35911.187,29917.487,9.387,24.704,49.271,3.516,4080807.163,9.582
12025,256,36035.625,28611.426,210.361,2227.596,0,2.882,2740203.254,10.255
12026,256,36166.098,26443.157,63.297,70.471,49.09,2.711,2425859.037,21.566
12027,256,36401.605,25353,5.951,35.099,43.979,2.894,2764885.331,6.571
12028,256,37126.876,26719.128,5.288,28.173,25.723,3.789,4738781.296,8.051
12029,257,9963.781,38940.763,66.617,199.216,68.188,5.08,8517446.464,14.586
12030,257,10320.648,38229.333,63.913,191.164,48.021,3.6,4276155.433,12.079
12031,257,10390.323,39317.165,162.832,2872.891,0,5.817,11166482.762,7.756
12032,257,10479.316,37760.539,4.313,37.125,64.945,5.844,11272334.612,7.81
12033,257,10593.09,37009.653,149.196,1613.753,9.304,3.984,5238929.276,8.929
12034,257,10633.966,38949.872,5.817,25.334,75.603,4.653,7143578.197,9.592
12035,257,10678.156,34896.524,61.295,133.174,73.851,5.22,8993264.516,18.103
12036,257,10781.56,33061.132,94.987,315.433,39.535,1.996,1315100.918,12.011
12037,257,10761.77,36136.422,171.008,2665.172,0,8.215,22274070.601,10.456
12038,257,11038.505,33594.32,7.683,59.911,68.37,6.108,12313595.095,6.102
12039,257,11144.806,36883.605,27.319,50.136,100.766,3.228,3437936.605,11.046
12040,257,11123.538,37278.036,5.885,47.06,94.929,7.28,17491829.558,7.58
12041,257,11215.676,34371.91,44.478,71.828,54.085,3.594,4263866.815,15.31
12042,257,11194.093,36075.049,8.255,48.053,76.507,3.622,4329218.779,6.043
12043,257,11315.828,35028.452,224.22,5501.219,0,5.137,8708070.082,7.34
12044,257,11305.041,35410.664,87.613,537.167,44.197,3.168,3312009.732,8.731
12045,257,22432.566,30356.956,131.693,1323.482,0,4.511,6716298.263,9.016
12046,257,22736.415,30130.338,71.617,232.849,34.82,8.119,21752244.084,19.577
12047,257,23129.498,29916.217,153.776,1380.809,0,2.665,2343066.435,9.237
12048,257,23310.351,29114.624,33.54,65.716,58.877,3.219,3420275.556,11.276
12049,257,23842.627,28932.259,31.242,47.205,41.692,2.792,2571667.562,12.471
12050,257,26559.186,13201.596,3.671,36.059,67.892,3.225,3432965.648,6.35
12051,257,26766.817,13757.325,90.957,389.537,45.314,2.655,2325677.894,10.679
12052,257,26890.417,12557.075,7.55,18.256,43.204,4.491,6655364.456,12.683
12053,257,27044,14187.87,194.009,2455.159,0,5.993,11854507.191,11.345
12054,257,27464.199,14918.959,169.523,2031.475,0,5.634,10473662.904,10.377
12055,257,27796.428,15377.29,98.272,802.301,35.886,7.641,19269085.917,10.996
12056,257,27956.354,14380.268,85.721,397.921,45.337,4.965,8134118.759,12.205
12057,257,28427.113,15046.639,61.168,125.577,56.866,6.35,13305856.27,21.683
12058,257,29138.563,15884.975,114.313,873.433,0,4.266,6005250.877,9.71
12059,257,33064.534,27342.702,68.07,127.783,37.096,3.006,2981531.838,16.172
12060,257,33694.656,27096.052,151.475,1708.908,0,6.727,14933211.712,10.953
12061,257,35429.355,28218.511,177.727,1868.124,0,3.262,3510659.264,9.584
12062,257,35821.738,26565.381,97.216,413.027,34.12,2.583,2201743.41,11.079
12063,257,35979.042,28698.42,150.363,1229.12,0,2.784,2557308.684,9.739
12064,257,36002.868,24845.669,54.25,44.358,43.525,1.26,524067.258,18.884
12065,257,36191.216,26306.068,56.291,74.579,52.936,5.672,10615528.906,27.561
12066,257,36398.073,25289.636,8.592,34.304,45.312,2.72,2442164.56,7.03
12067,257,36354.388,25565.171,137.677,1226.31,0,6.068,12149968.155,11.574
12068,258,9933.5,38990.953,45.536,103.295,61.734,2.688,2385139.85,11.043
12069,258,10348.153,38140.599,189.399,3104.884,0,3.928,5091277.534,7.907
12070,258,10401.988,39285.699,8.07,34.882,71.678,8.599,24402521.546,11.505
12071,258,10582.565,33872.815,63.587,104.705,47.211,1.748,1008558.682,14.346
12072,258,10561.448,38963.109,4.754,41.413,83.399,3.138,3249083.83,5.903
12073,258,10713.646,34839.664,6.378,35.424,80.73,8.15,21922040.822,10.374
12074,258,10735.576,35481.342,187.743,3728.818,0,10.303,35029061.826,10.668
12075,258,10749.059,36218.03,187.77,3065.289,0,4.23,5904712.74,8.05
12076,258,10698.214,36717.856,38.762,83.967,83.265,5.928,11598220.553,14.975
12077,258,10906.264,38022.495,142.988,1712.027,0,3.561,4184310.529,7.909
12078,258,10959.256,33225.119,129.602,1171.089,10.223,2.673,2357876.189,8.346
12079,258,11157.063,36870.028,176.077,4053.898,0,6.551,14164824.823,7.12
12080,258,11176.376,37244.302,43.804,71.513,95.801,5.123,8659642.914,18.349
12081,258,11236.818,35974.144,217.05,3742.768,0,3.996,5269954.701,8.38
12082,258,11323.461,35146.707,87.308,348.5,59.959,5.556,10187747.535,14.761
12083,258,21716.623,29990.554,150.985,1714.64,0,4.894,7905480.76,9.358
12084,258,22260.097,30378.417,116.865,471.031,33.978,3.868,4936322.097,14.88
12085,258,22743.957,30159.927,121.39,1319.662,2.946,6.222,12775940.056,9.214
12086,258,23279.894,29094.951,190.691,2699.329,0,4.726,7369814.135,9.281
12087,258,23838.43,28961.992,7.315,34.931,51.759,5.902,11495865.405,8.851
12088,258,26549.799,13175.987,76.731,267.473,40.366,4.265,6004348.344,13.032
12089,258,26796.934,13797.371,61.263,170.944,50.87,4.88,7858716.064,14.254
12090,258,26918.576,12714.134,176.287,1738.493,0,3.297,3588216.13,9.961
12091,258,27140.036,13005.408,151.19,1980.845,0,5.595,10329682.239,8.945
12092,258,27288.02,14658.182,37.022,82.088,56.516,2.725,2451312.311,10.285
12093,258,27477.56,13621.463,163.931,1598.416,0,4.688,7253439.859,10.832
12094,258,27782.783,15366.408,64.511,329.197,58.574,4.382,6337449.793,9.06
12095,258,27956.274,14379.098,138.048,1768.204,0,5.891,11454475.735,8.728
12096,258,28354.17,14945.408,135.552,1958.585,0,7.18,17014307.358,8.649
12097,258,28409.051,15965.482,55.834,86.812,41.272,5.742,10881720.073,24.053
12098,258,29147.553,15900.842,201.363,1999.897,0,4.352,6250668.286,11.958
12099,258,33028.98,27327.068,147.752,1171.365,0,4.1,5547380.809,11.049
12100,258,33629.663,27042.254,162.404,1741.615,0,2.718,2437830.462,8.611
12101,258,35440.236,28159.284,3.997,42.692,39.204,3.467,3967762.267,5.848
12102,258,35856.294,26545.868,158.77,2201.669,0,5.107,8606098.378,8.568
12103,258,35926.353,28696.815,32.358,67.208,27.647,3.446,3918428.426,10.958
12104,258,36399.624,27290.051,7.278,19.47,40.246,2.555,2153573.383,9.497
12105,259,9933.813,39000.491,27.31,61.502,68.682,2.585,2205717.588,9.111
12106,259,10023.475,38719.295,35.392,73.199,62.533,3.704,4527175.722,11.686
12107,259,10407.028,37839.931,186.51,2775.41,0,3.571,4209065.513,8.124
12108,259,10561.637,38793.655,6.145,20.907,71.611,3.757,4657454.327,10.08
12109,259,10638.539,32961.152,5.255,39.209,49.773,5.558,10196145.094,7.464
12110,259,10678.667,34845.745,78.556,170.093,72.826,4.05,5411938.554,18.484
12111,259,10741.445,35412.929,164.222,3300.94,0,3.246,3477252.665,6.187
12112,259,10721.209,36224.623,156.54,2022.083,0,4.585,6937972.704,8.57
12113,259,10743.438,36721.532,81.685,300.042,76.809,3.642,4376331.927,12.215
12114,259,10952.75,33584.702,148.584,1985.497,0,3.488,4015205.869,7.53
12115,259,11107.4,36916.821,58.115,118.379,104.472,5.925,11585436.204,20.05
12116,259,11101.873,37127.033,44.084,96.307,100.501,4.943,8062246.113,14.279
12117,259,11357.998,35039.35,3.78,37.412,94.841,4.883,7869292.378,7.089
12118,259,21768.395,29999.703,17.111,70.181,50.043,5.303,9280789.226,7.226
12119,259,22144.84,30370.981,110.431,322.679,32.211,0.545,98076.924,12.495
12120,259,22797.368,30082.314,6.949,28.182,48.592,2.246,1664816.991,7.3
12121,259,23167.322,29154.071,77.746,281.953,38.649,4.954,8099528.998,13.751
12122,259,23883.032,28942.775,170.277,1414.883,0,4.928,8015592.119,12.808
12123,259,26559.943,13184.959,196.445,2445.531,0,6.253,12901542.702,11.867
12124,259,26808.775,13749.921,142.866,1717.206,0,2.694,2395474.962,7.479
12125,259,26959.351,12706.5,161.988,1937.179,0,3.786,4731343.032,8.681
12126,259,27009.181,14149.326,20.357,17.928,62.163,2.691,2390510.945,16.258
12127,259,27119.171,12949.132,148.481,2148.515,0,4.227,5897951.292,7.506
12128,259,27360.818,14634.503,9.299,51.318,61.898,2.929,2831935.557,5.726
12129,259,27479.783,13533.939,58.834,133.954,43.738,2.485,2038119.951,12.256
12130,259,27796.538,15395.791,187.918,3589.202,0,4.868,7821794.911,7.589
12131,259,27967.333,14409.13,75.1,211.777,56.355,4.114,5585532.379,14.774
12132,259,28281.549,14877.239,121.638,1902.178,0,7.334,17751100.937,7.632
12133,259,28404.025,15922.563,14.823,65.384,50.369,8.043,21348571.561,8.539
12134,259,29145.12,15928.638,75.726,142.565,25.65,2.16,1540137.873,15.301
12135,259,32643.668,33119.789,2.9,30.314,23.987,2.566,2173467.762,6.651
12136,259,33081.799,27359.063,139.119,1217.81,0,6.123,12373206.642,11.88
12137,259,35478.068,28193.789,127.594,1279.141,0,5.443,9777671.5,9.522
12138,259,35799.172,26522.741,62.445,163.984,39.416,5.369,9513351.125,15.995
12139,259,35840.048,30095.309,199.597,2563.29,0,5.824,11194061.884,11.29
12140,259,35933.987,28660.381,118.449,652.377,5.129,2.976,2923377.772,10.982
12141,259,36342.495,25476.836,125.163,970.817,0,2.527,2107271.851,8.864
12142,260,9934.126,38932.075,52.233,151.843,62.81,4.099,5545364.092,11.569
12143,260,10380.029,37804.741,89.023,457.096,43.958,6.117,12348730.572,12.972
12144,260,10402.599,39200.513,2.904,42.766,77.584,6.448,13719859.31,7.213
12145,260,10595.364,34025.099,172.301,2237.919,0,2.431,1950330.268,7.827
12146,260,10685.909,32984.571,193.306,2696.631,0,6.09,12240078.49,10.596
12147,260,10684.235,34844.602,158.611,2595.941,0,4.364,6285626.226,7.293
12148,260,10679.301,36766.146,78.26,224.742,76.891,5.204,8936496.074,17.074
12149,260,10771.908,36043.972,167.118,2499.64,0,3.914,5056213.443,7.747
12150,260,10885.221,38080.828,3.85,46.403,63.021,5.768,10977977.617,6.534
12151,260,11063.985,36979.063,217.084,6073.861,0,4.843,7740534.76,6.489
12152,260,11098.381,37245.307,266.037,7389.113,0,7.777,19958534.579,9.058
12153,260,11174.054,34480.939,49.602,91.654,63.593,6.137,12429067.392,20.125
12154,260,11324.482,35001.133,176.873,4073.47,0,6.563,14216643.456,7.146
12155,260,21838.238,29995.138,8.993,45.326,49.929,4.634,7086499.283,6.915
12156,260,22696.138,30159.397,70.388,145.932,40.647,2.48,2030048.989,14.365
12157,260,22953.502,29280.217,164.299,1764.702,0,3.392,3797596.118,9.1
12158,260,23167.069,29172.753,101.832,512.026,25.552,2.934,2841686.516,10.582
12159,260,23194.417,29920.66,7.951,24.545,45.271,4.109,5571997.634,9.819
12160,260,23828.084,28933.114,29.457,45.827,59.32,4.59,6952844.081,14.933
12161,260,26529.865,13156.075,65.292,141.874,49.897,1.801,1070775.171,12.395
12162,260,26839.795,13680.404,256.362,4740.123,0,3.599,4274969.228,8.648
12163,260,26936.484,12669.081,141.529,1266.535,0,4.609,7011941.316,10.331
12164,260,27041.427,14115.452,2.538,21.648,57.292,3.335,3670911.554,8.793
12165,260,27186.146,13001.447,152.902,1907.979,0,7.339,17776575.795,10.708
12166,260,27380.653,14782.88,184.786,2932.443,0,6.554,14174012.271,9.653
12167,260,27527.587,13578.701,136.953,1084.756,0,4.579,6920773.289,10.984
12168,260,27798.242,15374.202,115.544,1387.723,12.44,7.335,17755973.524,8.958
12169,260,27991.969,14415.773,167.977,2451.547,0,4.357,6265327.399,8.137
12170,260,28303.19,14925.16,166.785,2379.305,0,6.154,12496815.794,9.405
12171,260,28400.141,15120.021,1.091,33.229,65.949,7.166,16948270.323,9.173
12172,260,28397.845,15920.365,6.734,67.178,54.506,7.507,18595952.145,6.005
12173,260,32356.15,26157.635,82.586,197.235,13.223,5.058,8442571.938,20.277
12174,260,33079.215,27331.169,49.509,59.163,38.957,1.411,656994.57,14.755
12175,260,33539.506,26991.612,124.059,820.472,12.916,4.615,7029508.442,11.72
12176,260,35447.312,28273.821,175.393,1718.825,0,3.216,3413671.61,9.901
12177,260,35792.719,26565.196,124.678,1017.734,8.787,5.242,9066926.106,10.693
12178,260,35793.252,28410.981,109.684,526.852,18.009,4.552,6839475.694,13.521
12179,260,35877.869,24541.133,119.301,712.581,0,2.068,1411461.808,9.724
12180,260,35876.573,30055.315,137.8,1081.628,0,3.92,5071232.874,10.445
12181,260,36006.216,24798.939,20.141,42.376,40.187,4.484,6634764.911,10.872
12182,260,36366.469,25429.414,44.558,63.13,43.131,1.041,357602.313,12.371
12183,261,9957.151,39006.284,37.873,65.22,79.79,5.458,9830439.449,16.945
12184,261,10166.254,39510.023,180.744,1890.933,0,3.975,5215226.744,10.333
12185,261,10400.497,37855.017,8.956,32.728,84.925,7.624,19180828.747,11.514
12186,261,10644.442,34770.006,35.614,71.237,75.671,4.169,5735681.236,12.63
12187,261,10722.736,36206.901,146.368,2071.995,0,6.395,13496756.667,8.774
12188,261,10984.264,33253.457,91.33,520.224,31.056,4.073,5475539.85,10.107
12189,261,11099.813,34107.812,224.231,3692.562,0,3.967,5194397.999,8.796
12190,261,11147.542,37238.862,177.941,3749.231,0,3.32,3637596.276,6.323
12191,261,11248.988,35750.505,198.556,3647.444,0,6.902,15723122.43,9.359
12192,261,11360.366,35025.907,169.245,3569.873,0,4.831,7701942.532,6.643
12193,261,21465.804,30176.719,150.093,1456.919,0,5.863,11342948.079,11.343
12194,261,22122.273,30471.372,133.999,1185.506,0,6.735,14970334.996,12.089
12195,261,23246.281,29118.71,162.706,1720.946,0,1.801,1069862.644,8.221
12196,261,23201.18,29922.524,4.717,47.415,42.334,3.532,4117855.847,5.574
12197,261,23794.409,28893.414,136.442,1559.749,0,3.252,3489408.46,7.757
12198,261,26563.701,13177.546,79.189,290.594,49.475,6.114,12335777.627,15.605
12199,261,26768.099,13710.385,128.925,1217.152,0,5.197,8912047.048,9.813
12200,261,26948.26,12749.677,256.219,4411.147,0,2.911,2797211.627,8.6
12201,261,27401.445,14733.686,43.662,70.551,60.34,3.88,4967570.068,15.735
12202,261,27783.335,15383.296,66.816,294.896,57.47,3.677,4461450.5,9.605
12203,261,27998.747,14360.326,5.111,36.92,62.633,5.995,11858769.326,8.077
12204,261,28378.365,15882.721,91.539,369.037,30.911,3.49,4020390.494,12.112
12205,261,32337.763,26140.282,118.301,662.562,3.504,1.089,391723.115,9.457
12206,261,33578.69,27030.882,176.727,1886.745,0,4.207,5841537.513,10.248
12207,261,35758.975,26562.058,9.034,44.301,54.559,5.3,9270666.607,7.425
12208,261,35862.567,30125.043,54.988,105.153,40.721,4.074,5476900.81,16.174
12209,261,36316.712,27127.245,6.442,19.892,36.78,3,2970523.453,9.636
12210,262,9927.339,38967.145,8.041,41.674,73.923,5.722,10804007.143,7.794
12211,262,10349.483,39279.018,149.763,1944.759,0,5.944,11659506.12,9.184
12212,262,10652.179,32982.778,192.981,2291.104,0,4.957,8110540.393,10.806
12213,262,10682.285,34842.205,172.242,3077.287,0,4.086,5510996.69,7.138
12214,262,10733.628,35850.845,185.469,3037.385,0,7.897,20582684.844,10.459
12215,262,10743.532,36161.682,239.416,4565.374,0,6.032,12008044.612,9.773
12216,262,10813.883,38258.067,150.133,1692.208,0,3.436,3895873.943,8.383
12217,262,10898.253,33564.029,177.437,2488.867,0,4.192,5798231.408,8.547
12218,262,10983.594,33283.409,203.893,2944.081,0,3.419,3858117.707,8.649
12219,262,11086.965,37070.611,204.257,5547.536,0,7.05,16403756.581,7.239
12220,262,11197.51,35762.344,8.068,33.712,73.251,5.472,9882873.064,8.942
12221,262,11171.245,36137.236,294.458,7149.779,0,4.809,7632645.667,8.661
12222,262,11346.152,35078.186,161.139,3171.76,0,8.477,23712729.207,8.466
12223,262,21865.751,30052.202,44.769,62.67,52.124,3.114,3200245.86,15.966
12224,262,23123.22,30005.968,8.461,20.921,44.458,3.512,4069358.342,10.448
12225,262,23282.731,29128.052,8.107,57.328,49.205,5.438,9758223.215,6.081
12226,262,23788.202,28928.368,59.147,110.312,43.473,1.633,880357.632,12.687
12227,262,26623.883,13257.071,163.074,2488.525,0,5.514,10034880.709,8.411
12228,262,26885.329,12677.989,86.256,148.256,33.152,1.917,1213360.085,16.914
12229,262,26982.525,12820.097,224.873,2840.342,0,5.204,8935806.487,11.798
12230,262,27159.472,13002.075,54.137,93.824,45.05,4.498,6675821.403,18.291
12231,262,27800.85,15340.737,100.2,519.733,43.58,3.281,3553663.611,10.605
12232,262,28241.965,14792.113,5.635,32.11,70.416,7.038,16347668.881,10.018
12233,262,28292.966,15854.102,136.448,1364.502,0,4.158,5705178.157,9.003
12234,262,28429.145,15159.56,51.771,68.61,63.642,4.736,7401548.857,22.893
12235,262,29102.864,15796.465,69.201,103.912,26.664,0.931,285899.193,14.462
12236,262,33086.674,27386.289,144.822,1158.404,0,3.131,3235353.35,9.932
12237,262,33119.789,26480.474,0.923,48.94,28.355,3.129,3231616.354,5.117
12238,262,33598.906,27036.734,7.851,46.212,56.183,5.431,9734439.366,7.018
12239,262,33773.686,28238.289,96.269,203.567,25.682,3.378,3766503.974,19.677
12240,262,34242.674,28875.087,4.994,38.086,33.627,3.811,4791957.022,6.561
12241,262,34703.585,29469.939,144.077,1112.935,0,2.849,2679493.697,9.883
12242,262,35768.937,26451.149,74.696,241.974,46.928,4.452,6539696.792,13.8
12243,262,35796.017,30106.487,143.651,1212.46,9.055,2.048,1384150.867,8.833
12244,262,35902.554,28595.359,159.899,1117.367,0,2.366,1847348.665,10.728
12245,262,36109.722,24703.592,131.165,970.587,0,4.156,5699838.208,10.758
12246,262,36286.725,26041.111,132.174,943.204,0,2.298,1743462.143,9.444
12247,262,36327.855,25482.365,90.48,389.352,26.409,3.555,4171573.224,11.578
12248,262,37151.56,26671.272,122.997,529.435,0,3.614,4310748.56,14.252
12249,263,9958.431,39022.077,66.822,247.933,69.658,5.147,8743837.415,12.469
12250,263,10389.355,37828.966,177.063,2941.11,0,3.722,4570902.679,7.426
12251,263,10418.568,39219.843,69.565,234.423,71.318,6.684,14745095.96,16.162
12252,263,10634.942,36729.551,78.051,284.786,67.443,4.552,6836783.068,13.142
12253,263,10696.72,32875.562,141.215,1134.374,0,3.669,4442215.051,10.216
12254,263,10684.459,34805.592,58.14,137.922,76.148,1.926,1223724.413,11.239
12255,263,10719.598,35278.891,3.719,45.771,80.591,6.017,11948388.045,6.711
12256,263,10732.879,35859.147,187.046,3088.056,0,4.71,7321193.111,8.245
12257,263,10968.232,33278.664,68.525,186.899,40.181,2.811,2607303.505,12.288
12258,263,10982.8,38022.901,147.189,1590.967,0,3.805,4777039.895,8.736
12259,263,11085.052,36914.476,114.566,841.714,79.777,1.697,949878.599,8.288
12260,263,11113.7,37483.286,170.56,2808.461,0,4.66,7166022.746,7.753
12261,263,11207.573,34520.549,82.834,225.759,57.245,2.375,1861948.544,13.06
12262,263,11238.784,35746.834,215.913,4304.546,0,5.737,10862050.12,8.595
12263,263,11300.522,35036.751,173.259,3680.723,0,9.898,32332846.425,9.223
12264,263,11272.425,35467.753,174.035,2900.588,0,3.39,3792799.505,7.192
12265,263,21487.953,30190.05,151.229,1271.927,0,3.83,4839789.292,10.508
12266,263,21823.293,29989.311,156.84,2026.971,0,4.926,8006747.991,8.8
12267,263,22392.812,30310.045,39.638,56.997,47.24,2.331,1793385.592,13.349
12268,263,22812.143,30082.006,146.57,1660.658,0,4.265,6003271.975,8.749
12269,263,23189.058,29925.397,153.584,1335.591,0,5.463,9850662.459,12.09
12270,263,26607.144,13237.781,194.872,3192.28,0,2.874,2726285.456,7.53
12271,263,26843.166,12643.691,137.362,1198.471,0,3.985,5241712.019,9.763
12272,263,26995.845,12721.949,59.81,98.996,43.223,2.957,2885251.699,16.251
12273,263,27200.504,13024.725,138.386,1268.575,0,5.672,10619246.237,10.977
12274,263,27789.076,15351.667,90.569,911.08,27.006,2.383,1873914.286,6.38
12275,263,27926.939,14397.944,6.557,17.803,57.059,1.952,1256867.826,9.25
12276,263,28239.503,14880.956,7.198,85.421,73.411,6.308,13133385.922,4.766
12277,263,28355.775,15817.676,209.373,2945.041,0,2.879,2736109.071,8.594
12278,263,33103.901,26430.17,100.548,431.029,14.665,3.477,3990730.314,12.311
12279,263,33594.413,27061.481,124.602,883.823,21.818,2.926,2824772.466,9.613
12280,263,34221.434,28825.996,77.095,156.249,25.568,4.119,5597886.315,19.404
12281,263,35359.568,28434.269,123.032,735.46,0,1.73,987399.682,9.655
12282,263,35746.377,26444.041,152.024,1597.923,0,7.79,20026066.662,12.688
12283,263,35816.423,30145.422,121.809,995.732,1.139,2.791,2570140.185,8.617
12284,263,36360.824,25416.295,134.917,1164.078,0,3.526,4103077.918,9.36
12285,263,36395.622,25922.009,12.908,30.238,39.122,4.257,5981578.722,10.19
12286,263,36343.833,27240.296,105.969,674.384,0,4.156,5700569.384,10.377
12287,263,37179.774,26683.55,71.54,138.968,19.162,0.88,255606.196,12.754
12288,264,9950.927,38955.917,35.412,62.449,71.805,3.354,3712037.001,12.561
12289,264,10374.358,37877.202,149.046,1924.094,0,7.267,17426476.381,10.171
12290,264,10399.439,39232.42,161.32,2714.882,0,10.459,36101966.029,10.938
12291,264,10582.873,34005.985,173.668,2103.017,0,3.627,4342080.159,8.887
12292,264,10688.347,34850.56,166.661,2721.954,0,3.35,3703173.037,7.081
12293,264,10785.013,35288.945,183.309,3637.554,0,4.521,6746467.333,7.128
12294,264,10739.775,36194.403,180.947,3042.48,0,7.17,16964303.829,9.527
12295,264,10977.965,33417.545,105.09,622.154,30.754,4.681,7230664.554,11.403
12296,264,10956.753,37949.062,194.759,2796.677,0,1.601,845394.681,7.599
12297,264,11109.627,36900.585,190.549,5334.258,0,3.915,5056958.031,5.726
12298,264,11140.173,37406.61,215.933,3905.057,0,6.798,15249632.71,10.004
12299,264,11303.458,35393.975,155.118,2341.918,0,6.422,13611298.381,8.74
12300,264,21866.25,30004.556,241.709,4461.835,0,5.091,8553481.061,9.346
12301,264,22274.296,29571.412,101.457,437.311,15.441,7.753,19839245.861,19.434
12302,264,22428.571,30305.139,113.547,1024.263,7.169,4.998,8243836.715,9.154
12303,264,23164.375,29158.446,114.695,881.779,0,3.242,3468094.407,8.924
12304,264,24186.188,29151.195,132.999,831.284,0,5.828,11207595.473,14.547
12305,264,26621.63,13305.624,172.999,2786.003,0,4.621,7046750.272,7.918
12306,264,26937.546,12633.382,153.657,1883.359,0,5.06,8448829.826,9.098
12307,264,27159.699,12996.126,172.945,2282.837,0,7.129,16770785.062,11.072
12308,264,27681.864,14000.865,3.698,36.697,51.759,2.587,2208922.69,6.014
12309,264,27781.594,15371.45,75.149,494.936,38.024,4.8,7604827.403,8.615
12310,264,28227.057,14843.212,64.631,133.442,57.634,6.922,15811980.714,23.957
12311,264,28320.181,15842.329,6.42,33.56,50.243,5.74,10872999.248,8.768
12312,264,29051.15,15770.11,145.113,1077.723,0,2.952,2875352.242,10.261
12313,264,32694.04,26131.216,143.509,934.126,0,2.369,1851365.989,10.511
12314,264,33042.189,26381.783,148.833,1043.044,0,3.329,3657441.753,11.207
12315,264,33486.65,27844.953,127.644,863.156,0,2.767,2527518.672,9.914
12316,264,33560.119,26998.985,3.344,11.866,48.052,3.494,4029761.707,13.984
12317,264,35330.47,28433.217,64.473,104.513,23.698,1.64,887385.016,14.399
12318,264,35705.065,26308.05,40.886,58.17,42.359,4.827,7688356.006,19.046
12319,264,36356.534,25389.361,126.872,927.445,0,3.823,4822279.61,10.296
12320,264,37150.329,26626.309,175.265,1080.782,0,2.925,2822853.936,12.998
12321,265,10331.022,38252.908,299.446,6837.894,0,5.897,11476235.801,9.967
12322,265,10318.974,39286.175,8.34,63.108,86.53,9.236,28152027.975,7.426
12323,265,10595.781,33903.502,219.282,3430.183,0,5.166,8807682.969,9.878
12324,265,10677.462,36606.291,188.539,3779.674,0,5.972,11769752.602,7.923
12325,265,10686.116,32953.485,147.058,1110.491,0,5.894,11465155.671,13.61
12326,265,10696.197,34832.057,175.179,2807.41,0,7.348,17816813.139,9.775
12327,265,10713.603,35287.613,154.903,2764.762,0,5.079,8512353.191,7.102
12328,265,10627.053,38813.782,244.819,4098.486,0,3.06,3089755.742,8.6
12329,265,10744.913,35997.154,28.562,50.678,66.494,3.004,2978611.47,11.166
12330,265,10880.614,33552.545,2.587,24.25,64.53,5.436,9752205.472,10.139
12331,265,11200.687,34547.266,148.303,1934.869,0,4.588,6946259.745,8.222
12332,265,11255.071,35739.054,221.134,4115.122,0,5.586,10298389.368,9.076
12333,265,11353.775,35054.876,32.215,53.345,107.919,10.305,35047305.207,26.407
12334,265,22720.113,30160.582,2.67,40.809,49.8,6.231,12814856.717,7.322
12335,265,23296.998,29855.247,136.718,1428.811,0,8.062,21448732.569,11.981
12336,265,23520.046,28982.254,16.255,34.701,46.141,5.351,9449962.979,11.812
12337,265,26582.669,13229.025,141.386,1981.261,0,3.448,3924432.571,7.091
12338,265,26856.585,12569.234,28.313,60.032,57.259,5.173,8832033.988,12.389
12339,265,26959.69,12955.509,4.618,25.79,61.941,3.251,3488567.387,8.003
12340,265,27798.74,15330.248,161.205,2772.116,0,4.854,7774120.219,7.361
12341,265,28181.07,14848.637,73.528,240.051,48.267,4.194,5805301.292,13.197
12342,265,29082.737,15730.452,131.661,898.252,0,2.971,2913703.261,10.22
12343,265,32580.635,26149.673,21.188,19.333,33.817,5.303,9281253.568,23.698
12344,265,33040.358,26400.654,1.129,50.751,28.715,4.515,6728360.993,5.456
12345,265,33093.199,27381.34,79.036,272.731,22.89,5.418,9686731.697,15.206
12346,265,33489.429,27828.405,35.983,30.614,37.412,4.916,7975780.743,27.922
12347,265,33512.564,26897.249,180.407,1799.854,0,3.715,4555390.161,10.409
12348,265,35756.801,26656.92,144.469,1492.397,0,3.525,4099529.284,8.705
12349,265,35840.063,24955.99,7.006,74.278,34.544,2.47,2013406.48,4.288
12350,265,35862.437,28676.139,53.413,73.838,33.533,0.727,174311.13,13.227
12351,265,36403.912,25360.236,7.425,65.85,36.598,5.389,9584139.804,5.41
12352,265,36440.555,27557.855,125.459,895.438,0,3.51,4065840.694,10.102
12353,266,9966.177,38954.439,59.752,165.625,81.253,6.801,15265102.812,17.322
12354,266,10400.315,39200.301,1.767,56.861,84.436,6.843,15454703.148,5.934
12355,266,10560.724,33445.01,7.463,38.028,58.238,5.753,10922303.935,8.223
12356,266,10644.293,32881.59,4.096,34.618,46.745,4.148,5677521.337,7.066
12357,266,10701.862,34837.286,85.489,285.345,62.943,5.657,10559430.352,16.977
12358,266,10688.451,35297.716,60.686,138.812,74.989,3.293,3578816.268,13.638
12359,266,10678.805,36679.272,53.317,133.784,98.365,2.261,1686860.639,10.741
12360,266,10789.448,36002.955,8.804,33.569,74.807,4.345,6229803.705,8.256
12361,266,10949.495,33597.13,7.094,25.585,66.185,2.904,2783286.868,8.226
12362,266,10866.891,38043.892,164.313,2362.973,0,6.94,15893787.891,9.82
12363,266,11092.972,33950.813,122.326,684.889,32.406,5.843,11268769.049,14.926
12364,266,11106.24,34525.187,45.692,48.937,67.356,4.218,5871139.826,23.455
12365,266,11125.12,37313.278,46.027,110.718,92.66,4.342,6221681.791,12.709
12366,266,21510.932,30188.843,128.957,1046.417,0,4.116,5590899.213,9.951
12367,266,21840.185,29944.501,35.257,53.905,69.377,3.192,3363278.922,13.584
12368,266,22268.54,29569.874,115.134,839.482,0,4.937,8046103.792,10.691
12369,266,22504.662,30255.381,169.281,2320.955,0,4.946,8073994.216,8.908
12370,266,23262.712,29116.466,208.594,2676.856,0,6.962,15995261.84,12.925
12371,266,23196.919,29919.83,6.116,49.178,58.818,5.975,11780945.607,6.674
12372,266,26589.125,13198.117,227.537,4878.394,0,5.968,11753187.93,8.61
12373,266,26847.986,12572.993,149.343,1612.318,0,5.836,11241028.046,10.409
12374,266,27071.249,14079.875,192.723,2294.544,0,1.371,620512.061,8.268
12375,266,27637.36,13969.604,76,310.015,38.204,2.978,2926238.046,10.229
12376,266,27783.053,15340.776,49.977,89.396,70.797,1.678,928920.418,12.056
12377,266,28092.892,14961.598,36.456,68.026,59.261,4.299,6098985.319,13.634
12378,266,28168.21,14774.041,137.496,1473.057,0,2.934,2840463.55,7.939
12379,266,29132.662,15786.524,116.01,678.535,0,2.577,2192336.19,10.083
12380,266,32629.728,26121.037,170.751,1319.618,0,2.704,2412244.257,10.811
12381,266,33076.179,27352.067,4.45,14.374,51.389,2.352,1825256.968,10.585
12382,266,33425.354,27829.887,39.169,34.428,35.864,1.204,478528.684,15.57
12383,266,34231.576,28814.711,73.311,263.233,10.459,0.612,123639.35,9.278
12384,266,34807.228,29642.985,38.865,56.355,36.94,3.179,3334616.316,14.675
12385,266,35730.836,26544.418,155.442,1464.485,0,5.244,9075479.79,11.254
12386,266,35835.025,24932.235,69.346,170.367,23.816,5.04,8383622.671,17.438
12387,266,35877.171,30122.488,154.709,1263.204,0,3.367,3740701.005,10.427
12388,266,36363.234,25347.375,56.912,113.618,35.844,4.576,6910572.952,17.04
12389,266,36420.195,27510.612,132.426,966.532,0,4.748,7440883.769,11.565
12390,266,37136.441,26660.815,109.914,534.207,0,3.273,3535628.016,11.715
12391,267,9949.264,38960.514,40.477,77.432,87.854,5.405,9640067.115,15.984
12392,267,10658.739,36713.083,123.159,1401.8,32.893,2.902,2779619.885,7.187
12393,267,10686.067,32934.424,120.618,1049.157,0,6.019,11956406.714,10.656
12394,267,10701.59,34779.486,111.913,677.151,51.578,5.773,10999380.211,13.038
12395,267,10680.838,35244.638,162.791,2559.573,0,5.282,9206958.722,8.094
12396,267,10705.297,35548.925,119.074,1302.406,17.454,2.361,1839290.504,7.022
12397,267,10713.617,35884.865,182.946,2617.856,0,3.904,5030429.326,8.423
12398,267,11039.171,33959.422,61.885,119.096,55.126,3.442,3909311.119,15.91
12399,267,11128.538,36916.105,83.149,325.158,81.038,3.433,3889748.509,11.578
12400,267,11117.826,37412.715,58.321,146.415,69.139,2.961,2893801.364,12.056
12401,267,11298.708,35390.528,131.285,1855.991,0,6.996,16150404.817,8.483
12402,267,11276.753,35706.061,81.134,376.051,39.651,6.36,13347096.194,13.47
12403,267,21838.82,30013.182,68.259,197.741,76.981,4.142,5662152.246,13.659
12404,267,22721.901,30158.802,6.496,37.553,53.063,5.76,10950687.732,8.084
12405,267,23122.914,29120.461,6.398,60.214,42.473,7.006,16197672.039,6.242
12406,267,23723.185,28962.975,94.625,323.022,24.443,4.743,7424172.306,16.152
12407,267,24180.643,29145.73,197.987,1954.313,0,5.641,10502723.409,13.506
12408,267,26528.406,13208.314,65.238,198.045,56.411,5.489,9942491.205,14.863
12409,267,26657.832,13553.679,54.668,109.007,54.198,6.109,12315198.067,20.019
12410,267,26841.476,12555.785,111.309,968.59,0,4.472,6601636.804,8.889
12411,267,26861.529,13699.002,226.856,3684.136,0,1.717,972750.984,7.75
12412,267,27021.388,12843.808,220.559,3238.592,0,6.264,12949517.274,11.417
12413,267,27040.655,14238.566,2.868,59.524,48.892,3.347,3697336.175,4.684
12414,267,27780.491,15295.731,121.872,1903.862,0,6.201,12690817.792,7.124
12415,267,28145.783,14953.509,211.936,3592.621,0,3.748,4636206.633,8.2
12416,267,29118.311,15756.676,4.732,30.887,37.65,1.999,1319261.63,6.501
12417,267,32640.473,26159.75,5.87,26.289,32.301,2.721,2442722.72,7.722
12418,267,33048.421,26403.067,29.071,49.411,37.865,1.464,706854.017,9.973
12419,267,33523.743,27760.933,6.896,40.271,42.425,5.483,9922033.853,7.577
12420,267,33761.787,27162.855,65.19,103.15,34.273,2.711,2426111.592,17.036
12421,267,34277.364,28829.281,42.264,44.717,31.319,4.264,5999995.413,22.834
12422,267,34753.894,29601.185,2.387,15.799,36.954,3.658,4414802.514,11.398
12423,267,35662.229,29708.767,44.268,50.36,34.684,1.233,501951.193,14.17
12424,267,35748.815,26648.076,61.29,163.283,36.025,2.283,1720331.661,11.128
12425,267,35975.699,30157.039,117.596,763.549,0,1.245,511569.365,8.784
12426,267,36414.238,25337.159,154.344,949.999,8.167,2.563,2167330.121,11.563
12427,267,36481.862,27550.507,153.219,1151.424,0,4.079,5489753.335,11.732
12428,268,9947.893,38923.056,73.909,343.277,57.266,4.566,6879231.242,10.661
12429,268,10316.123,38082.176,4.218,45.048,65.448,9.106,27367037.228,8.675
12430,268,10396.272,37820.016,213.27,3855.735,0,7.127,16760754.202,10.167
12431,268,10369.023,39264.86,155.751,3112.845,0,7.709,19610667.039,7.772
12432,268,10518.598,33331.012,132.371,1427.511,0,1.536,778421.384,7.221
12433,268,10553.191,34104.739,130.111,1202.315,0,2.501,2063724.318,8.167
12434,268,10664.589,32944.833,157.392,1613.026,0,4.044,5396723.085,9.623
12435,268,10742.989,35256.995,186.843,3343.27,0,6.42,13604501.352,8.814
12436,268,10702.048,35545.383,97.579,570.548,45.814,3.264,3516477.502,9.648
12437,268,10682.472,35897.468,135.493,1564.265,0,1.371,620543.365,7.012
12438,268,10715.025,36663.423,287.708,8947.596,0,5.973,11775068.784,7.803
12439,268,10931.237,37987.997,91.982,344.863,44.734,1.761,1023293.097,10.773
12440,268,11045.657,37600.101,3.496,29.175,64.335,4.97,8151902.818,8.511
12441,268,11124.973,36936.197,136.8,2829.371,0,11.36,42588902.958,8.53
12442,268,11295.284,35019.99,89.354,445.022,67.098,4.457,6557012.556,11.341
12443,268,11248.756,35421.804,223.279,4328.227,0,5.268,9158510.774,8.668
12444,268,11321.194,36219.165,161.011,1891.388,0,5.85,11294488.274,10.333
12445,268,21532.058,30414.245,220.15,2440.588,0,4.381,6333820.252,11.803
12446,268,21839.373,29964.694,44.263,111.048,71.64,4.79,7572211.033,12.659
12447,268,23158.219,29197.233,179.824,1838.624,0,4.893,7900448.48,11.387
12448,268,23208.148,29888.124,135.614,1449.575,0,6.44,13685737.485,10.275
12449,268,24222.034,29134.506,70.596,96.983,31.697,6.241,12855739.842,34.002
12450,268,26556.458,13168.62,96.368,515.273,27.363,2.045,1379559.74,9.211
12451,268,26802.33,13745.848,143.225,1125.293,21.567,3.522,4093291.812,10.325
12452,268,26847.858,12569.959,55.521,88.128,59.858,3.419,3856813.715,17.125
12453,268,27042.378,14160.984,6.703,63.872,50.339,5.325,9356876.341,5.395
12454,268,27346.1,14736.726,69.097,189.947,27.25,2.63,2282702.074,12.047
12455,268,27698.01,14016.551,117.539,632.821,16.215,4.368,6296547.942,12.788
12456,268,27779.351,15349.298,92.089,479.035,40.407,3.316,3628518.392,10.09
12457,268,28253.332,14996.419,193.191,2949.204,0,5.784,11039419.232,9.661
12458,268,29044.368,15677.498,9.369,40.291,37.036,2.265,1693644.411,6.342
12459,268,33428.074,27791.236,55.956,144.304,32.071,3.017,3004565.284,11.652
12460,268,34234.405,28784.655,191.777,1448.954,0,2.469,2012499.636,11.512
12461,268,35494.754,28669.38,68.2,127.836,31.609,2.188,1580407.916,14.514
12462,268,35677.007,29684.973,6.695,35.075,39.829,4.092,5525720.148,7.371
12463,268,35756.997,26697.413,42.331,60.468,34.126,1.982,1296022.23,13.224
12464,268,35902.542,30117.017,78.103,145.338,28.435,3.708,4538613.56,19.724
12465,268,36337.041,25341.967,142.653,1231.946,0,4.454,6546764.62,10.503
12466,268,36430.802,27449.103,125.587,934.315,0,3.768,4684587.363,10.061
12467,269,9966.803,38936.607,149.11,2383.021,15.339,5.208,8952655.876,7.518
12468,269,10390.918,37878.654,186.337,2846.598,0,5.135,8702186.493,8.949
12469,269,10367.248,38269.007,160.454,2233.527,0,4.211,5851563.372,8.068
12470,269,10382.746,39258.661,198.666,4959.522,0,7.358,17866471.583,7.689
12471,269,10664.609,32915.043,131.402,1023.609,0,3.297,3587179.813,9.649
12472,269,10721.874,35239.236,193.527,3892.026,0,6.977,16063812.172,8.628
12473,269,10668.006,36669.363,55.472,178.702,82.572,6.668,14672666.788,14.35
12474,269,10958.039,33409.089,65.213,77.056,47.788,2.848,2677260.146,21.536
12475,269,11133.087,33942.968,142.234,1531.776,1.211,3.065,3100856.114,8.139
12476,269,11199.746,35359.907,4.881,56.331,75.74,5.061,8452019.912,5.535
12477,269,11285.33,34981.024,56.713,159.786,76.7,6.471,13817678.792,15.948
12478,269,21481.869,30275.145,149.971,1347.659,0,5.404,9636950.205,11.528
12479,269,22477.994,30320.069,9.643,37.87,40.13,4.965,8134732.221,8.242
12480,269,23169.919,29112.121,164.493,1931.381,0,4.587,6943907.802,9.449
12481,269,23189.142,29865.278,184.377,2171.45,0,5.25,9096897.241,10.8
12482,269,26611.446,13156.601,144.872,1182.829,13.668,2.17,1554165.975,9.115
12483,269,26853.913,12591.901,129.569,1538.633,0,6.481,13862240.175,9.217
12484,269,26869.991,13837.496,11.282,33.171,57.552,5.569,10235058.524,10.224
12485,269,27040.408,12880.197,2.022,54.539,56,5.162,8792580.583,5.463
12486,269,27791.442,15359.879,49.721,157.751,48.407,6.422,13610015.572,13.256
12487,269,28478.747,16001.472,3.845,65.572,37.828,5.127,8674250.087,4.936
12488,269,32440.603,26152.834,110.595,544.998,0,2.809,2603624.956,11.13
12489,269,33073.797,26432.067,119.449,737.26,0,2.212,1615115.718,9.649
12490,269,35540.199,27600.804,79.549,184.603,20.049,4.751,7449273.527,19.404
12491,269,35755.322,26160.707,164.157,1303.648,0,4.266,6004694.297,12.056
12492,269,35746.361,28365.102,65.411,162.97,29.743,3.994,5264259.226,14.607
12493,269,35785.188,26647.649,52.211,100.277,33.206,3.628,4344664.861,14.772
12494,269,35997.997,24556.97,5.623,42.198,37.582,5.185,8870534.068,6.921
12495,269,35909.383,30088.042,92.013,298.142,24.892,1.936,1237027.234,11.906
12496,269,36320.274,25280.056,1.998,60.511,43.046,5.563,10212056.964,5.227
12497,270,9919.958,38958.554,5.133,85.481,89.818,10.195,34300573.57,5.645
12498,270,10395.633,37916.975,7.111,55.775,68.224,7.272,17454053.301,6.87
12499,270,10408.063,39255.028,76.09,388.189,74.297,2.133,1501888.376,8.409
12500,270,10530.647,33332.676,126.514,1286.746,0,4.491,6655850.78,8.701
12501,270,10630.394,36611.636,67.16,340.031,45.875,1.801,1070161.904,7.798
12502,270,10710.348,34903.69,217.196,4583.681,0,5.511,10022533.093,8.16
12503,270,10974.726,33438.921,77.43,245.949,36.403,3.262,3510752.415,12.532
12504,270,11121.755,36960.189,4.29,46.206,109.818,4.122,5606696.146,5.848
12505,270,11306.44,35002.881,135.218,2237.76,0,8.073,21509030.207,8.272
12506,270,11277.26,35364.766,6.399,38.142,79.178,6.969,16026761.743,8.842
12507,270,21467.016,30367.1,175.045,1614.09,0,3.785,4727430.613,10.829
12508,270,21792.888,29949.456,156.782,2130.706,0,3.84,4867344.399,7.874
12509,270,22080.598,30480.188,10.595,41.777,44.756,3.166,3307070.376,6.846
12510,270,23199.899,29918.59,7.669,61.838,47.056,5.139,8715165.951,5.59
12511,270,26715.216,13122.233,5.129,30.375,66.205,4.806,7622349.133,8.387
12512,270,26819.157,13766.617,193.612,2483.643,0,4.838,7725231.168,10.14
12513,270,26857.565,12592.356,120.341,1722.045,0,5.92,11566640.621,7.375
12514,270,27212.527,14352.149,182.175,2233.429,0,5.069,8480835.076,10.238
12515,270,27799.494,15362.72,117.376,1604.27,0,6.135,12422739.14,7.594
12516,270,27916.248,14433.874,35.91,35.872,46.755,2.515,2087343.078,16.76
12517,270,33705.817,27133.958,183.046,1907.279,0,4.965,8135225.236,11.452
12518,270,34726.62,29515.01,9.004,29.227,36.757,2.414,1922919.283,7.645
12519,270,35689.069,28481.094,8.49,21.137,40.217,4.571,6896411.694,11.775
12520,270,35804.717,26261.063,256.311,2646.119,0,3.145,3264620.304,12.122
12521,270,35918.543,30040.989,48.226,125.854,38.044,4.159,5706985.216,12.039
12522,270,36368.773,25267.601,89.241,287.797,19.054,3.401,3818087.237,13.774
12523,271,9977.578,38930.129,57.283,162.409,85.018,2.918,2809746.453,10.983
12524,271,10423.066,39239.027,77.616,278.414,67.779,3.483,4004352.772,11.832
12525,271,10713.162,35170.442,154.475,2739.145,0,5.195,8904797.849,7.171
12526,271,10731.039,35822.881,171.427,2636.064,0,7.478,18454403.75,10.026
12527,271,10672.181,36624.533,77.786,339.702,69.099,5.37,9515241.579,12.454
12528,271,11130.769,34072.875,227.989,3260.922,0,5.197,8914045.83,10.864
12529,271,11131.433,36851.03,167.092,3828.549,0,6.367,13377185.953,6.819
12530,271,11199.4,37353.226,5.769,25.796,78.7,3.869,4941080.361,8.716
12531,271,11267.108,34994.519,163.291,2740.001,0,5.997,11868075.403,8.148
12532,271,11281.539,35359.569,7.122,47.063,71.104,6.357,13334461.09,7.294
12533,271,21446.706,30439.986,150.423,1406.597,0,5.495,9965244.511,11.307
12534,271,21832.688,29901.435,69.865,228.656,57.39,5.169,8816820.552,14.17
12535,271,22446.095,30290.684,84.673,487.558,19.244,4.705,7304188.744,10.107
12536,271,23174.437,29901.18,115.434,1306.746,0,4.141,5658812.433,7.48
12537,271,23737.62,28990.214,208.924,3023.023,0,4.385,6344194.005,9.458
12538,271,26654.651,13302.105,178.055,2227.278,0,3.581,4232445.019,8.811
12539,271,26806.236,13808.816,174.914,2011.239,0,3.888,4987702.224,9.424
12540,271,27040.353,12876.205,9.658,52.306,71.117,2.425,1940958.413,5.567
12541,271,27108.792,14325.71,89.252,468.989,23.323,2.663,2340511.431,9.331
12542,271,27466.909,13515.628,54.044,127.837,37.26,3.55,4158542.655,12.852
12543,271,27794.792,15393.766,60.529,275.01,72.754,3.853,4900233.793,9.05
12544,271,27910.779,14457.021,169.745,1731.447,0,4.436,6494704.998,10.505
12545,271,29063.971,15782.358,85.233,255.488,17.28,2.739,2475541.346,13.018
12546,271,32453.671,26141.792,139.597,712.407,0,5.07,8481414.396,16.335
12547,271,32860.53,27038.029,161.864,1566.914,0,0.953,299469.956,8.294
12548,271,33601.887,27155.199,2.056,22.466,40.8,1.569,812582.982,7.295
12549,271,35729.776,26655.18,168.706,1475.815,0,3.642,4378432.44,10.805
12550,271,35840.22,30000.083,5.146,62.679,31.725,3.771,4692197.704,4.811
12551,271,35974.08,27878.815,123.415,811.943,0,1.457,700714.796,9.033
12552,271,36421.361,27456.267,107.466,706.742,3.114,3.186,3350802.005,9.426
12553,272,9961.751,38909.442,140.066,2764.306,0,5.595,10332048.527,6.428
12554,272,10297.704,38208.251,165.163,2326.607,0,7.666,19392308.882,10.587
12555,272,10394.272,37836.315,9.7,39.924,62.816,6.865,15551612.192,9.395
12556,272,10543.024,33463.459,45.242,109.257,56.979,2.833,2648210.993,10.732
12557,272,10647.771,32927.701,169.519,1773.723,0,3.323,3643072.577,9.381
12558,272,10734.122,35232.802,73.773,286.026,75.173,4.841,7732844.254,12.474
12559,272,10679.363,36630.567,89.307,596.464,75.319,2.67,2353046.038,8.101
12560,272,10976.729,33318.476,205.69,2841.754,0,5.752,10917697.726,10.857
12561,272,11125.606,34082.018,6.208,53.642,50.418,5.663,10584111.144,6.145
12562,272,11125.033,36900.188,49.624,105.489,112.876,5.769,10982244.16,17.154
12563,272,11171.178,37326.313,148.267,2763.995,0,6.792,15224231.071,7.454
12564,272,11250.124,35353.798,93.361,594.675,50.419,6.656,14622244.886,11.893
12565,272,21444.92,30409.006,134.051,1158.491,0,3.128,3229177.742,9.028
12566,272,21718.933,30585.35,180.261,1853.133,0,2.883,2743288.634,9.509
12567,272,21821.185,29940.808,179.581,2912.463,0,3.99,5254773.007,7.734
12568,272,22078.105,30480.624,9.726,46.101,41.869,3.469,3971823.046,6.407
12569,272,22562.322,30240.75,8.795,52.398,47.501,5.031,8353133.646,6.415
12570,272,23223.818,29907.934,102.475,623.519,26.508,3.847,4884124.975,10.186
12571,272,23760.046,28957.634,7.591,40.33,56.761,7.105,16658011.56,8.859
12572,272,26530.58,13103.283,141.31,1354.572,0,5.496,9969419.786,10.614
12573,272,26846.204,12643.572,159.53,1973.771,0,6.684,14741561.467,10.566
12574,272,26801.191,13771.617,4.103,42.838,54.256,6.366,13375370.02,7.294
12575,272,27136.412,12955.109,135.131,1863.84,0,6.592,14340936.72,8.572
12576,272,27198.804,14400.132,8.632,26.138,54.278,4.714,7332402.922,10.225
12577,272,27376.225,13430.234,128.332,1208.446,0,5.239,9056534.161,9.834
12578,272,27443.634,14597.743,32.338,60.788,50.099,7.138,16813241.583,17.599
12579,272,27674.212,13954.509,162.853,1959.178,0,3.274,3538164.352,8.362
12580,272,27781.631,15370.041,133.343,1916.391,0,7.472,18424380.364,8.756
12581,272,28359.193,15117.678,6.151,23.423,70.363,7.358,17867574.548,13.644
12582,272,28399.242,15983.331,127.872,718.274,15.124,2.564,2169878.263,10.931
12583,272,29120.383,15816.012,54.563,92.493,28.074,4.036,5375104.665,17.574
12584,272,32869.086,27096.354,54.583,92.467,38.164,2.144,1516879.85,13.668
12585,272,33708.337,27265.909,32.475,40.017,46.693,1.28,540540.603,12.137
12586,272,35776.953,26010.949,153.915,1318.903,0,1.894,1184338.701,9.009
12587,272,35849.719,24882.844,113.965,694.485,16.809,5.261,9133194.71,12.497
12588,272,36448.941,27448.692,65.003,100.837,31.119,2.186,1577417.988,15.966
12589,273,9945.97,38935.337,98.017,869.508,48.866,4.238,5928609.883,7.972
12590,273,10311.456,38241.209,108.845,207.473,59.642,1.459,702130.111,16.997
12591,273,10395.634,37845.387,4.97,34.815,62.213,4.393,6369012.139,7.307
12592,273,10349.155,39318.668,66.299,316.39,66.778,7.287,17522090.343,12.407
12593,273,10650.919,32874.649,7.9,22.88,52.742,7.055,16427485.823,14.256
12594,273,10721.28,35285.982,8.146,42.637,94.956,5.643,10507711.993,7.637
12595,273,10743.135,35779.198,189.33,3301.475,0,7.602,19071517.341,9.895
12596,273,10893.258,38354.642,115.075,1071.26,0,2.994,2959064.545,7.825
12597,273,11122.074,36860.553,122.156,853.188,81.525,4.471,6596179.514,10.998
12598,273,11269.999,35027.896,188.643,3028.331,0,4.399,6387590.603,8.261
12599,273,11297.373,35381.183,152.516,2564.6,0,5.07,8481370.092,7.309
12600,273,21439.491,30406.547,8.462,27.904,48.379,6.003,11891218.579,11.058
12601,273,21791.011,29902.476,56.021,150.779,70.669,2.103,1459753.502,10.408
12602,273,23200.569,29890.368,54.619,144.458,50.304,5.166,8808526.726,14.272
12603,273,23758.636,28961.856,3.56,59.293,43.777,3.764,4675943.458,4.841
12604,273,26552.212,13136.236,158.976,1771.162,0,6.31,13138936.297,11.075
12605,273,26757.708,12602.176,157.055,2108.443,0,3.72,4566450.418,7.879
12606,273,27112.923,12983.943,184.76,3439.144,0,3.761,4668862.23,7.122
12607,273,27218.161,14344.657,96.908,305.885,36.236,2.22,1626224.104,12.821
12608,273,27362.97,13435.836,3.237,18.161,50.439,4.292,6079510.056,11.243
12609,273,27482.574,14801.075,176.162,2049.283,0,3.681,4472248.485,9.24
12610,273,27655.275,13892.021,123.505,736.783,29.245,3.878,4962302.682,11.684
12611,273,27792.445,15347.01,68.992,202.639,38.756,2.69,2388724.459,11.612
12612,273,28368.253,15129.097,210.984,3758.393,0,4.443,6514107.158,8.319
12613,273,28317.428,15919.343,5.578,34.836,40.626,3.658,4414705.988,6.951
12614,273,33031.238,26383.05,127.659,743.595,0,3.64,4371911.759,11.851
12615,273,33492.908,26882.427,213.489,2405.445,0,2.036,1368072.778,9.337
12616,273,35658.063,28424.117,112.302,706.874,0,3.201,3382023.872,9.962
12617,273,35824.796,24843.089,112.853,765.219,0,5.596,10336237.689,11.816
12618,273,35795.734,26117.528,125.996,791.002,0,4.448,6529500.441,12.099
12619,273,36241.005,25360.608,0.885,21.456,39.132,2.305,1753690.216,7.886
12620,273,37393.754,25452.067,142.344,659.302,0,2.726,2451617.353,13.428
12621,274,9945.726,38952.036,50.339,130.079,89.037,7.628,19200089.388,17.806
12622,274,10333.718,38137.796,231.581,4031.304,0,5.846,11277536.871,10.051
12623,274,10420.017,37856.489,262.954,5128.026,0,5.098,8576178.377,9.54
12624,274,10383.311,39262.315,66.093,177.424,83.449,3.886,4983796.022,13.741
12625,274,10555.695,33338.232,139.859,1815.422,0,6.116,12345509.137,8.869
12626,274,10663.198,32921.119,0.482,8.925,43.306,7.286,17520243.178,29.386
12627,274,10721.505,34746.429,206.027,3568.164,0,3.885,4981340.206,8.024
12628,274,10727.021,35247.621,141.912,1414.986,39.406,5.212,8965611.959,10.096
12629,274,10678.119,35568.364,33.303,48.439,81.604,3.241,3466084.966,13.843
12630,274,10695.302,36685.721,168.674,3427.194,0,5.174,8832895.561,6.928
12631,274,10886.184,38391.739,39.715,97.315,52.659,5.103,8595157.386,12.606
12632,274,10961.612,33361.815,6.64,55.698,55.582,5.634,10474350.118,6.038
12633,274,10996.911,33626.787,163.843,1918.751,0,5.389,9585657.526,10.09
12634,274,11120.981,36866.653,51.345,123.599,113.865,3.401,3818072.117,12.146
12635,274,11110.795,37438.484,214.585,4935.75,0,8.76,25327040.741,9.51
12636,274,11232.87,35036.799,46.577,96.285,78.612,6.168,12556123.227,17.669
12637,274,11278.569,35367.739,6.354,49.599,84.498,5.875,11390271.666,6.623
12638,274,11280.573,36162.695,3.51,54.065,57.487,4.607,7004746.976,5.391
12639,274,21470.135,30382.705,140.062,1117.492,14.9,3.432,3887618.532,9.999
12640,274,21785.946,29929.342,147.462,1857.545,0,6.299,13096492.584,9.545
12641,274,21842.036,30637.856,3.125,41.949,54.486,4.911,7960581.505,6.496
12642,274,22686.133,30129.44,44.141,57.149,46.581,1.525,767081.517,13.559
12643,274,23203.166,29201.626,6.602,13.792,41.608,3.292,3576617.495,12.999
12644,274,23174.84,29914.327,139.285,1808.875,0,7.476,18443634.281,9.775
12645,274,23788.824,28949.359,84.618,347.909,24.41,4.605,6997956.679,12.765
12646,274,26725.757,12649.07,127.286,1130.364,17.018,3.467,3966647.524,8.827
12647,274,26968.965,14009.348,160.998,1687.522,0,3.406,3828749.525,9.136
12648,274,27137.4,12957.391,86.031,237.597,63.864,3.358,3720386.551,14.931
12649,274,27423.575,13485.307,68.748,97.964,41.014,1.172,453358.708,15.195
12650,274,27593.227,14961.376,3.91,19.492,59.706,5.565,10219843.249,12.497
12651,274,27639.476,13880.481,125.976,971.198,21.408,5.11,8618524.209,11.1
12652,274,27764.873,15285.93,7.825,22.618,67.841,4.834,7712200.54,11.279
12653,274,28318.238,15919.159,8.718,40.494,51.177,6.845,15463375.591,8.961
12654,274,28334.492,15062.701,162.63,2749.356,0,5.326,9362953.144,7.722
12655,274,33453.959,26788.323,139.162,1217.761,0,6.346,13292264.708,12.125
12656,274,34163.828,28273.272,42.709,49.022,37.283,1.223,493373.451,13.877
12657,274,35883.177,24788.365,45.67,71.396,33.803,2.047,1382453.706,13.036
12658,274,35850.351,26075.946,7.274,34.813,34.142,5.289,9232644.907,8.381
12659,274,36339.263,25395.301,120.71,832.354,0,2.96,2890745.033,9.627
12660,274,36443.579,27426.663,81.041,255.722,26.168,2.952,2875944.481,12.505
12661,274,37201.682,26641.367,6.982,36.228,26.212,4.732,7389912.697,7.681
12662,275,9958.703,38928.313,162.273,3354.096,0,4.773,7517714.367,6.534
12663,275,10291.639,38195.159,168.583,2490.83,0,7.308,17624874.271,10.082
12664,275,10401.379,37813.611,37.827,90.539,57.067,7.025,16285128,15.222
12665,275,10382.162,39269.434,56.04,125.555,93.931,7.157,16902481.826,20.655
12666,275,10587.614,33419.715,61.581,136.585,62.453,0.81,216449.316,11.057
12667,275,10679.009,34938.666,39.744,57.106,81.831,3.813,4797189.151,16.257
12668,275,10717.247,35282.365,6.852,104.608,88.803,7.144,16844627.58,4.302
12669,275,10665.703,36643.14,36.337,65.67,95.57,5.987,11830995.089,16.957
12670,275,11005.205,33255.025,148.205,1439.904,0,2.729,2456912.755,8.666
12671,275,11125.408,36828.246,31.096,57.133,125.051,7.729,19712142.544,18.743
12672,275,11129.547,37276.3,7.616,20.936,87.258,4.596,6971909.961,11.573
12673,275,11283.4,35379.246,12.677,22.448,92.599,6.123,12373750.469,15.766
12674,275,21499.846,30381.18,214.896,2792.448,0,4.914,7967557.992,10.884
12675,275,21764.046,29934.076,0.097,23.787,72.422,2.689,2386399.861,7.653
12676,275,22558.696,30246.278,7.771,42.279,37.638,5.526,10078763.573,7.525
12677,275,22867.229,29310.257,126.244,996.941,0,2.404,1907095.35,8.741
12678,275,23209.201,29927.797,212.267,3691.194,0,2.309,1759104.968,7.407
12679,275,23921.882,28854.514,75.176,189.009,36.523,5.271,9168770.044,18.635
12680,275,26646.848,13148.748,191.273,2930.122,0,5.943,11656295.522,9.689
12681,275,26701.975,12640.388,151.801,1641.123,0,2.695,2396426.313,8.231
12682,275,26982.362,14121.949,153.681,1451.902,0,3.76,4666652.864,9.766
12683,275,27118.154,12964.951,10.084,93.387,65.48,8.309,22783097.357,5.489
12684,275,27579.79,15025.478,131.653,1093.285,19.234,2.341,1809146.17,8.656
12685,275,27792.41,15328.428,120.529,911.713,20.611,2.904,2783029.597,9.048
12686,275,28318.881,15118.25,8.39,38.381,68.208,2.647,2312122.612,6.503
12687,275,28407.677,15961.401,114.434,450.031,24.08,1.859,1140296.637,11.904
12688,275,28995.458,16133.476,148.518,923.07,0,3.622,4328426.935,12.511
12689,275,33041.364,26396.903,5.569,15.684,36.437,3.573,4211959.621,11.977
12690,275,33474.722,26790.442,42.535,66.236,41.596,4.613,7023069.456,17.58
12691,275,34147.734,28244.584,195.076,1815.411,0,1.742,1001287.366,9.7
12692,275,34206.557,28807.528,64.294,157.073,17.117,4.418,6441813.472,15.437
12693,275,34834.67,29750.718,176.602,1416.717,0,2.032,1362596.696,10.19
12694,275,35672.823,26764.124,188.066,1817.147,0,4.751,7450375.039,12.09
12695,275,35986.116,27869.063,139.851,1035.052,0,3.285,3561164.798,10.353
12696,275,36144.201,24711.177,32.843,46.318,35.777,2.591,2215771.859,12.963
12697,275,36399.717,27424.527,240.06,2765.418,0,5.074,8496484.124,13.105
12698,275,37290.721,25331.415,109.426,467.591,0,2.298,1744089.574,11.51
12699,276,9959.325,38913.133,72.402,392.321,82.897,8.085,21571750.506,12.712
12700,276,10296.699,38191.614,63.831,162.448,59.979,4.926,8007195.49,15.812
12701,276,10420.945,37773.551,181.866,2572.442,0,4.213,5858509.335,8.65
12702,276,10410.224,39258.061,70.982,315.907,88.857,4.096,5537435.685,10.265
12703,276,10625.494,33402.678,42.353,84.553,57.412,5.028,8341639.642,15.147
12704,276,10658.508,34773.964,50.092,100.113,78.94,1.97,1280711.344,11.628
12705,276,10737.209,35574.636,192.497,4092.826,0,4.951,8090103.391,7.221
12706,276,10701.889,36386.807,171.84,2973.829,0,5.18,8856772.604,7.806
12707,276,10712.199,36743.671,135.952,2370.009,0,6.303,13112687.732,7.146
12708,276,11014.346,33306.28,192.854,2673.731,0,2.967,2904327.602,8.307
12709,276,11001.644,33652.097,113.857,758.987,20.653,6.348,13297648.479,12.921
12710,276,11151.53,36924.985,58.781,198.457,109.261,5.407,9649702.217,12.675
12711,276,11123.648,37439.802,107.862,1013.29,24.103,6.691,14774156.845,9.797
12712,276,11228.077,35689.733,161.344,2557.534,0,3.07,3110268.285,6.966
12713,276,11267.32,35012.305,164.1,2607.466,0,4.245,5945899.949,7.533
12714,276,11283.449,35344.465,195.586,3876.357,0,5.602,10356471.518,7.985
12715,276,21496.475,30430.553,68.594,125.58,35.522,2.028,1357299.631,14.483
12716,276,21823.768,29934.329,64.362,159.65,55.442,5.345,9427903.654,17.047
12717,276,22735.822,30174.803,128.497,1051.533,0,3.853,4899703.476,9.654
12718,276,22840.462,29253.615,38.717,57.707,39.703,3.25,3484767.791,14.5
12719,276,23121.325,29117.864,4.575,63.735,41.866,5.708,10750962.503,5.279
12720,276,23199.111,29866.029,29.484,78.131,53.286,4.211,5850898.153,9.684
12721,276,23963.414,28884.586,154.668,1830.564,0,4.29,6073564.531,8.816
12722,276,26596.933,13224.804,144.378,2165.315,0,7.466,18395650.152,8.981
12723,276,27033.548,14096.297,47.015,69.45,46.693,2.495,2054683.902,14.485
12724,276,27134.053,12940.319,146.888,2283.014,0,7.691,19521128.853,8.991
12725,276,27571.159,15025.923,42.374,47.791,66.553,2.989,2948522.255,17.833
12726,276,27680.729,13837.032,5.435,38.92,68.133,6.409,13554324.887,8.098
12727,276,27771.811,15289.099,207.519,2784.078,0,4.952,8092814.861,10.413
12728,276,28331.368,15076.582,84.156,486.969,42.598,4.229,5902996.059,9.632
12729,276,28995.284,15660.7,56.258,48.262,34.179,2.064,1406139.835,21.523
12730,276,33514.051,26799.929,7.351,32.896,47.692,5.258,9123599.981,8.736
12731,276,34161.965,28270.655,161.879,1159.683,0,3.28,3549705.036,11.603
12732,276,34203.946,28817.905,119.413,601.987,0,3.377,3762946.105,12.183
12733,276,34837.312,29721.268,188.309,1746.125,0,4.742,7420960.996,12.463
12734,276,35757.136,26719.222,3.184,12.641,42.213,3.566,4197549.942,13.437
12735,276,36014.359,27876.969,115.762,823.58,0,3.317,3631735.95,9.478
12736,276,36355.891,25351.613,57.129,86.65,28.125,1.629,875772.159,14.077
12737,276,37200.408,26658.437,33.62,52.936,29.19,3.371,3749321.75,13.351
12738,277,9972.232,38962.207,55.028,161.126,100.846,7.675,19440972.196,17.026
12739,277,10319.51,38157.64,9.849,75.757,77.687,7.497,18547059.178,6.049
12740,277,10640.519,33445.349,8.931,57.177,59.503,4.38,6332246.612,5.808
12741,277,10716.817,34857.845,196.217,3886.445,0,3.727,4583496.365,7.095
12742,277,10725.593,35145.641,193.183,4107.641,0,7.242,17306916.973,8.419
12743,277,10641.93,35760.294,0.851,29.13,72.474,4.615,7027285.984,8.026
12744,277,10661.184,36480.593,59.891,102.458,80.241,5.594,10325742.89,22.809
12745,277,10741.84,36044.266,138.987,1746.059,0,6.31,13139910.455,9.175
12746,277,10946.27,33273.714,193.361,2553.211,0,3.466,3965486.204,8.885
12747,277,11041.127,33930.689,8.044,34.92,54.759,4.119,5599820.895,7.691
12748,277,11051.044,33644.284,52.081,108.171,45.165,4.731,7387381.808,15.94
12749,277,11070.623,37417.721,152.945,2565.148,0,6.655,14615397.591,8.146
12750,277,11144.064,36929.514,152.545,3615.183,0,6.544,14132843.95,6.336
12751,277,11311.311,35352.269,45.569,60.692,85.879,2.565,2170473.444,15.436
12752,277,11292.224,35694.018,108.662,592.321,35.795,3.229,3440476.291,10.738
12753,277,21579.481,30444.068,68.285,134.458,34.101,2.106,1463037.267,13.934
12754,277,21789.342,29928.931,38.111,78.002,76.738,4.279,6041086.654,12.951
12755,277,22896.386,29287.497,232.748,2778.244,0,1.375,624374.16,9.118
12756,277,23857.922,28907.079,183.219,1484.557,0,4.174,5750046.94,12.716
12757,277,26610.764,13182.218,79.452,343.573,40.497,4.647,7126033.434,11.847
12758,277,27097.081,14260.919,92.831,358.845,29.09,4.167,5729793.761,13.561
12759,277,27199.991,12965.841,10.244,62.685,65.034,4.986,8204830.434,5.934
12760,277,27565.034,15064.613,235.837,4342.787,0,7.525,18685642.197,11.173
12761,277,27660.095,13845.427,39.47,94.246,69.413,5.624,10439731.6,13.535
12762,277,27797.908,15286.439,83.615,373.702,28.919,3.656,4411328.212,10.853
12763,277,28294.932,15053.931,262.026,6594.303,0,2.33,1791236.811,6.78
12764,277,29030.204,16100.27,118.565,520.795,16.572,3.198,3374068.344,13.059
12765,277,32481.903,33123.221,132.13,660.093,0,2.21,1611825.576,11.583
12766,277,32886.286,27029.082,107.37,169.156,38.963,1.076,382221.747,17.908
12767,277,33439.101,26793.006,165.245,1735.985,0,3.444,3914159.525,9.299
12768,277,34200.963,28269.79,76.254,169.229,26.247,4.178,5761773.405,18.078
12769,277,34829.978,29688.474,43.737,81.095,32.059,1.606,851267.829,11.073
12770,277,37217.542,25313.032,117.368,447.33,0,1.574,817269.108,11.981
12771,278,9969.494,38927.958,180.879,4456.178,0,4.576,6909892.669,6.191
12772,278,10298.201,38141.867,56.095,207.208,62.148,3.87,4942379.744,9.974
12773,278,10438.818,39208.79,62.243,119.217,76.634,4.031,5362150.163,17.352
12774,278,10719.258,35040.076,1.417,44.778,81.481,5.06,8450470.482,6.175
12775,278,10705.929,35701.65,150.023,2327.995,0,4.265,6002819.915,7.244
12776,278,10716.126,36637.511,4.379,31.352,81.34,2.878,2734124.332,6.817
12777,278,10759.896,36001.888,220.485,3934.733,0,3.774,4700892.021,8.151
12778,278,10910.987,38321.46,2.015,22.152,59.492,7.861,20393695.622,13.863
12779,278,10976.036,33266.577,128.382,1270.409,0,4.974,8163441.991,9.295
12780,278,11148.168,34040.489,21.445,25.144,49.8,5.035,8364911.578,18.477
12781,278,11189.304,36925.861,221.091,5924.733,0,2.29,1729925.327,5.968
12782,278,11124.207,37459.043,127.739,1969.367,0,7.337,17768075.179,7.983
12783,278,11316.74,35403.708,160.587,2599.815,0,4.214,5859281.252,7.331
12784,278,21763.508,29957.096,81.373,328.881,52.082,4.588,6945989.112,12.572
12785,278,23207.987,29865.034,118.193,1461.987,0,5.655,10553945.971,7.92
12786,278,24017.007,28895.404,48.566,68.336,33.813,2.115,1476651.398,14.454
12787,278,26637.891,13438.807,5.214,49.489,53.702,4.401,6391788.957,5.804
12788,278,27132.362,12974.776,141.34,1915.367,0,5.788,11054711.613,8.457
12789,278,27219.144,14333.941,35.022,53.335,50.522,6.041,12043988.055,19.375
12790,278,27517.438,14957.984,3.212,33.617,53.929,4.467,6586157.039,7.31
12791,278,27677.125,13945.145,132.453,1758.141,0,4.23,5905533.799,7.393
12792,278,27921.973,14476.598,3.72,28.888,48.215,4.926,8007678.182,8.568
12793,278,28316.468,15015.618,190.024,3484.562,0,5.706,10745849.637,8.326
12794,278,28998.192,16092.28,65.119,107.517,29.11,3.063,3096536.762,17.4
12795,278,29062.035,15667.512,61.154,131.557,28.039,2.423,1937115.349,12.881
12796,278,32485.35,33077.1,39.402,52.292,25.682,3.421,3862138.719,16.278
12797,278,32845.713,27129.87,58.006,128.408,49.621,6.258,12922754.496,19.384
12798,278,33443.546,26800.25,3.605,37.541,40.324,2.835,2653137.224,6.023
12799,278,34220.073,28271.883,150.273,982.714,0,2.302,1749135.887,10.706
12800,278,35522.858,29531.015,6.052,44.822,35.763,4.708,7314416.128,6.458
12801,278,36028.428,27872.051,75.069,257.802,17.722,3.183,3343411.939,11.577
12802,278,37175.843,26689.14,134.051,731.117,0,1.972,1283290.678,10.855
12803,279,9946.247,38887.308,19.057,49.058,87.145,5.615,10403783.787,10.431
12804,279,10417.318,39259.067,26.509,59.998,98.045,4.781,7544688.425,11.117
12805,279,10641.445,33060.177,171.569,1772.917,0,3.345,3693656.28,9.543
12806,279,10675.697,33395.513,57.658,107,60.493,2.076,1422033.294,13.173
12807,279,10673.975,34854.105,144.663,2094.769,0,4.613,7023734.86,7.569
12808,279,10699.995,35093.359,168.149,2897.852,0,6.202,12695254.244,8.276
12809,279,10706.05,35334.558,144.156,2208.08,0,4.719,7347695.815,7.331
12810,279,10685.812,36666.191,123.266,1366.098,35.749,8.325,22869839.929,10.753
12811,279,10958.718,33358.072,4.644,80.657,60.932,4.791,7575297.466,4.307
12812,279,11129.352,34097.423,171.166,1764.425,5.556,4.672,7204367.549,10.713
12813,279,11125.824,37454.271,139.07,1773.25,0,6.21,12727861.462,9.012
12814,279,11193.344,36897.218,169.432,3089.358,0,9.231,28121189.589,9.821
12815,279,11281.357,35321.483,168.194,3063.949,0,4.262,5993801.79,7.023
12816,279,22849.46,29278.958,169.434,1584.191,0,2.943,2857431.597,9.758
12817,279,22802.547,30101.477,153.662,1798.881,0,3.166,3307232.36,8.153
12818,279,23215.322,29870.053,63.645,199.239,39.94,3.129,3231105.023,11.133
12819,279,26720.579,12561.124,4.186,68.023,35.177,2.259,1683975.654,4.226
12820,279,27112.241,12936.481,152.858,2073.058,0,5.288,9226988.585,8.596
12821,279,27118.17,14319.646,9.249,26.856,51.681,6.403,13531895.861,12.212
12822,279,27694.618,13897.631,151.215,1869.211,0,6.007,11910339.192,9.633
12823,279,27783.842,15273.209,185.566,2231.243,0,2.609,2245980.281,8.63
12824,279,27997.959,14471.571,37.534,100.817,46.835,2.984,2938069.537,9.383
12825,279,28299.888,15007.107,206.697,3801.928,0,4.888,7886173.462,8.296
12826,279,28403.712,15936.698,7.813,20.033,41.863,2.196,1591437.501,9.111
12827,279,29029.286,15618.715,32.152,57.823,30.072,4.844,7742894.332,14.183
12828,279,32416.921,33120.284,118.487,555.052,0,1.799,1068552.478,10.91
12829,279,32828.301,27102.688,123.566,998.647,19.133,5.934,11621755.496,11.382
12830,280,9905.418,39288.509,144.44,1518.537,0,5.526,10076673.304,10.099
12831,280,9952.461,38932.015,63.101,245.422,76.587,4.87,7827057.296,11.301
12832,280,10399.088,39273.878,7.66,49.797,81.46,6.245,12872073.017,7.043
12833,280,10653.914,32922.461,36.686,35.723,40.034,2.078,1425637.607,16.09
12834,280,10711.542,35170.657,177.572,3063.811,0,5.904,11501702.789,8.41
12835,280,10712.773,35549.27,79.049,271.201,57.712,6.165,12542143.027,16.56
12836,280,10691.755,36656.949,177.427,4036.532,0,8.125,21786233.93,7.963
12837,280,10949.142,33311.44,66.003,271.308,50.165,3.319,3634635.704,9.689
12838,280,10955.773,33631.109,63.27,158.85,52.057,2.125,1490462.854,11.551
12839,280,11106.259,34030.397,68.257,103.529,54.153,2.1,1455093.307,16.45
12840,280,11119.957,37376.393,156.305,2150.893,0,4.6,6982465.045,8.216
12841,280,11198.041,36885.845,126.051,1072.501,42.197,5.821,11183772.382,10.996
12842,280,11302.744,35229.767,187.563,3433.309,0,3.483,4004303.663,7.143
12843,280,11357.948,36271.208,4.613,48.266,57.734,6.976,16057724.268,7.055
12844,280,21518.47,30500.244,33.731,36.538,31.424,2.11,1468942.348,14.605
12845,280,21815.903,29939.756,52.506,112.727,58.06,2.775,2541004.69,12.382
12846,280,22817.316,29293.263,170.799,1481.349,0,2.202,1599792.614,9.679
12847,280,22749.9,30190.053,62.988,140.522,44.177,4.301,6105941.251,16.102
12848,280,23231.911,29112.014,69.093,193.59,26.594,1.67,920361,10.886
12849,280,23234.149,29877.854,2.619,14.454,57.382,2.749,2493220.448,10.804
12850,280,23951.966,28868.777,103.931,438.837,8.282,2.273,1705306.306,11.229
12851,280,26748.829,12617.628,108.855,341.827,41.206,2.86,2699092.521,14.917
12852,280,26720.867,13199.266,4.291,79.666,61.51,4.357,6265937.272,4.223
12853,280,27145.968,12967.563,98.137,624.467,41.887,3.972,5207365.629,9.726
12854,280,27122.719,14334.8,16.914,27.513,45.396,3.314,3624884.174,11.445
12855,280,27516.391,14931.99,149.427,1719.116,0,3.424,3869166.841,8.247
12856,280,27672.162,13899.368,50.923,106.727,57.647,2.392,1887759.957,11.879
12857,280,27758.388,15280.939,8.118,46.672,59.997,5.031,8354331.074,6.807
12858,280,32438.325,33172.279,152.373,838.657,0,6.259,12926412.379,18.831
12859,280,32807.364,27119.323,75.108,251.002,36.844,3.459,3948164.309,12.141
12860,280,33462.022,26759.07,128.767,843.287,0,2.758,2509718.099,10.156
12861,281,9839.917,39361.508,6.665,41.417,46.81,4.673,7206213.301,6.902
12862,281,9925.116,38960.243,4.788,53.603,81.857,8.479,23724974.106,7.28
12863,281,10469.086,39210.281,41.965,103.947,76.321,5.142,8725418.492,12.903
12864,281,10640.16,33047.559,201.364,2544.963,0,5.504,9998327.946,11.178
12865,281,10588.009,33415.027,57.13,101.467,55.434,2.28,1715868.394,13.807
12866,281,10641.271,34772.284,127.503,1647.261,0,4.467,6587231.633,7.46
12867,281,10714.996,35797.333,166.38,2650.595,0,2.9,2774458.881,7.005
12868,281,10673.262,36672.675,188.833,4360.333,0,1.95,1254590.465,5.881
12869,281,10914.82,38189.026,132.405,1357.377,0,6.156,12507924.275,10.185
12870,281,11096.637,37502.009,141.758,1930.192,0,3.983,5236258.134,7.465
12871,281,11114.671,33989.018,11.039,35.607,53.453,7.451,18321547.04,11.43
12872,281,11153.09,36898.371,50.073,97.251,91.087,5.162,8793886.381,17.301
12873,281,11352.148,35238.922,6.355,17.997,98.581,7.671,19421408.006,17.855
12874,281,21802.398,29910.555,125.965,1523.858,0,5.723,10807576.091,8.434
12875,281,22762.87,30119.516,152.135,1590.75,0,3.404,3822940.884,8.836
12876,281,22851.44,29301.676,164.784,1566.386,0,2.572,2183130.515,9.232
12877,281,23173.144,29145.295,247.707,3490.459,0,5.072,8490510.004,11.533
12878,281,23202.897,29850.644,35.967,41.79,57.51,2.713,2428144.426,15.551
12879,281,26669.736,13228.377,158.755,1784.761,0,5.121,8655731.614,9.938
12880,281,26719.771,12647.795,4.746,25.066,56.006,5.641,10501609.209,10.465
12881,281,27154.898,12956.274,111.866,1440.432,0,5.296,9256090.758,7.263
12882,281,27586.81,15113.201,57.579,55.99,53.303,0.909,272698.661,16.772
12883,281,27722.451,13925.631,5.601,25.168,63.868,7.825,20207216.777,13.212
12884,281,27803.888,15368.533,110.835,1062.835,0,3.178,3332181.749,7.612
12885,281,28430.57,16015.65,61.011,133.592,25.111,1.662,912053.432,11.773
12886,281,32864.461,27127.38,145.977,1320.272,0,3.255,3496640.564,9.331
12887,281,33461.677,26774.182,95.027,228.739,25.132,3.228,3439062.317,17.31
12888,281,35756.778,26282.024,132.796,907.818,0,2.671,2354212.643,10.001
12889,281,35759.436,26560.538,2.702,32.488,37.628,3.568,4200842.684,6.881
12890,281,35974.495,24685.633,63.462,185.56,39.762,2.19,1582705.953,10.623
12891,282,9966.004,38947.126,57.616,138.407,79.98,5.39,9586914.91,16.338
12892,282,10322.089,38130.775,165.74,2523.235,0,7.148,16861508.555,9.612
12893,282,10431.785,39184.671,69.822,209.923,75.826,7.042,16365359.371,18.508
12894,282,10641.177,33375.392,7.306,51.504,63.333,5.307,9294369.07,6.341
12895,282,10689.627,33976.651,168.358,2189.878,0,1.521,763250.93,7.399
12896,282,10679.509,34869.846,215.571,3886.975,0,4.001,5283841.009,8.111
12897,282,10695.236,35161.503,144.866,1152.693,42.353,4.522,6749522.654,11.319
12898,282,10755.839,35796.789,239.18,5457.854,0,7.297,17573900.8,9.391
12899,282,10644.592,36642.215,5.923,73.602,94.29,7.29,17540344.524,5.423
12900,282,10881.09,38237.274,8.826,12.364,57.521,3.031,3032523.729,14.475
12901,282,10963.483,33257.301,135.077,1408.64,0,4.72,7354084.041,9.087
12902,282,11105.333,37515.458,46.912,81.216,66.989,1.955,1261224.358,12.277
12903,282,11134.359,36885.942,158.451,3554.537,0,5.778,11018385.415,6.458
12904,282,11295.841,35028.649,179.171,2786.656,0,5.584,10289529.343,8.899
12905,282,21763.342,29993.072,8.354,36.182,59.689,5.723,10809662.415,8.753
12906,282,21868.329,30603.056,156.618,1508.567,0,3.527,4105932.522,9.572
12907,282,22796.862,29303.389,39.593,65.833,39.15,4.144,5667416.315,15.166
12908,282,23235.27,29878.644,60.519,169.548,58.929,4.106,5563186.172,12.942
12909,282,24180.773,29159.993,124.297,877.989,0,5.189,8885460.301,11.816
12910,282,26491.815,13175.693,35.954,49.314,43.863,5.105,8601117.779,19.095
12911,282,26748.001,12547.059,90.954,349.261,20.173,4.369,6299756.281,13.748
12912,282,27013.537,14097.206,60.045,83.488,40.628,1.37,619721.567,14.735
12913,282,27089.37,12996.019,220.439,4532.176,0,3.654,4405352.953,7.406
12914,282,27548.59,15010.831,72.765,227.909,37.645,7.219,17197458.819,18.756
12915,282,27650.965,13832.926,108.638,785.033,22.245,3.393,3799355.628,9.087
12916,282,27826.825,15377.811,60.19,207.36,42.932,3.901,5021838.811,10.91
12917,282,28180.105,14861.958,125.753,1433.684,0,7.159,16914516.189,9.787
12918,282,28381.299,16016.005,189.869,2189.914,0,3.849,4888351.154,9.887
12919,282,28991.057,16103.604,134.818,939.942,0,3.8,4766555.897,11.037
12920,282,29040.54,15681.213,6.114,42.127,36.623,4.839,7728725.586,6.819
12921,282,33438.146,26818.606,45.248,62.039,37.675,2.368,1850858.629,14.687
12922,282,35802.251,30551.584,133.494,830.205,0,3.141,3257572.111,11.109
12923,282,35860.114,29980.095,112.302,722.544,0,5.867,11360727.027,12.573
12924,282,35886.179,24839.215,0.667,6.282,55.284,7.566,18890856.029,42.333
12925,282,37147.113,25368.111,116.079,457.12,0,4.988,8212332.786,17.285
12926,283,10281.279,38160.377,54.435,120.752,64.967,4.964,8132958.687,15.987
12927,283,10487.572,39195.477,15.226,81.971,86.502,5.706,10746108.979,6.208
12928,283,10720.331,33366.207,6.741,59.633,57.267,2.515,2086895.182,4.817
12929,283,10693.595,34917.068,71.109,145.943,69.915,6.499,13938181.294,24.647
12930,283,10745.22,35517.065,55.305,85.431,80.841,6.196,12670593.083,25.442
12931,283,10720.36,35801.431,96.337,803.406,35.539,2.625,2273285.476,7.403
12932,283,10707.896,36284.943,145.158,2017.173,0,4.059,5437066.332,7.513
12933,283,10682.836,36632.901,148.617,2840.854,0,8.805,25587304.039,8.321
12934,283,10743.829,38732.532,195.681,2582.27,0,2.41,1916669.81,8.32
12935,283,10924.664,33281.563,109.749,338.71,46.055,4.354,6256671.066,18.563
12936,283,11083.254,37480.229,117.93,1846.234,0,6.195,12666672.64,6.959
12937,283,11327.543,35301.071,189.348,3979.503,0,5.474,9890301.057,7.443
12938,283,21680.653,30640.887,221.337,2237.72,0,3.705,4529498.278,11.81
12939,283,22800.43,30079.44,2.137,63.46,34.121,2.721,2442561.813,4.358
12940,283,23228.484,29169.694,55.572,59.573,37.463,2.787,2564148.093,20.77
12941,283,23278.143,29851.479,6.397,19.375,55.97,4.559,6859818.828,11.813
12942,283,24173.639,29211.438,69.27,137.447,26.015,2.117,1479496.527,13.997
12943,283,26801.703,12555.404,9.558,48.425,35.757,6.115,12340571.603,7.564
12944,283,27119.777,14322.639,4.15,52.6,45.098,8.185,22108268.433,7.145
12945,283,27512.375,14907.893,151.994,1519.538,0,6.396,13500587.978,11.731
12946,283,27624.138,13817.577,137.024,1298.993,0,7.226,17231901.357,12.136
12947,283,27814.011,15386.668,186.162,2513.477,0,2.621,2266391.117,8.086
12948,283,28166.47,14946.917,193.275,2812.675,0,6.503,13954134.346,10.615
12949,283,28481.731,15973.021,189.187,2132.358,0,4.191,5797117.7,10.322
12950,283,33452.587,26818.353,178.415,1717.178,0,5.865,11352371.854,13.001
12951,283,34158.207,28323.329,9.964,58.663,33.728,3.03,3030699.711,5.431
12952,283,35876.544,28435.73,97.088,548.145,0,2.771,2533630.76,9.446
12953,283,35927.683,24739.552,29.472,50.691,56.611,6.784,15190023.606,17.674
12954,283,37150.401,26657.955,112.125,493.127,0,1.342,594555.449,10.613
12955,284,9945.007,38940.353,68.263,216.207,76.474,5.403,9634868.654,14.681
12956,284,10320.639,37996.868,4.977,58.603,66.051,10.873,39014672.696,7.976
12957,284,10490.543,39168.111,180.407,3429.223,0,6.366,13374290.151,8.197
12958,284,10720.71,35153.037,151.84,2553.002,0,4.48,6623264.356,7.028
12959,284,10704.154,35723.562,183.918,3240.699,0,8.143,21884754.697,9.983
12960,284,10690.539,36652.746,174.778,3313.898,0,4.189,5791302.766,6.982
12961,284,10911.112,33222.797,41.207,55.338,61.913,2.827,2637498.733,15.17
12962,284,10882.161,38322.137,4.644,51.064,63.826,4.166,5727415.126,5.537
12963,284,11067.685,37476.423,159.68,2519.827,0,5.4,9624708.142,8.037
12964,284,11114.133,36909.516,190.018,3499.364,0,3.717,4559366.634,7.271
12965,284,11260.062,35009.022,88.624,389.31,60.255,3.085,3140364.399,10.77
12966,284,11353.9,35839.628,3.494,40.679,76.689,2.634,2289911.018,5.665
12967,284,21778.51,29877.021,198.369,2547.126,0,6.459,13769017.376,11.885
12968,284,22865.447,29283.522,135.955,1167.865,0,4.966,8137451.966,10.68
12969,284,22842.717,30087.06,126.699,1109.291,0,5.361,9485948.068,10.382
12970,284,23962.458,28969.95,150.422,996.745,0,1.904,1196811.815,10.293
12971,284,24193.924,29214.79,108.279,574.76,0,4.471,6596619.47,12.34
12972,284,27079.1,12949.852,150.64,2040.435,0,7.097,16623040.276,9.753
12973,284,27517.623,14924.033,64.952,149.77,37.377,1.289,548288.282,11.433
12974,284,27825.923,15377.946,112.35,1211.662,0,3.655,4410495.166,7.358
12975,284,27979.546,14613.692,117.572,737.356,17.644,4.389,6355941.126,11.479
12976,284,28449.46,16019.867,142.504,1082.028,0,3.088,3147634.659,10.127
12977,284,29105.206,15708.491,123.69,760.995,0,2.926,2825456.979,10.461
12978,284,33000.316,27348.206,148.006,1200.081,0,6.532,14082306.003,13.739
12979,284,33536.459,26842.654,95.111,456.197,10.741,1.616,862166.882,9.457
12980,284,34113.185,28361.155,56.844,46.666,39.906,3.925,5084646.169,32.06
12981,284,35799.416,26131.311,51.878,70.54,33.736,5.193,8900914.682,23.911
12982,284,35768.236,30554.383,158.203,1107.503,0,4.307,6120706.771,12.923
12983,284,35976.396,24839.982,72.309,151.326,57.598,2.943,2857718.291,15.411
12984,284,36437.599,27545.961,103.562,578.891,0,3.981,5230492.02,10.999
12985,285,9930.696,38962.691,7.383,45.315,93.899,4.662,7171693.852,6.61
12986,285,10308.082,38064.558,168.021,2467.95,0,6.951,15943515.499,9.833
12987,285,10265.004,39500.533,66.258,172.198,46.298,4.038,5380543.632,14.347
12988,285,10677.696,33427.43,49.693,92.928,52.097,4.186,5781546.21,15.723
12989,285,10711.521,34796.305,186.741,2687.974,0,6.673,14694866.054,10.577
12990,285,10715.561,35169.939,83.701,295.025,51.229,4.109,5573093.894,13.451
12991,285,10725.476,35638.322,175.39,2911.567,0,2.644,2307183.908,6.956
12992,285,10717.576,36237.274,8.339,58.472,75.6,4.813,7644342.725,5.788
12993,285,10695.917,36599.091,246.941,6193.393,0,4.554,6843405.178,7.421
12994,285,10882.416,38335.08,99.97,375.673,35.356,3.69,4494278.229,13.776
12995,285,10981.055,33181.701,124.171,1083.462,0,3.697,4511517.232,8.948
12996,285,11074.723,37485.718,138.017,1990.917,0,2.391,1886192.562,6.528
12997,285,11280.282,34879.799,8.083,86.533,79.726,6.578,14279981.167,4.917
12998,285,11341.212,35203.983,35.328,62.975,93.173,4.912,7961682.273,14.965
12999,285,11316.675,35780.703,188.525,3042.839,0,4.08,5494756.406,8.046
13000,285,21646.164,30659.731,122.695,754.757,0,3.806,4780519.647,11.309
13001,285,21779.671,29944.991,208.603,4170.157,0,3.516,4078998.504,7.228
13002,285,22856.068,29302.822,150.701,1395.587,0,3.15,3273947.593,9.296
13003,285,22800.523,30166.537,4.873,33.413,46.736,5.996,11866237.136,8.675
13004,285,23444.661,29713.152,171.895,1817.519,0,3.359,3723885.406,9.427
13005,285,24162.54,29201.786,6.415,38.599,39.212,3.745,4628117.584,6.677
13006,285,26630.726,13190.447,7.988,17.397,54.631,3.524,4098494.353,11.775
13007,285,27079.835,12914.896,39.184,64.938,72.619,5.179,8851860.262,17.201
13008,285,27527.215,14925.11,60.533,166.565,34.861,3.862,4923393.877,12.764
13009,285,27601.885,13760.651,10.811,56.791,36.8,4.8,7604010.845,6.378
13010,285,27841.355,15334.34,61.069,138.752,60.703,5.268,9159600.635,17.512
13011,285,28397.187,15921.73,7.77,55.198,45.338,2.397,1896903.663,5.127
13012,285,29043.575,16089.692,122.521,786.237,0,2.695,2396979.097,9.934
13013,285,33029.656,26447.39,150.553,1076.274,0,4.717,7343552.162,12.824
13014,285,34019.584,28307.054,41.79,32.748,35.158,3.132,3236834.137,23.927
13015,285,35919.445,24801.259,7.187,48.084,59.89,6.379,13426734.413,7.203
13016,286,9969.951,38938.545,168.209,3648.792,0,7.662,19371612.468,7.709
13017,286,10276.68,38114.105,169.109,2907.193,0,3.63,4348967.289,7.037
13018,286,10490.066,39189.704,152.772,2711.629,0,8.798,25547701.383,8.999
13019,286,10612.849,33429.09,95.053,281.29,56.104,4.182,5771185.595,16.886
13020,286,10727.22,34836.375,219.339,4771.652,0,2.573,2184753.959,6.74
13021,286,10704.279,36626.154,156.957,3270.583,0,1.9,1190761.053,5.634
13022,286,10781.979,35166.838,47.78,82.873,79.902,2.864,2707453.532,13.744
13023,286,10753.036,35727.722,147.735,2193.74,0,4.686,7245897.095,7.582
13024,286,10712.971,36095.862,240.786,4735.572,0,2.499,2060494.705,7.486
13025,286,10928.444,38075.613,215.951,3503.321,0,1.642,890230.773,7.531
13026,286,11134.277,36907.816,247.797,8079.583,0,6.519,14025433.091,7.049
13027,286,11306.198,35165.295,113.469,1216.363,28.433,2.925,2822860.764,7.119
13028,286,21765.098,29966.876,208.827,3985.515,0,6.682,14734431.961,9.287
13029,286,21749.134,30627.229,78.026,111.369,36.706,3.157,3289492.927,22.159
13030,286,22847.342,30102.912,141.231,1195.473,0,3.666,4435104.843,9.868
13031,286,22950.973,29266.618,188.804,2227.098,0,4.891,7894085.661,10.627
13032,286,23493.811,29689.574,59.279,129.617,51.099,3.869,4940572.234,14.911
13033,286,23980.816,28916.627,67.005,104.585,27.22,2.164,1545753.047,16.125
13034,286,24081.902,29214.044,58.306,81.258,34.241,2.259,1684301.09,16.303
13035,286,26559.867,13118.713,2.697,33.867,53.56,3.556,4172225.372,6.691
13036,286,27047.602,12938.91,40.785,100.659,58.866,6.392,13483859.969,14.492
13037,286,27632.25,13825.365,102.734,845.48,0,3.951,5151941.993,8.435
13038,286,27820.792,15359.816,146.639,1765.284,0,6.467,13802682.082,9.964
13039,286,28437.299,15124.587,137.987,737.288,26.638,4.403,6398293.109,14.468
13040,286,28955.046,15519.387,8.968,25.972,46.557,3.143,3259835.791,8.792
13041,286,28961.993,16160.433,7.974,26.496,37.256,4.874,7839270.32,10.081
13042,286,32791.125,27144.189,36.425,37.12,48.183,2.852,2683896.4,17.521
13043,286,33040.138,26401.268,2.347,47.848,35.419,2.679,2369164.181,5.107
13044,286,33530.819,26857.187,57.75,73.472,36.458,2.677,2364275.724,18.409
13045,286,34753.96,28520.454,98.823,496.19,0,3.972,5208006.227,11.484
13046,286,35850.018,24775.739,110.376,413.728,33.776,2.379,1868429.765,12.649
13047,287,9921.136,38958.985,2.416,85.642,105.692,7.197,17093024.814,4.552
13048,287,10494.057,39187.414,170.909,3333.555,0,4.922,7993864.679,7.067
13049,287,10665.334,34822.367,46.135,124.657,73.271,6.898,15703528.69,15.14
13050,287,10754.738,35730.286,222.372,4485.918,0,4.19,5795140.383,7.798
13051,287,10721.578,36334.156,72.868,206.992,57.386,2.794,2575583.082,12.371
13052,287,10717.044,36655.993,177.113,3179.493,0,6.919,15800249.523,8.766
13053,287,10784.992,36046.031,334.844,9238.217,0,5.951,11688531.134,9.451
13054,287,10915.378,38288.948,183.412,2782.775,0,4.027,5351872.425,8.197
13055,287,11139.807,36859.619,250.888,9130.434,0,8.865,25933295.29,7.554
13056,287,11195.294,37298.767,37.46,41.864,85.286,4.55,6832483.513,21.393
13057,287,11282.21,35006.481,58.602,228.806,57.143,4.165,5724758.507,10.105
13058,287,11281.741,35777.096,123.943,965.477,26.445,7.608,19102466.429,13.605
13059,287,11341.465,35390.24,158.894,2436.281,0,6.059,12115299.72,8.563
13060,287,21718.347,30603.823,178.579,1727.037,0,3.563,4189028.09,10.412
13061,287,21770.728,29954.951,175.314,2742.661,0,5.6,10348620.588,8.74
13062,287,22279.806,30388.554,111.575,393.754,19.025,3.421,3863077.691,15.016
13063,287,22926.456,30070.565,108.806,981.165,0,5.727,10824924.93,9.424
13064,287,23162.194,29158.109,131.597,1430.896,0,4.299,6100081.883,8.415
13065,287,23439.551,29680.515,3.273,90.803,54.657,3.554,4168595.595,3.726
13066,287,26599.859,13380.752,135.331,1184.907,0,4.247,5953701.016,9.864
13067,287,26986.447,12964.813,184.058,2906.733,0,6.996,16150896.463,9.993
13068,287,27154.628,14360.739,153.967,1669.79,0,6.376,13417700.113,11.103
13069,287,27435.719,14804.013,11.256,29.683,46.368,3.622,4328524.241,9.095
13070,287,27621.926,13846.905,65.754,175.041,37.927,6.194,12661628.052,17.968
13071,287,27837.352,15381.784,97.575,601.282,29.136,3.049,3067482.638,9.175
13072,287,28469.447,15980.658,41.576,35.712,37.155,3.274,3536902.424,22.773
13073,287,28872.118,16087.462,8.577,20.631,33.542,3.876,4957169.647,11.063
13074,287,28994.368,15559.853,95.452,638.391,8.817,5.317,9331255.899,10.359
13075,287,33519.252,26857.392,134.938,924.378,7.9,3.999,5276493.872,11.395
13076,287,33892.667,28328.486,103.426,475.265,10.781,1.324,578314.998,9.932
13077,287,34157.947,28798.849,4.023,30.694,34.123,5.408,9652001.971,8.62
13078,287,35036.696,29354.349,4.229,16.734,46.104,4.328,6182013.752,12.23
13079,287,35681.346,26767.855,150.736,1256.488,0,4.828,7691381.075,11.587
13080,287,35759.016,26080.286,5.415,59.207,33.995,5.191,8894218.625,5.459
13081,287,35802.261,24666.789,147.208,1258.698,0,2.45,1980518.267,9.129
13082,288,9961.06,38945.813,83.587,517.134,68.594,5.45,9801205.172,10.148
13083,288,10338.761,38025.916,198.28,3305.415,0,6.454,13744437.932,9.723
13084,288,10545.237,33467.905,136.312,1427.301,0,5.593,10323224.596,9.778
13085,288,10487.22,39186.871,159.384,3121.867,0,9.11,27388157.246,8.776
13086,288,10685.973,34774.257,46.392,81.39,69.858,3.033,3034894.311,13.72
13087,288,10699.513,35163.049,140.016,1919.646,0,5.399,9617975.472,8.109
13088,288,10715.438,35806.957,97.753,617.46,41.104,7.65,19312290.371,13.502
13089,288,10655.149,36636.507,41.978,90.434,74.997,2.903,2780474.134,11.239
13090,288,10902.499,33237.791,147.558,1632.01,0,3.735,4604991.742,8.578
13091,288,10918.781,34140.167,54.27,102.16,52.254,4.634,7086047.439,17.457
13092,288,10891.795,38239.103,7.367,17.813,66.249,3.602,4280921.482,11.478
13093,288,11070.632,37515.389,43.092,43.773,80.967,3.201,3381736.829,20.121
13094,288,11356.609,35444.13,7.587,35.273,79.075,7.386,18002313.929,10.114
13095,288,21788.473,29925.323,105.041,641.071,44.479,3.179,3335291.143,9.741
13096,288,21753.966,30616.833,153.134,1284.577,0,2.771,2534707.738,9.682
13097,288,22341.866,30366.066,58.793,133.972,48.083,3.128,3228594.028,13.168
13098,288,23151.461,29114.199,164.834,2394.427,0,4.12,5602859.857,7.934
13099,288,23414.323,29759.305,200.989,2983.511,0,4.732,7390986.832,9.313
13100,288,23878.212,28919.279,118.611,776.822,0,3.546,4149577.343,10.352
13101,288,26522.045,13063.946,167.016,1501.38,0,4.452,6541899.386,11.375
13102,288,27084.358,12943.001,161.742,1995.83,0,3.019,3008266.872,8.062
13103,288,27105.935,14293.954,65.917,183.978,36.444,1.37,619133.799,10.432
13104,288,27499.372,14911.114,123.044,1199.961,0,7.95,20859739.865,11.575
13105,288,27877.3,15361.065,98.699,279.988,48.717,4.409,6416073.843,18.48
13106,288,28436.311,15961.998,121.807,874.574,0,3.172,3320014.536,9.602
13107,288,28998.018,15614.88,137.597,862.908,17.164,2.468,2009949.925,10.579
13108,288,32503.723,26111.125,125.334,700.034,0,2.305,1752979.094,10.595
13109,288,32723.247,27079.843,56.018,88.97,36.229,1.692,944290.724,13.663
13110,288,33057.914,26461.435,74.099,236.19,25.656,1.715,970620.95,10.519
13111,288,33523.327,26831.383,128.695,998.358,0,2.632,2286238.898,9.072
13112,288,33931.744,28373.132,65.693,101.014,29.698,1.259,523315.29,14.364
13113,288,34205.43,28802,134.276,802.245,0,2.727,2455129.7,10.997
13114,288,34844.274,28586.048,141.899,919.323,0,3.578,4225134.456,11.741
13115,288,35918.884,24566.199,8.262,34.84,34.838,2.898,2771910.86,6.995
13116,288,35930.503,28402.73,35.422,70.436,24.344,1.827,1101500.665,9.985
13117,288,36317.09,25817.762,92.042,307.555,25.651,2.409,1914622.172,12.254
13118,288,37134.775,26617.566,174.86,1039.285,0,1.61,855511.654,11.633
13119,289,9940.818,38941.21,32.34,97.181,91.594,6.903,15724719.717,11.64
13120,289,10353.631,38060.636,204.463,3814.059,0,7.071,16499653.982,9.574
13121,289,10511.891,39170.606,67.676,272.795,72.9,6.184,12622049.883,13.047
13122,289,10692.354,34763.902,78.575,236.883,73.51,3.114,3199846.196,12.886
13123,289,10689.44,36679.728,146.386,2172.14,0,4.996,8238571.708,7.698
13124,289,10737.779,35980.727,238.303,5158.84,0,4.029,5356713.039,7.704
13125,289,10952.918,38239.421,5.923,33.228,58.191,3.388,3787979.49,7.063
13126,289,11045.783,37520.126,3.699,31.776,66.714,4.797,7593953.966,7.893
13127,289,11125.7,36886.354,11.303,56.864,96.068,6.358,13342120.71,7.281
13128,289,11325.121,35119.586,0.994,28.43,79.742,5.819,11173385.45,9.179
13129,289,11289.871,35785.801,36.035,44.249,65.315,5.065,8464925.095,20.851
13130,289,11361.842,35383.515,134.452,1681.759,0,5.683,10658531.157,8.585
13131,289,21751.986,29965.265,47.665,131.496,66.928,5.69,10684603.32,13.454
13132,289,21784.877,30605.953,206.637,2224.809,0,2.3,1745335.207,9.585
13133,289,22919.519,29217.199,140.128,1105.795,0,5.839,11250246.872,12.61
13134,289,23304.179,29122.054,141.947,1543.929,0,3.761,4667713.567,8.48
13135,289,23441.663,29739.676,78.248,282.855,44.104,4.017,5325986.091,12.515
13136,289,26541.6,13092.903,108.938,841.306,0,4.279,6043353.636,9.357
13137,289,27082.466,12904.462,160.823,2297.499,0,4.268,6010971.365,7.977
13138,289,27527.433,14913.459,155.968,1681.584,0,5.507,10007463.648,10.453
13139,289,27696.85,13998.423,52.281,82.546,50.755,1.991,1308838.906,13.725
13140,289,28440.541,15956.681,85.068,289.3,17.854,3.53,4111487.276,13.062
13141,289,28491.15,15104.771,138.248,1342.557,0,5.306,9292765.953,10.185
13142,289,28927.527,15508.336,120.094,839.928,0,6.968,16024944.822,13.706
13143,289,32691.168,32966.071,118.616,460.693,0,1.271,533230.727,11.639
13144,289,32777.099,27084.527,123.097,787.9,0,5.905,11506310.943,13.565
13145,289,32996.173,26461.31,92.005,439.916,8.637,3.554,4168378.66,10.894
13146,289,33513.567,26898.277,10.939,24.766,38.413,4.154,5693671.245,10.833
13147,289,33974.097,28341.227,66.791,121.115,39.595,2.354,1829300.858,14.976
13148,289,34196.304,28810.333,147.728,1117.112,0,3.017,3004882.646,10.316
13149,289,35695.524,26750.207,159.438,1371.142,0,5.763,10959855.389,12.904
13150,289,35752.12,24696.839,60.542,116.228,34.359,2.821,2626803.635,14.493
13151,289,36161.769,25799.634,210.187,2524.697,0,3.736,4605889.296,10.184
13152,290,9980.936,38910.174,53.636,140.94,77.443,3.354,3711534.381,11.652
13153,290,10210.924,39458.343,160.442,1717.842,0,5.048,8408663.018,10.303
13154,290,10314.163,37966.111,28.385,63.96,70.408,4.855,7777494.468,11.455
13155,290,10498.178,39187.731,79.892,379.709,62.13,3.265,3518991.11,9.793
13156,290,10703.317,34761.542,0.033,12.208,72.549,4.335,6201319.952,15.071
13157,290,10736.917,35227.692,160.035,3084.212,0,3.368,3744517.602,6.284
13158,290,10760.411,32981.346,173.015,1659.911,0,5.428,9723223.361,12.213
13159,290,10880.871,38237.178,9.011,58.904,60.333,3.148,3271441.559,5.304
13160,290,10922.667,33334.442,73.169,131.47,56.73,0.6,118737.515,13.202
13161,290,11101.961,37473.609,157.505,2458.227,0,3.404,3822927.713,7.061
13162,290,11107.408,36900.382,305.774,10147.581,0,1.95,1254876.911,6.25
13163,290,11278.014,35035.808,193.282,3136.662,0,5.421,9697325.741,8.99
13164,290,11328.664,35412.314,83.512,407.111,45.935,3.708,4537863.871,10.281
13165,290,21725.237,30641.598,120.766,738.365,5.327,3.134,3242161.225,10.547
13166,290,22264.527,30406.309,146.207,1229.228,0,2.375,1861603.104,9.136
13167,290,23118.772,29124.64,8.392,44.613,48.12,4.142,5660979.976,6.605
13168,290,23353.847,29159.565,100.856,443.078,36.042,1.318,572856.356,10.042
13169,290,23435.216,29758.126,89.324,286.543,40.836,2.758,2510442.796,12.836
13170,290,23923.187,28893.059,6.853,22.858,39.831,3.925,5084069.984,9.816
13171,290,26548.602,13090.253,93.42,489.718,25.891,6.713,14871303.452,13.981
13172,290,26750.08,12555.696,115.108,714.414,0,3.339,3678628.798,10.329
13173,290,27091.46,14275.38,67.601,145.383,31.76,2.64,2299634.844,13.976
13174,290,27918.872,15395.418,3.157,48.642,57.548,4.831,7701828.869,5.84
13175,290,28402.991,16002.266,8.394,43.414,36.2,5.673,10621326.705,7.614
13176,290,28527.897,15154.255,72.847,212.219,36.646,3.189,3356344.541,12.708
13177,290,28930.633,16142.342,75.849,231.386,16.151,2.139,1509656.886,11.321
13178,290,32708.637,27077.543,54.215,34.952,35.392,2.924,2821456.404,31.213
13179,290,32956.988,26484.051,7.845,21.344,38.212,2.206,1605457.833,8.782
13180,290,33537.005,26869.046,129.484,1111.01,0,4.362,6277788.089,9.81
13181,290,33946.753,28288.396,111.41,487.232,25.277,1.928,1227059.38,11.09
13182,290,34224.246,28867.254,77.377,155.104,24.608,1.627,873383.463,13.947
13183,290,35659.307,26757.046,105.719,586.85,0,2.291,1732114.408,9.647
13184,290,35748.399,24791.877,103.536,528.994,11.522,1.951,1255753.871,9.76
13185,291,9999.818,38961.095,3.243,40.537,84.158,5.283,9209512.246,6.864
13186,291,10319.2,38083.451,4.77,51.62,71.012,8.105,21681210.717,7.302
13187,291,10467.881,39203.114,162.017,3239.127,0,4.572,6898550.61,6.592
13188,291,10688.581,32973.288,158.719,1465.651,0,5.158,8781525.459,11.504
13189,291,10725.023,35232.722,118.928,898.623,45.946,7.608,19100064.613,13.506
13190,291,10715.448,35703.837,92.83,446.888,41.766,3.748,4635876.759,11.111
13191,291,10705.8,36744.549,30.774,37.823,83.871,3.151,3276627.8,14.99
13192,291,10772.196,35962.352,174.309,2736.251,0,2.849,2679376.804,7.234
13193,291,10919.715,38272.634,161.149,2291.486,0,7.807,20116584.417,10.422
13194,291,11040.068,37521.839,5.115,46.739,75.285,6.373,13403517.253,6.977
13195,291,11227.887,34468.602,49.272,86.503,54.961,2.775,2540835.739,13.694
13196,291,11296.647,35804.551,144.222,1764.422,0,5.97,11762972.886,9.358
13197,291,21796.065,29924.889,166.961,2023.709,0,3.757,4657608.782,8.751
13198,291,23120.826,29120.289,5.355,49.712,38.738,6.131,12403121.397,6.58
13199,291,23421.284,29099.95,162.264,1538.7,0,3.793,4747222.796,10.118
13200,291,23803.096,29500.251,162.74,1479.268,0,5.097,8574860.211,11.783
13201,291,27143.839,12955.379,129.814,1926.493,0,6.071,12165600.986,7.637
13202,291,27197.622,14400.92,8.759,49.489,46.21,1.415,660840.903,5.363
13203,291,27501.676,14916.787,80.286,288.045,30.057,2.765,2523570.186,11.224
13204,291,27611.909,13807.493,160.328,2001.379,0,6.256,12916818,10.177
13205,291,27861.354,15405.03,84.106,279.438,38.86,1.087,390225.026,10.508
13206,291,28483.807,15133.56,154.603,1626.053,0,5.343,9423110.243,10.431
13207,291,28923.964,15530.307,196.469,1843.989,0,1.809,1079544.264,9.735
13208,291,32957.503,26480.607,4.518,33.184,38.396,3.868,4938354.934,7.151
13209,291,33601.623,26959.609,3.323,33.22,31.21,2.967,2905740.045,6.519
13210,291,33999.645,28321.977,119.441,651.535,21.979,2.562,2166379.391,10.688
13211,291,34199.982,28826.022,67.45,127.609,23.456,3.022,3014388.898,16.03
13212,291,35745.228,24748.332,193.799,1851.617,0,2.472,2017221.368,10.044
13213,291,36114.933,25960.968,142.887,1291.375,0,5.259,9127839.096,10.942
13214,291,36340.179,25872.016,83.344,278.198,21.856,4.116,5591644.007,13.971
13215,292,9949.415,38954.544,51.768,141.192,85.62,3.822,4820377.344,11.702
13216,292,10314.743,38034.04,111.344,609.362,40.548,5.512,10027875.607,13.688
13217,292,10563.78,33498.882,183.094,2412.255,0,3.19,3358237.331,8.435
13218,292,10455.739,39163.226,178.261,4044.844,0,6.503,13961422.704,7.233
13219,292,10731.628,35248.487,122.944,784.105,62.153,4.952,8094039.957,12.366
13220,292,10668.225,38842.082,132.724,974.549,23.943,6.196,12670414.439,13.249
13221,292,10800.676,32959.114,5.132,56.217,44.207,4.439,6502351.611,5.35
13222,292,10777.337,34931.497,188.988,3420.994,0,4.722,7357157.783,7.815
13223,292,10798.471,36079.084,3.955,43.604,64.611,8.334,22919201.415,8.369
13224,292,10935.626,38175.907,182.409,2592.679,0,4.971,8156479.342,9.157
13225,292,10944.228,33340.685,196.34,2071.121,27.974,3.121,3213970.049,10.054
13226,292,11259.521,35053.313,77.317,209.26,65.615,2.317,1772346.929,12.532
13227,292,11316.308,35705.288,89.237,329.263,40.833,3.261,3509270.19,12.354
13228,292,21546.272,30103.423,124.069,571.038,20.206,2.351,1824163.512,11.897
13229,292,21836.705,29926.477,6.433,15.193,68.282,3.877,4960408.171,13.063
13230,292,22284.555,30342.658,139.802,1142.999,0,8.509,23893926.919,15.544
13231,292,22829.468,29312.147,37.186,26.057,34.485,1.975,1286684.745,19.815
13232,292,23123.754,29161.493,82.456,113.571,31.87,1.548,790550.667,17.926
13233,292,23342.347,29812.155,107.713,195.61,33.589,1.8,1069389.834,18.317
13234,292,23436.027,29119.572,5.997,22.86,50.27,6.073,12170902.597,12.157
13235,292,26576.58,13017.982,42.923,67.81,47.644,3.292,3577250.716,14.685
13236,292,26581.928,12667.124,124.859,1155.853,0,2.407,1912315.897,7.931
13237,292,27117.531,12958.797,11.571,68.856,53.132,4.372,6307061.708,5.607
13238,292,27198.31,14399.759,8.881,38.266,47.274,4.579,6918290.858,7.711
13239,292,27494.046,14904.449,109.072,898.989,0,4.909,7952214.398,9.426
13240,292,27641.162,13841.611,5.28,39.072,68.158,2.488,2043107.357,5.92
13241,292,27921.055,15441.708,181.63,2185.223,0,6.867,15563592.691,12.108
13242,292,28071.933,14560.706,9.289,33.974,42.429,2.895,2766639.085,7.316
13243,292,28519.861,15124.716,6.603,34.911,64.346,5.951,11687756.505,8.716
13244,292,32961.174,26445.731,2.125,34.229,33.571,2.628,2279935.668,6.169
13245,292,34150.171,27744.355,47.378,68.314,30.71,1.644,891434.5,13.302
13246,292,35776.538,24777.511,174.874,1576.639,0,3.226,3433523.237,10.433
13247,292,35880.635,25960.275,120.4,712.573,10.326,3.72,4568057.308,11.373
13248,292,36340.806,25720.807,52.666,73.865,30.721,3.932,5103507.403,19.658
13249,292,36346.642,27312.89,131.191,809.667,0,2.235,1647948.716,10.19
13250,293,10306.287,38038.279,86.127,477.693,38.429,6.938,15883356.231,12.836
13251,293,10457.289,39234.145,123.046,1649.924,13.395,8.164,21996792.072,9.128
13252,293,10632.379,33461.783,82.808,253.332,50.086,2.307,1756931.6,12.058
13253,293,10699.962,34777.273,53.341,119.633,73.246,6.806,15285932.23,19.236
13254,293,10757.065,35131.109,192.209,3794.897,0,8.138,21854599.637,9.44
13255,293,10731.261,35325.018,175.976,3054.275,0,6.468,13805300.032,8.663
13256,293,10679.194,36680.492,66.397,243.898,69.017,2.372,1856668.271,9.638
13257,293,10682.563,38837.731,187.608,2357.789,0,3.832,4846183.009,9.258
13258,293,10877.404,33281.404,6.785,37.851,68.677,2.305,1753769.009,6.158
13259,293,10958.844,38195.402,122.632,1284.933,0,4.006,5296956.654,8.078
13260,293,11113.936,37404.554,70.354,199.11,46.889,3.666,4434752.159,13.403
13261,293,11107.018,36928.58,192.825,4116.686,0,5.613,10396716.6,7.521
13262,293,11281.898,34879.245,3.366,47.688,69.453,5.531,10093995.693,6.247
13263,293,11301.197,35147.588,176.794,2961.624,0,8.013,21191783.558,9.983
13264,293,11275.563,35438.969,6.166,55.509,75.019,5.257,9120580.294,5.826
13265,293,11289.901,35796.313,75.804,239.039,50.221,6.906,15737222.079,18.625
13266,293,21818.371,29933.011,71.895,140.356,57.276,3.174,3325577.5,16.659
13267,293,23087.111,29151.307,117.643,788.094,0,5.934,11621536.765,12.689
13268,293,23439.468,29076.143,3.011,26.834,52.62,3.967,5193646.041,8.14
13269,293,23437.999,29676.441,6.767,45.624,42.331,3.639,4371271.562,6.008
13270,293,26546.3,12984.22,64.547,98.977,49.58,5.483,9920224.495,26.058
13271,293,26592.547,12673.992,126.074,1126.189,0,5.825,11195941.782,10.605
13272,293,27122.363,12920.604,181.914,2684.938,0,4.119,5599860.876,8.356
13273,293,27516.6,14871.036,143.953,1672.1,0,4.312,6137355.527,8.538
13274,293,27703.842,13990.713,79.799,228.889,36.149,4.965,8134219.244,16.843
13275,293,27905.215,15438.306,40.695,87.111,52.629,4.769,7506646.823,13.649
13276,293,28497.986,15177.441,147.97,1633.767,0,3.114,3199242.94,8.232
13277,293,28857.115,15572.993,91.461,174.798,33.215,3.559,4179124.221,21.098
13278,293,29007.812,16165,115.841,611.775,0,3.394,3801410.813,11.599
13279,293,33066.603,26477.611,133.657,1029.77,0,3.761,4668775.786,10.223
13280,293,33472.609,26928.36,135.876,927.447,0,2.555,2153595.01,10.049
13281,293,35846.129,25798.48,138.791,1240.699,0,3.11,3192236.422,9.015
13282,294,9950.028,38940.148,125.413,1440.125,24.701,4.328,6180686.641,7.895
13283,294,10319.223,38079.171,8.316,55.141,70.952,5.77,10987597.126,6.439
13284,294,10474.522,39251.579,73.45,203.057,70.09,3.573,4212936.53,13.848
13285,294,10599.598,33555.216,162.65,995.926,45.188,4.21,5847819.416,14.394
13286,294,10712.587,36105.631,156.133,2054.134,0,6.537,14104102.192,9.81
13287,294,10685.974,36694.177,135.341,2274.733,0,4.98,8183717.887,6.742
13288,294,10784.953,34861.177,241.945,4828.178,0,5.832,11225642.299,9.377
13289,294,10920.148,38195.079,173.993,2687.36,0,5.396,9609246.819,8.642
13290,294,10956.971,33299.152,222.837,3968.13,0,7.689,19512766.233,11.117
13291,294,11124.384,36925.998,160.176,3147.161,0,7.478,18453792.79,7.915
13292,294,11128.94,37416.44,175.561,2538.46,0,6.941,15901334.812,10.278
13293,294,11271.527,35210.37,78.562,220.911,73.409,2.416,1925972.393,12.478
13294,294,11313.459,35613.541,95.737,474.014,53.61,2.627,2276713.511,10.034
13295,294,21782.636,29995.964,70.357,198.689,57.269,5.65,10533362.223,16.893
13296,294,23202.517,29129.44,7.267,24.658,44.269,3.135,3243369.956,8.658
13297,294,23464.828,29730.041,149.788,1289.264,0,3.812,4795205.924,10.265
13298,294,23523.001,29038.467,7.883,51.997,40.544,4.439,6503724.307,6.016
13299,294,26541.196,12710.625,75.561,225.533,38.278,1.761,1023707.361,11.07
13300,294,26539.833,13085.281,148.043,1844.839,0,4.227,5895300.77,8.248
13301,294,26721.091,13517.328,9.364,32.46,41.152,6.063,12130611.643,10.17
13302,294,27044.341,14237.829,3.459,24.37,49.816,5.704,10737281.946,10.514
13303,294,27104.025,12929.134,138.954,1557.377,0,4.462,6571979.539,8.643
13304,294,27483.513,14789.278,29.522,33.834,53.239,3.833,4847310.709,17.148
13305,294,27643.303,13913.749,67.314,87.571,43.732,4.301,6105669.615,26.016
13306,294,27835.053,15411.311,52.439,115.926,49.602,3.644,4383254.783,13.404
13307,294,28501.497,15175.489,168.586,1804.877,0,4.895,7906542.711,10.525
13308,294,28936.247,16160.016,48.076,70.748,38.946,3.201,3381594.451,16.182
13309,294,32629.304,26457.435,61.156,156.627,25.454,2.433,1953119.524,11.554
13310,294,33072.989,26426.357,110.903,691.623,0,3.326,3650946.528,10.053
13311,294,33534.691,26900.177,127.77,896.323,5.898,3.518,4084055.81,10.343
13312,294,34024.071,28357.192,147.965,1216.768,0,4.204,5833765.649,10.888
13313,294,34131.73,27752.356,85.465,249.615,25.161,2.073,1417570.32,12.327
13314,294,34798.065,28579.313,109.536,432.333,6.313,4.572,6899049.764,15.719
13315,294,35835.949,25437.536,5.663,36.32,37.663,2.292,1733860.805,6.146
13316,294,35892.301,24766.613,137.525,1091.729,0.238,1.714,969552.002,8.754
13317,294,36262.573,25997.949,45.297,45.523,36.048,2.797,2581607.332,19.465
13318,295,9940.504,38932.668,143.865,2267.546,0,5.331,9377175.959,7.473
13319,295,10333.752,38061.726,170.677,2223.186,0,5.967,11749422.461,10.078
13320,295,10718.059,35377.534,125.354,1357.392,27.905,7.351,17834489.478,10.311
13321,295,10728.999,35705.42,95.213,554.488,44.011,1.92,1216785.339,8.656
13322,295,10675.359,38913.48,128.579,1196.357,0,7.297,17572570.848,11.8
13323,295,10963.786,33359.857,4.889,38.439,64.478,5.009,8280873.419,7.173
13324,295,10959.404,38111.427,144.548,1680.464,0,2.474,2020248.288,7.581
13325,295,11089.167,37398.159,246.337,5353.101,0,4.232,5911515.948,7.956
13326,295,11292.371,35691.563,204.373,3821.863,0,4.214,5860899.284,7.774
13327,295,11323.931,35378.165,189.865,3201.081,0,4.651,7138333.832,8.176
13328,295,21712.993,29982.198,32.514,56.425,60.842,4.553,6841420.48,14.155
13329,295,22219.865,30372.458,168.376,1538.656,0,4.669,7194973.72,11.544
13330,295,23134.055,29132.214,143.653,1355.712,0,4.303,6109889.62,9.794
13331,295,26559.07,12957.322,6.103,50.703,71.577,5.585,10293314.855,6.341
13332,295,26622.268,13398.336,124.379,1233.481,0,2.231,1643216.214,7.542
13333,295,27108.261,12929.567,136.226,1075.204,14.828,3.426,3874180.896,9.891
13334,295,27168.368,14352.786,142.896,1447.584,0,3.377,3762468.498,8.659
13335,295,27440.982,14719.524,5.907,58.217,47.224,5.584,10289383.819,5.731
13336,295,27688.798,13977.359,140.266,1501.259,0,4.724,7364280.66,9.155
13337,295,27812.584,15345.643,196.954,2816.264,0,3.629,4346022.675,8.65
13338,295,28318.637,15500.59,48.519,58.905,53.434,3.407,3831004.224,19.355
13339,295,28413.476,15040.19,133.603,1237.21,0,5.308,9298160.082,10.295
13340,295,28427.023,15331.153,138.338,1423.872,0,2.43,1948175.041,7.91
13341,295,28934.948,16126.713,68.165,178.223,38.878,3.345,3692184.584,13.391
13342,295,31003.484,34805.566,87.395,281.388,0.059,3.555,4170183.363,13.854
13343,295,33054.46,26457.303,156.969,1220.21,0,1.636,882765.176,9.46
13344,295,33521.998,26883.719,6.367,60.447,43.544,3.299,3592026.707,4.92
13345,295,34041.941,28349.04,143.876,901.87,0,3.819,4813744.687,12.432
13346,295,34171.496,27720.601,130.563,871.671,0,3.017,3003545.036,10.349
13347,295,34807.768,28548.694,74.096,172.038,18.788,1.981,1295659.029,12.974
13348,295,35986.625,24637.261,9.386,23.016,36.02,2.786,2561327.417,9.288
13349,295,36318.635,26721.097,5.546,22.983,32.801,3.844,4875819.198,9.38
13350,295,36319.947,25999.375,1.336,48.288,33.148,3.697,4510956.53,5.346
13351,295,36403.426,27518.345,7.459,35.832,33.471,2.255,1677849.202,6.437
13352,295,37155.718,26639.877,142.291,647.42,0,4.241,5937136.979,16.397
13353,296,9946.883,38909.576,129.741,2001.188,0,8.943,26393827.375,8.963
13354,296,10476.75,39198.648,80.736,300.14,64.88,6.252,12899451.693,15.886
13355,296,10580.055,33439.529,95.768,213.76,46.346,2.471,2015613.154,16.45
13356,296,10720.445,35299.167,143.019,2104.613,0,5.678,10641091.761,7.985
13357,296,10744.973,36735.445,242.631,6666.597,0,8.343,22971960.783,8.846
13358,296,10688.886,38886.642,72.639,122.361,43.598,3.42,3861054.459,19.407
13359,296,10964.359,33438.708,4.248,20.527,69.602,3.759,4663441.22,9.805
13360,296,11158.416,37371.45,153.817,2400.972,0,5.524,10070441.315,7.965
13361,296,11372.878,35548.249,63.573,180.31,62.537,4.979,8181485.628,14.575
13362,296,21701.919,29969.096,150.434,2203.643,0,5.548,10159465.315,8.213
13363,296,23153.993,29121.489,196.083,2098.746,0,7.574,18932684.862,15.075
13364,296,23779.288,29493.271,61.788,133.234,35.054,3.615,4311789.018,14.962
13365,296,23997.158,28878.273,9.129,25.217,34.996,4.245,5947613.342,10.143
13366,296,26715.66,13457.979,167.629,1683.595,0,7.407,18104948.632,13.785
13367,296,27092.64,12900.405,130.73,1345.658,0,5.364,9495932.359,9.441
13368,296,27117.606,14336.214,129.005,953.775,13.712,4.768,7502703.743,11.271
13369,296,27656.959,13971.649,73.295,255.617,45.609,3.76,4665943.255,11.989
13370,296,27798.906,15358.852,143.264,1721.596,0,8.424,23417705.651,11.403
13371,296,28253.714,15679.731,45.396,44.469,45.212,2.057,1396122.969,17.556
13372,296,28982.794,16175.501,143.378,1165.998,0,5.017,8307822.469,11.594
13373,296,33147.285,26495.99,98.602,166.27,35.735,3.212,3403815.305,23.185
13374,296,33606.743,26963.531,7.418,16.611,43.258,5.858,11324477.574,16.168
13375,296,33999.527,28322.288,7.654,48.745,30.315,3.717,4559840.083,5.929
13376,296,35799.061,25947.228,210.398,1972.542,0,3.924,5081014.345,12.296
13377,296,35986.17,24534.709,154.613,1402.173,0,2.859,2698228.888,9.349
13378,296,36349.919,25966.658,124.584,726.72,0,3.718,4561982.874,11.744
13379,296,36448.425,27572.162,99.063,531.55,0,5.906,11511290.181,13.268
13380,297,9999.348,38878.816,3.548,66.192,82.206,9.159,27681888.995,6.292
13381,297,10348.032,38056.531,142.94,2098.415,0,5.588,10304237.966,7.946
13382,297,10441.459,39234.008,55.61,173.94,68.726,4.63,7075716.445,12.003
13383,297,10579.187,33441.366,173.121,2333.151,0,3.078,3127435.696,7.988
13384,297,10753.722,34848.948,196.453,3174.411,0,5.599,10344535.697,9.247
13385,297,10735.233,35341.889,217.108,4614.732,0,5.626,10444480.945,8.183
13386,297,10739.102,35631.17,214.436,4215.716,0,3.962,5180580.427,7.633
13387,297,10736.258,35865.456,171.652,2781.575,0,6.029,11996614.464,8.668
13388,297,10639.61,38878.175,9.378,67.131,47.862,4.67,7196895.143,5.408
13389,297,10991.721,33356.687,39.271,111.862,62.765,2.714,2430074.989,9.013
13390,297,11194.957,37359.065,70.536,230.278,62.872,3.188,3353073.404,11.549
13391,297,11181.592,36823.659,194.468,3614.278,0,4.225,5890619.868,7.57
13392,297,11280.076,34771.792,171.581,2716.542,0,4.022,5337941.905,7.65
13393,297,21765.446,30017.193,79.02,183.665,72.838,4.006,5295243.198,17.461
13394,297,23003.187,29972.165,141.341,1031.799,0,2.488,2042773.548,9.822
13395,297,23158.872,29165.306,116.155,713.425,0,3.552,4163776.669,10.666
13396,297,23428.311,29767.087,159.588,1549.553,0,6.186,12629593.686,12.222
13397,297,24028.965,28868.103,86.241,240.011,20.887,4.669,7195014.879,17.589
13398,297,26545.171,12780.518,228.206,2925.592,0,2.399,1899483.496,9.232
13399,297,26712.014,13492.757,186.972,2052.232,0,5.776,11011440.567,12.066
13400,297,27039.984,12880.386,2.428,46.211,50.953,4.238,5926557.15,5.745
13401,297,27123.32,14308.188,28.777,35.305,52.433,4.485,6639276.723,17.648
13402,297,27661.796,13989.184,144.483,2040.27,0,4.101,5549792.789,7.436
13403,297,27847.651,15354.468,165.179,2010.803,0,5.876,11396398.713,10.273
13404,297,28358.15,14959.9,2.071,27.301,46.638,4.714,7335032.044,8.563
13405,297,28832.367,15495.104,81.411,252.431,23.238,2.474,2019408.042,12.047
13406,297,28880.691,16141.861,52.919,107.667,46.522,2.58,2197425.891,12.596
13407,297,32639.195,26482.958,6.002,57.455,28.518,3.237,3458890.003,5.011
13408,297,33147.361,26523.505,147.517,943.531,0,1.869,1152714.746,10.362
13409,297,34043.089,28340.869,94.923,315.297,13.625,2.674,2360303.027,12.894
13410,297,35669.667,26824.791,31.827,37.312,34.138,3.341,3682611.617,16.126
13411,297,36402.808,27596.295,5.672,52.571,29.739,1.706,960789.144,4.884
13412,298,9922.994,38960.954,3.136,56.51,91.703,4.908,7948317.027,5.313
13413,298,10348.629,37955.076,167.759,2386.297,0,6.455,13751555.2,9.688
13414,298,10453.054,39189.742,191.888,3617.701,0,7.112,16692343.241,9.086
13415,298,10687.119,32989.109,157.24,1502.611,0,4.544,6816211.605,10.538
13416,298,10701.97,35794.109,108.287,922.352,32.397,4.583,6931313.263,8.937
13417,298,10677.334,36661.29,168.215,3000.836,0,4.495,6667688.957,7.219
13418,298,10800.824,34886.09,5.471,53.576,75.466,8.854,25872641.764,7.597
13419,298,10991.855,33377.871,135.479,1773.783,0,4.925,8003978.498,7.923
13420,298,10970.379,38054.552,36.157,46.305,53.161,3.476,3988167.012,16.203
13421,298,11184.742,36904.259,26.873,35.703,85.921,4.989,8215000.233,17.315
13422,298,11178.541,37355.659,238.881,4398.87,0,3.719,4565175.964,8.368
13423,298,11279.161,34718.043,6.192,55.163,79.654,8.169,22021207.829,7.202
13424,298,11360.249,35683.12,8.427,63.186,70.448,9.795,31661876.036,7.722
13425,298,21756.196,29918.396,4.975,20.841,76.087,5.621,10425415.442,12.171
13426,298,26565.391,13024.967,92.125,446.392,42.151,5.869,11367064.921,13.589
13427,298,27122.518,12977.066,201.374,2435.643,0,4.342,6221817.22,10.395
13428,298,27642.669,13974.337,164.903,2052.105,0,3.796,4754555.828,8.563
13429,298,27681.845,15221.133,135.952,1297.376,0,3.041,3051652.86,8.513
13430,298,27840.143,15441.091,3.342,62.103,53.448,4.751,7449016.542,4.963
13431,298,28407.963,15100.044,140.563,1267.215,0,3.689,4491247.543,9.459
13432,298,28878.155,16161.398,4.92,32.55,33.013,1.976,1288238.45,6.324
13433,298,33156.25,26555.155,100.108,310.294,17.011,2.72,2442043.256,14.019
13434,298,33697.215,27073.142,116.847,771.585,0,3.966,5190197.318,10.594
13435,298,35659.333,26803.858,52.406,120.714,33.254,3.265,3518638.018,12.466
13436,299,9965.195,38894.271,56.503,165.674,81.022,11.227,41599450.716,23.396
13437,299,10450.501,39257.578,67.49,206.957,63.945,1.78,1046136.641,10.31
13438,299,10640.033,33919.761,6.396,79.258,45.463,4.803,7613456.879,4.519
13439,299,10633.01,37051.795,36.461,70.91,54.308,2.564,2169695.178,10.929
13440,299,10699.407,34789.144,149.399,2086.409,0,3.453,3934681.88,7.34
13441,299,10728.204,35717.925,183.01,3069.913,0,6.123,12370794.13,8.907
13442,299,10650.597,36642.612,59.6,84.879,75.081,4.645,7120051.85,23.339
13443,299,10959.173,38082.316,2.867,31.904,52.793,5.628,10454103.491,8.392
13444,299,11185.986,37325.312,104.297,630.164,62.301,7.061,16455124.885,13.974
13445,299,11187.696,36858.086,176.063,3289.822,0,4.868,7821531.915,7.382
13446,299,11293.483,34771.9,67.811,169.213,66.06,3.734,4600862.498,14.459
13447,299,11280.488,35199.985,0.316,31.179,76.461,0.81,216295.549,5.878
13448,299,11343.601,35548.147,35.272,65.486,78.613,2.855,2689092.077,11.455
13449,299,21788.136,29932.613,50.525,65.458,73.625,1.794,1061803.803,14.882
13450,299,21919.128,30566.979,7.161,41.823,51.016,4.514,6723938.608,6.858
13451,299,26713.736,13482.644,6.222,14.789,49.236,4.758,7471850.662,14.953
13452,299,27039.351,12877.438,5.034,39.202,52.005,5.085,8532671.369,7.14
13453,299,27075.608,14268.345,144.842,1425.422,0,6.29,13055955.19,11.348
13454,299,27677.078,13960.093,53.007,140.79,47.706,2.71,2423602.724,10.782
13455,299,27744.064,15189.129,173.333,1768.195,0,4.766,7497453.608,10.983
13456,299,28877.853,16146.362,119.94,599.74,21.549,2.93,2833571.639,11.726
13457,299,28973.572,15626.892,241.152,3155.925,0,4.094,5530601.592,10.883
13458,299,32720.456,33122.732,7.489,50.1,16.295,2.065,1406861.081,5.29
13459,299,33717.941,27073.559,125.564,915.352,3.241,4.393,6367355.9,10.792
13460,299,35526.496,30497.715,38.346,68.266,38.463,1.423,668350.127,10.602
13461,299,35689.038,26789.138,146.689,1267.654,5.787,4.294,6084110.991,10.544
13462,299,35836.827,26159.057,4.163,34.208,38.323,4.401,6390995.922,7.289
13463,299,36435.731,27550.05,35.762,50.467,33.35,1.668,918188.46,12.043
13464,300,9988.271,38891.556,73.749,282.912,55.543,2.469,2011890.486,10.003
13465,300,10321.724,37998.785,4.083,36.399,78.278,6.272,12981774.526,8.191
13466,300,10479.365,39280.365,1.867,97.439,83.911,6.457,13761101.067,3.994
13467,300,10560.121,33439.49,3.588,76.911,54.873,4.158,5706882.984,4.227
13468,300,10722.93,35234.717,165.504,2798.906,0,5.205,8941607.466,7.747
13469,300,10733.662,35965.534,174.534,2838.621,0,6.051,12083734.982,8.761
13470,300,10742.677,36707.923,24.455,52.189,90.251,7.042,16367036.037,14.331
13471,300,10960.852,33366.507,8.891,40.054,67.533,2.327,1786444.127,6.302
13472,300,11144.711,37400.421,157.963,2248.363,3.32,3.902,5023606.479,7.714
13473,300,11206.43,36788.321,68.256,191.561,73.049,3.825,4827916.221,13.478
13474,300,11243.541,34784.726,60.13,130.045,63.868,2.968,2907598.569,13.559
13475,300,11315.323,35710.444,164.08,2427.675,0,6.901,15718178.584,9.572
13476,300,21744.956,29906.966,153.387,2170.55,0,4.642,7110339.45,7.992
13477,300,23393.242,29155.812,34.992,52.629,37.393,2.197,1593227.165,12.158
13478,300,23964.958,28863.496,141.573,865.054,0,4.876,7847865.897,14.037
13479,300,26557.936,13117.408,7.779,37.818,52.48,1.727,984734.262,6.112
13480,300,26664.845,13467.609,52.256,103.704,42.798,2.765,2523390.77,12.993
13481,300,27043.118,14237.854,7.524,66.19,50.779,6.062,12128483.251,5.645
13482,300,27154.712,12938.186,197.368,3318.198,0,5.574,10252169.329,9.001
13483,300,27392.364,14720.778,30.69,31.627,45.762,2.435,1957506.874,15.297
13484,300,27690.127,13943.67,138.743,1405.517,0,3.374,3757118.148,8.505
13485,300,27839.046,15360.289,8.377,41.584,51.657,3.676,4458307.104,6.669
13486,300,28878.111,15598.728,4.201,45.434,35.982,6.034,12013814.876,6.813
13487,300,33756.654,27049.963,7.124,37.653,41.953,3.449,3924952.678,6.747
13488,300,34791.56,28522.503,107.122,501.637,1.829,1.612,857072.454,10.193
13489,300,34857.062,29788.678,108.302,580.595,0,3.016,3001911.952,10.621
13490,300,35681.886,26800.891,3.656,40.597,36.952,1.703,956603.175,5.419
13491,300,35804.149,25997.976,182.044,1736.604,0,4.638,7099705.483,11.791
13492,300,36412.412,25962.386,104.683,597.697,0,2.033,1363901.939,9.269
13493,300,36408.951,27561.005,133.783,797.614,0,4.951,8087955.568,13.83
13494,300,37176.348,26628.862,82.183,96.392,19.129,1.008,335342.586,18.212
13495,301,9998.203,38884.003,7.311,59.426,67.277,7.164,16936397.402,6.536
13496,301,10474.443,33452.758,81.43,278.515,36.098,3.984,5238233.99,13.314
13497,301,10460.105,39209.918,59.997,103.903,62.22,3.741,4617541.418,17.597
13498,301,10616.84,32946.823,109.412,532.379,11.522,4.046,5401966.136,12.658
13499,301,10631.628,33891.024,125.039,546.659,30.775,5.867,11360099.147,18.642
13500,301,10732.158,34907.338,168.128,2654.475,0,10.571,36876982.492,12.034
13501,301,10718.457,35243.06,71.779,136.053,65.518,3.133,3239527.36,16.902
13502,301,10692.901,36677.98,123.986,1907.514,0,6.206,12709806.872,7.285
13503,301,10641.832,38882.357,3.558,49.836,50.913,3.394,3802427.165,5.263
13504,301,10904.486,33388.996,41.92,77.398,68.322,6.14,12440792.214,18.233
13505,301,11088.534,34191.016,46.817,63.785,47.234,3.38,3770772.689,17.322
13506,301,11173.647,37378.491,67.148,368.331,81.17,6.665,14659594.149,10.637
13507,301,11280.212,35741.986,53.539,101.14,68.799,6.784,15188840.505,22.333
13508,301,11367.747,35224.576,165.702,2134.904,0,3.383,3777286.796,8.161
13509,301,21758.795,29921.525,5.918,53.897,53.123,3.781,4718250.303,5.361
13510,301,21840.243,30559.97,1.358,42.239,38.678,3.582,4235151.169,5.765
13511,301,23918.098,28875.818,7.771,47.91,26.655,2.886,2749607.208,5.701
13512,301,26524.108,13090.072,149.492,1361.807,0,3.717,4558495.522,9.792
13513,301,26627.357,13467.18,75.802,280.706,23.841,6.335,13242567.539,15.35
13514,301,27121.582,12954.029,9.863,53.028,63.401,6.746,15019111.635,7.502
13515,301,27443.312,14717.122,6.89,43.682,51.663,3.937,5113942.314,6.328
13516,301,27691.302,13972.382,81.93,238.37,28.875,1.995,1313852.114,11.979
13517,301,27708.249,15218.543,0.74,17.545,47.583,8.188,22125047.523,17.441
13518,301,28365.625,14963.493,4.143,18.125,48.463,4.483,6631129.207,11.702
13519,301,28877.332,16169.484,4.595,37.022,30.363,3.669,4442274.74,6.559
13520,301,33487.417,26864.843,134.211,1015.336,0,3.749,4639787.386,10.365
13521,301,33757.928,27048.279,6.587,25.998,42.973,2.733,2464176.954,7.914
13522,301,35839.068,25919.351,1.937,31.59,37.404,3.464,3960217.033,6.895
13523,301,36375.563,27587.212,118.596,919.756,0,4.523,6752636.771,10.065
13524,302,9989.428,38942.077,65.837,198.906,45.266,5.526,10076082.108,15.071
13525,302,10048.359,38687.009,88.235,294.716,37.762,8.774,25406096.048,23.963
13526,302,10435.901,39250.836,161.799,2312.354,0,3.355,3714552.651,7.541
13527,302,10702.67,32989.09,209.718,2416.349,0,4.189,5791731.458,10.901
13528,302,10717.157,34830.829,213.205,3388.881,0,2.149,1524596.53,7.742
13529,302,10688.422,35445.971,27.039,44.043,68.505,2.753,2501261.458,11.323
13530,302,10746.063,36670.002,272.507,6543.484,0,4.572,6897852.021,8.147
13531,302,10752.45,36050.317,72.977,241.132,49.302,2.684,2377061.985,11.113
13532,302,10882.279,35102.496,33.338,69.017,70.077,4.894,7903441.033,12.976
13533,302,10885.051,33398.527,2.115,21.105,69.382,5.208,8952083.51,10.977
13534,302,10902.309,38340.312,43.786,96.712,46.116,3.051,3071273.245,11.447
13535,302,11118.578,34090.964,173.223,1752.587,0,3.625,4336877.914,9.965
13536,302,11173.681,37366.344,140.657,2489.059,0,3.41,3836782.683,6.151
13537,302,11198.072,36865.835,176.134,3980.703,0,4.988,8211597.322,6.575
13538,302,11308.761,34812.037,45.094,76.61,79.052,4.245,5945911.968,16.154
13539,302,11285.84,35242.557,33.923,39.5,74.413,1.137,427000.176,12.543
13540,302,11303.499,35701.95,70.482,190.393,59.9,2.449,1978798.362,12.084
13541,302,21673.784,30000.381,7.881,28.933,66.836,2.786,2560862.536,7.691
13542,302,21938.964,30574.144,62.904,155.466,30.563,4.438,6499097.981,15.123
13543,302,23262.405,29126.895,175.394,1617.257,0,5.252,9103044.882,12.499
13544,302,23438.299,29757.807,5.195,32.184,47.225,4.596,6970722.335,7.899
13545,302,23899.48,28901.727,151.022,1223.336,0,2.94,2851610.635,9.947
13546,302,26558.615,12731.563,53.997,60.256,39.397,3.464,3959099.801,22.214
13547,302,26629.963,13367.495,135.663,1070.315,0,4.408,6413557.313,10.771
13548,302,27115.703,13015.759,187.151,2353.457,0,3.679,4467505.283,9.129
13549,302,27459.05,14715.614,180.855,2129.087,0,2.577,2191825.013,8.591
13550,302,27634.55,13961.406,163.729,1469.151,0,2.668,2349890.907,9.591
13551,302,27901.23,15340.071,180.227,1896.06,0,4.461,6567961.587,10.735
13552,302,28344.27,14980.712,171.16,1640.798,0,5.323,9352738.884,12.003
13553,302,28436.294,15920.527,26.362,44.644,46.046,1.309,565090.153,9.647
13554,302,28931.644,16157.176,132.128,805.498,0,3.547,4151671.219,11.64
13555,302,33185.832,26545.34,65.076,192.537,17.743,3.54,4135088.322,12.221
13556,302,33724.428,27085.039,65.27,172.782,28.22,3.931,5099725.944,13.846
13557,302,34761.191,28522.479,46.267,56.939,32.198,4.556,6850598.579,22.153
13558,302,35446.968,30401.559,47.804,79.705,36.479,4.112,5580526.039,16.639
13559,302,35840.136,26000.457,0.952,40.107,34.935,4.489,6649467.684,6.358
13560,302,35897.519,24738.857,158.377,1172.383,0,3.644,4382511.779,11.606
13561,302,36366.192,27598.173,165.025,1425.583,0,2.748,2491932.875,9.924
13562,303,9919.087,39280.388,5.303,41.958,45.319,6.874,15594752.047,7.915
13563,303,9921.389,38882.365,2.28,56.933,67.276,3.719,4564774.185,4.876
13564,303,10321.784,38124.576,83.545,319.997,57.438,6.165,12542565.023,15.753
13565,303,10493.408,33415.765,52.036,136.564,43.955,3.992,5258150.384,12.277
13566,303,10400.504,39231.694,2.683,30.907,66.264,5.027,8338643.428,8.109
13567,303,10637.037,33877.196,63.883,178.11,39.358,3.653,4402959.244,12.755
13568,303,10719.666,34904.133,170.596,2313.049,0,5.407,9646962.624,9.355
13569,303,10731.028,36684.703,193.215,3716.805,0,7.297,17571227.994,9.114
13570,303,10721.103,35600.518,2.563,52.204,76.917,2.975,2921641.915,4.944
13571,303,10789.417,36033.307,59.194,105.226,70.098,1.957,1264324.308,13.525
13572,303,10926.409,33357.291,52.222,101.891,65.142,5.515,10036568.01,18.457
13573,303,10884.999,38397.707,5.418,40.791,51.724,6.085,12220298.06,7.601
13574,303,11171.575,37346.285,86.512,376.42,67.857,2.296,1739415.415,9.975
13575,303,11308.35,34709.111,120.034,1645.263,12.316,3.405,3825789.001,6.528
13576,303,11325.284,35152.283,227.283,4369.44,0,5.313,9314076.498,8.855
13577,303,11317.316,35662.436,28.852,29.419,69.057,5.93,11605277.874,25.033
13578,303,21745.63,29917.996,127.32,1466.235,0,5.574,10253981.443,8.701
13579,303,21923.986,30529.34,65.963,126.084,36.008,2.477,2024911.735,14.597
13580,303,23518.491,29760.453,6.195,54.245,37.097,5.312,9311940.941,5.946
13581,303,26490.225,12995.205,157.344,1600.909,0,6.443,13699190.392,11.927
13582,303,26561.553,13358.732,1.954,31.733,37.094,4.043,5394695.862,7.225
13583,303,27130.529,14267.603,33.136,76.922,39.292,2.086,1436135.646,9.108
13584,303,27109.435,12977.555,46.498,55.762,47.561,0.778,199969.058,13.494
13585,303,27440.912,14724.912,5.744,42.938,46.324,6.37,13389060.359,7.543
13586,303,27641.418,13965.726,115.734,938.179,0,6.673,14693731.527,11.538
13587,303,28438.58,15027.953,0.339,7.931,42.524,5.826,11200894.887,27.13
13588,303,28438.765,15972.799,144.642,1209.368,0,5.592,10318525.188,12.064
13589,303,32818.127,33067,94.284,319.329,0,2.845,2672612.102,12.926
13590,303,33222.565,26545.164,116.317,732.405,0,3.398,3811084.786,10.355
13591,303,33731.689,27088.505,32.657,27.248,35.213,1.738,996684.673,16.169
13592,303,34802.913,29767.249,6.031,18.556,28.874,4.885,7874864.729,12.589
13593,303,35552.644,30365.38,118.087,299.034,28.768,0.946,295083.933,14.28
13594,303,35818.818,26035.199,143.799,1055.736,0,2.04,1373954.229,9.561
13595,303,36325.243,27717.932,60.828,55.351,34.888,2.305,1754030.907,22.626
13596,304,9872.387,39290.869,146.259,1680.266,0,4.582,6928744.166,8.869
13597,304,9953.56,38969.948,38.7,104.03,78.712,9.232,28129618.976,16.99
13598,304,10325.207,38047.075,163.983,2724.578,0,7.492,18525085.063,9.144
13599,304,10439.55,39226.818,51.982,139.969,61.095,2.932,2836461.361,10.812
13600,304,10554.611,33012.272,146.938,1185.38,0,4.085,5507681.459,10.861
13601,304,10656.051,38921.247,90.218,470.847,24.488,2.271,1701800.799,9.157
13602,304,10762.877,35279.132,35.409,43.79,70.671,2.156,1534163.518,13.744
13603,304,10759.621,35967.695,76.893,287.156,63.354,3.335,3670091.316,11.278
13604,304,10960.127,33358.856,4.965,71.816,66.585,3.699,4515758.889,4.406
13605,304,10960.156,33989.094,6.045,34.268,56.665,2.804,2594595.464,6.636
13606,304,11141.514,36895.399,74.895,230.879,91.576,2.202,1599841.548,11.24
13607,304,11155.552,37432.822,64.886,252.326,78.08,5.228,9019987.911,11.904
13608,304,11282.325,34762.933,106.004,408.095,59.007,7.545,18788175.294,21.792
13609,304,11292.375,35085.743,48.509,105.47,65.167,3.052,3074669.431,12.16
13610,304,11320.16,35593.206,70.733,131.578,64.174,5.229,9024570.669,22.807
13611,304,23333.576,29166.086,128.993,1126.906,0,2.041,1374139.969,8.17
13612,304,23430.091,29840.146,8.836,34.866,49.623,3.013,2995639.025,7.171
13613,304,26509.692,13079.319,66.597,134.786,38.629,2.425,1940563.493,14.043
13614,304,27119.04,14297.168,60.676,77.223,38.489,4.016,5321914.423,23.568
13615,304,27162.2,12971.262,142.881,1525.609,0,1.82,1093490.358,7.642
13616,304,27716.819,13895.522,205.767,2473.372,0,4.965,8134753.798,11.219
13617,304,28241.933,14955.273,5.608,56.36,46.169,2.51,2078838.374,4.85
13618,304,28509.947,15893.034,166.045,1485.471,2.936,3.573,4213428.468,10.468
13619,304,35449.076,30405.39,157.12,1079.702,0,5.042,8389143.916,14.109
13620,304,35616.76,29708.321,158.81,1132.446,0,1.51,752708.31,9.904
13621,304,35798.445,25365.504,2.858,14.931,34.24,3.181,3338448.93,11.214
13622,305,9959.049,38917.578,135.614,2287.694,0,6.091,12243001.954,7.203
13623,305,10316.373,38084.237,7.679,89.103,75.633,6.226,12791093.378,4.673
13624,305,10287.204,39487.432,104.991,545.283,21.272,7.384,17991280.562,16.422
13625,305,10420.311,39249.045,37.279,71.74,63.77,6.005,11899367.702,16.325
13626,305,10683.087,36681.142,174.628,3360.422,0,4.729,7379401.34,7.142
13627,305,10629.976,38902.472,166.727,2086.228,0,5.669,10605793.261,9.963
13628,305,10702.235,35994.265,136.167,1041.47,44.837,6.153,12493253.861,13.027
13629,305,10927.75,33356.902,78.664,317.896,50.496,6.642,14558037.342,15.131
13630,305,11150.984,36818.309,171.99,3893.695,0,4.954,8099614.534,6.458
13631,305,11100.79,37341.277,264.311,6360.626,0,4.15,5685005.926,7.75
13632,305,11277.941,34717.952,3.492,39.528,79.545,3.779,4714066.86,6.228
13633,305,11302.628,35409.714,154.562,1989.459,0,4.96,8118777.26,8.762
13634,305,11310.948,35773.015,198.017,3059.325,0,4.403,6398500.524,8.747
13635,305,21518.392,30439.787,44.752,82.204,42.944,4.057,5431367.992,14.804
13636,305,21970.905,30506.366,170.718,1342.664,9.781,2.798,2583071.208,10.784
13637,305,23299.292,29159.385,156.987,1745.095,8.694,2.557,2158332.367,8.184
13638,305,23466.49,29758.058,67.397,76.685,29.387,2.575,2188462.687,21.539
13639,305,26478.615,13120.499,8.589,71.732,39.603,3.792,4746579.007,4.826
13640,305,27136.626,12928.11,155.995,1554.417,0,7.312,17642579.778,12.994
13641,305,27200.288,14400.873,1.519,39.78,49.393,2.306,1754997.728,5.524
13642,305,27696.768,13980.403,66.037,141.505,34.264,2.942,2855625.254,14.355
13643,305,28166.829,15613.91,95.495,324.414,30.464,1.644,891651.394,11.514
13644,305,28499.25,15170.869,46.725,96.961,38.776,2.21,1611263.715,11.268
13645,305,28576.224,15998.293,62.388,101.484,31.221,2.552,2148978.763,15.915
13646,305,32759.832,33191.41,120.314,459.318,0,3.314,3623425.802,14.739
13647,305,34241.199,27922.632,7.428,23.495,32.294,3.544,4144187.361,9.379
13648,305,35767.765,25340.531,59.073,104.148,27.679,3.69,4493859.222,17.073
13649,305,35816.287,25941.391,168.793,1386.237,0,5.284,9215711.896,13.312
13650,305,36046.008,28026.606,129.604,749.345,0,4.612,7020740.043,13.34
13651,306,9949.405,38950.122,61.118,171.791,54.928,2.849,2677924.677,11.355
13652,306,10099.308,38658.968,124.54,328.939,42.231,3.407,3831135.715,20.069
13653,306,10328.547,38121.185,168.498,2877.535,0,6.347,13293358.017,8.427
13654,306,10468.241,39214.509,26.078,68.049,63.949,5.691,10687912.069,10.866
13655,306,10639.735,33445.82,78.542,222.135,43.6,2.869,2716321.188,13.075
13656,306,10712.197,36639.784,8.118,71.141,95.011,4.692,7263799.458,5.027
13657,306,10949.642,33340.881,50.161,91.123,56.748,5.565,10218437.499,19.214
13658,306,11118.611,34053.539,129.123,786.957,29.056,2.537,2123371.283,10.432
13659,306,11167.303,37335.332,64.162,155.184,57.892,7.271,17446898.258,21.518
13660,306,11182.851,36857.851,171.404,3493.892,0,3.945,5137269.311,6.512
13661,306,11321.167,34707.37,143.977,1965.991,0,5.412,9666733.386,8.292
13662,306,11351.791,35085.683,116.174,980.953,19.656,2.827,2638228.536,8.248
13663,306,21590.783,30520.88,73.51,173.273,36.94,4.701,7292746.094,17.997
13664,306,21879.321,29847.996,155.35,1412.853,0,4.432,6483746.134,10.712
13665,306,21951.104,30550.091,136.673,1176.413,0,8.273,22585624.706,14.318
13666,306,23343.323,29186.259,202.007,2240.86,0,5.335,9393491.343,12.166
13667,306,23421.18,29785.136,157.377,1286.501,0,3.3,3594558.639,10.47
13668,306,24024.933,29001.905,124.625,800.62,0,5.144,8732497.086,12.658
13669,306,26480.485,13125.244,5.414,54.716,53.6,4.525,6758563.466,5.506
13670,306,26616.933,13452.868,53.572,155.807,42.969,2.823,2630446.837,10.347
13671,306,27097.282,12917.989,149.855,1743.945,0,7.428,18206665.345,11.221
13672,306,27094.963,14278.466,136.047,1199.626,0,3.414,3847241.853,9.197
13673,306,27695.461,13994.505,137.373,1273.736,0,2.65,2317384.571,8.484
13674,306,28478.972,15159.639,121.372,853.36,0,4.647,7125580.812,11.079
13675,306,32737.429,33213.434,97.143,337.77,0,1.978,1291962.734,11.813
13676,306,32859.571,27095.596,209.268,1888.184,0,2.76,2513057.76,11.178
13677,306,33837.551,27211.092,9.249,19.513,34.616,2.902,2780184.323,10.449
13678,306,34274.171,27831.822,66.688,159.233,32.675,2.504,2069657.18,12.75
13679,306,35681.521,26801.13,5.999,30.967,31.017,2.397,1896226.508,6.835
13680,306,37158.824,26658.173,105.712,414.487,0,1.965,1274749.327,11.52
13681,307,10395.503,38153.923,4.767,55.009,85.506,7.046,16385332.105,6.444
13682,307,10415.668,39238.272,74.819,191.938,50.958,4.906,7942807.165,17.47
13683,307,10617.49,33442.57,204.825,2790.834,0,4.878,7852797.491,10.139
13684,307,10696.879,34831.039,142.727,1787.142,0,6.349,13301386.913,9.401
13685,307,10673.872,36683.401,167.174,3203.18,0,2.933,2838927.07,6.332
13686,307,10954.197,33339.603,50.529,122.049,50.87,5.978,11792429.544,15.977
13687,307,11105.868,37518.448,1.82,27.575,67.414,5.626,10446925.643,9.276
13688,307,11142.892,36911.54,181.638,3844.372,0,10.21,34401382.955,9.795
13689,307,11285.842,34766.248,99.314,471.026,44.793,2.394,1892025.957,10.312
13690,307,11359.695,35681.946,4.538,35.374,70.246,2.946,2863621.313,6.383
13691,307,21570.067,30444.844,128.056,1099.412,0,5.225,9008325.195,10.485
13692,307,22016.386,29672.892,29.579,48.513,39.991,4.732,7390737.34,14.598
13693,307,23257.133,29157.723,129.755,954.688,0,5.026,8337682.218,11.638
13694,307,26637.103,13440.429,5.571,55.487,56.578,4.076,5483432.452,5.321
13695,307,27003.194,12887.503,235.979,3586.978,0,6.183,12617223.121,11.621
13696,307,27081.198,14333.796,49.406,115.394,30.587,2.931,2834192.718,11.554
13697,307,27669.263,13986.125,200.413,2625.576,0,3.59,4252909.197,9.219
13698,307,27850.889,15351.925,148.78,1420.627,0,3.884,4977567.466,9.597
13699,307,28492.243,15156.395,50.722,118.594,41.27,3.233,3449703.792,12.086
13700,307,33690.763,27100.224,141.83,1036.706,0,5.194,8903405.92,12.675
13701,307,34240.69,27765.074,4.628,41.314,42.168,5.162,8792341.646,6.866
13702,307,35678.752,26792.219,5.176,34.219,33.674,2.651,2319424.655,6.452
13703,308,10323.324,38147.06,209.863,3720.661,0,3.815,4803523.379,7.96
13704,308,10452.01,39195.928,53.089,110.497,69.733,3.084,3139382.352,13.175
13705,308,10736.233,34804.693,242.649,4938.134,0,2.676,2363348.455,7.445
13706,308,10719.843,35199.919,3.659,72.582,67.14,5.871,11374754.445,4.807
13707,308,10719.061,35600.516,6.775,69.464,82.631,6.84,15440569.155,5.618
13708,308,10693.924,36599.711,121.851,805.909,40.558,3.149,3271771.215,10.098
13709,308,10732.319,36838.48,174.874,2891.193,0,4.906,7944091.578,7.991
13710,308,10954.021,33337.462,66.475,219.784,53.725,8.659,24743535.524,19.16
13711,308,10987.694,34453.669,148.282,2005.35,0,10.261,34748187.668,12.12
13712,308,11136.705,36886.799,268.893,8339.886,0,5.641,10499681.843,7.305
13713,308,11166.18,37398.92,169.764,3141.102,0,3.683,4476971.98,6.768
13714,308,21668.824,30539.381,182.614,1809.024,0,3.603,4285018.019,10.435
13715,308,22000.592,29757.193,3.644,51.315,28.26,2.893,2762744.145,5.037
13716,308,22883.983,29307.038,82.337,226.372,15.454,1.807,1077446.078,12.196
13717,308,23932.157,28983.823,64.165,82.303,29.939,1.331,584406.311,15.884
13718,308,26605.388,13394.812,102.02,541.486,23.492,3.951,5151912.112,11.257
13719,308,27678.96,13912.78,8.368,30.39,49.954,5.963,11734792.117,10.257
13720,308,28190.965,15689.864,125.14,1090.774,0,3.793,4747772.49,9.065
13721,308,28497.044,15180.307,167.279,1772.169,0,3.053,3075897.336,9.042
13722,308,33248.367,26551.54,62.37,117.095,25.589,3.432,3886227.196,16.256
13723,308,33654.906,27075.823,125.59,911.779,0,3.525,4100904.509,10.01
13724,308,35770.082,24887.659,8.292,21.203,25.755,4.687,7250891.803,11.833
13725,308,37122.944,26722.691,4.585,19.587,23.344,2.448,1978319.771,8.809
13726,309,10033.409,38900.724,1.384,19.682,91.746,7.356,17855353.332,14.547
13727,309,10348.599,38034.844,59.498,130.441,61.118,3.34,3682183.385,13.97
13728,309,10498.095,33385.923,167.037,2255.459,0,3.596,4266872.461,8.082
13729,309,10731.435,35963.73,158.626,2446.41,0,1.962,1270617.833,6.661
13730,309,10643.552,36720.399,4.427,38.075,78.437,5.835,11236483.965,7.675
13731,309,10939.713,34444.187,164.275,2258.317,0,3.98,5227950.597,8.122
13732,309,10973.637,37955.555,29.815,36.177,51.853,3.434,3892237.46,15.573
13733,309,11117.448,34021.231,10.807,34.682,57.708,4.753,7454325.267,8.969
13734,309,11120.134,36959.239,9.74,72.526,93.377,6.461,13774301.976,5.818
13735,309,11284.63,34721.658,7.456,35.689,81.728,1.2,475078.909,6.112
13736,309,11300.008,35085.965,181.172,2912.131,0,5.24,9060476.152,8.541
13737,309,11323.489,35660.318,50.116,61.205,68.183,6.383,13444055.022,30.031
13738,309,21883.986,29818.025,130.819,890.199,0,2.879,2735628.37,10.116
13739,309,22859.551,29300.861,113.087,402.663,10.822,4.033,5368378.421,16.283
13740,309,23040.444,29995.029,4.673,33.018,36.876,2.206,1605327.362,6.335
13741,309,26585.278,13420.447,39.563,68.425,38.395,2.706,2417058.954,12.369
13742,309,27105.401,14324.691,140.082,1029.44,0,4.611,7015297.203,11.811
13743,309,27151.505,12929.607,159.417,1586.158,0,2.109,1468257.779,8.557
13744,309,27229.257,13188.626,110.681,477.505,22.905,4.252,5966400.06,14.255
13745,309,27675.938,13931.829,152.306,1487.414,0,2.5,2062560.892,8.641
13746,309,27728.602,15265.246,142.48,1197.53,0,3.463,3957117.546,9.797
13747,309,28188.213,15742.503,167.843,1605.479,0,3.788,4735559.428,10.28
13748,309,28479.506,15198.821,3.706,78.818,42.615,4.411,6421447.655,4.222
13749,309,32865.698,27126.559,183.779,1514.198,0,2.054,1392650.569,10.281
13750,309,33845.037,27261.162,77.187,186.546,18.771,1.951,1256629.416,12.905
13751,309,35763.797,24880.371,7.178,22.99,29.161,2.751,2496947.695,8.695
13752,309,35730.801,26694.618,100.029,539.608,0,1.365,614854.877,8.98
13753,309,35700.991,29715.481,158.063,1135.382,0,1.51,752057.355,9.839
13754,309,35849.371,29131.914,49.173,42.041,32.953,2.46,1996448.883,21.57
13755,310,9916.169,39278.851,130.258,1260.911,0,3.802,4770238.515,8.691
13756,310,9939.393,38976.451,49.747,118.952,87.985,8.725,25120010.359,20.964
13757,310,10373.383,38104.798,327.043,9105.129,0,4.612,7019443.387,8.352
13758,310,10456.356,37509.794,185.936,2054.858,0,5.53,10092162.724,11.685
13759,310,10467.318,39171.373,82.146,264.402,65.197,5.238,9054976.092,16.194
13760,310,10516.494,33430.168,206.648,3539.657,0,6.893,15680716.375,10.163
13761,310,10665.17,32976.426,181.298,1971.932,0,3.747,4633916.359,9.888
13762,310,10717.51,35457.129,57.67,115.109,83.233,2.98,2930753.702,14.01
13763,310,10669.918,36702.998,46.782,130.456,83.063,0.912,274293.438,8.77
13764,310,10764.022,35957.109,201.329,3669.329,0,3.56,4181588.171,7.504
13765,310,10979.109,33348.815,78.788,332.542,36.377,3.373,3754709.741,10.591
13766,310,11123.1,34087.485,5.651,45.232,55.448,4.576,6910712.636,6.297
13767,310,11121.399,34478.563,1.926,40.534,65.728,4.803,7611658.118,6.509
13768,310,11160.517,36958.524,233.729,6006.825,0,7.827,20218203.576,8.746
13769,310,11193.31,37355.005,7.424,28.912,74.929,3.755,4654346.873,8.31
13770,310,11295.243,34732.316,44.431,112.166,64.091,2.956,2884159.054,10.468
13771,310,21527.016,30556.719,6.228,40.754,56.616,3.487,4011886.453,6.297
13772,310,21801.185,29918.779,34.184,43.931,42.702,2.496,2055183.828,13.819
13773,310,22429.097,30266.012,0.472,3.706,41.472,4.336,6205461.426,42.611
13774,310,23446.29,29119.421,10.803,23.146,34.598,1.812,1083233.132,8.799
13775,310,24009.303,29013.673,178.207,1507.385,0,3.363,3732850.336,11.152
13776,310,26958.42,12720.859,6.043,31.287,43.184,3.39,3791879.768,7.363
13777,310,27034.332,14204.164,96.588,488.007,6.69,3.229,3440528.527,10.499
13778,310,27137.633,12917.871,150.86,1301.393,0,4.444,6516834.935,10.909
13779,310,27213.647,13240.779,149.799,1185.016,0,4.537,6792964.145,11.651
13780,310,27623.89,14019.326,90.716,233.624,35.603,3.482,4000793.75,16.539
13781,310,27818.054,15308.397,167.105,2055.107,0,8.957,26474180.766,13.186
13782,310,28122.942,14684.806,204.491,2411.717,0,3.415,3848288.801,9.849
13783,310,28209.978,14888.46,77.249,181.459,39.783,6.699,14810380.186,23.865
13784,310,28507.952,15207.115,171.069,1772.936,0,3.37,3747631.627,9.527
13785,310,33283.064,26640.719,20.612,26.767,34.86,6.546,14139251.332,20.328
13786,310,35360.488,28877.881,1.428,41.183,33.107,3.592,4258456.989,5.863
13787,310,35675.901,29124.731,10.524,38.065,36.706,2.801,2588293.052,7.036
13788,310,35839.078,25811.26,59.439,102.621,28.461,1.375,623547.203,12.963
13789,311,9925.984,38957.28,6.107,49.995,78.67,5.48,9911306.133,6.355
13790,311,10324.912,38061.598,163.399,2439.373,0,2.639,2298592.367,7.101
13791,311,10399.849,39200.041,1.354,25.317,70.153,3.494,4028106.745,7.962
13792,311,10534.915,33456.669,134.097,1526.896,0,3.209,3398936.422,7.677
13793,311,10671.824,32946.461,125.959,1078.568,0,7.045,16378649.405,12.155
13794,311,10747.333,34842.063,119.596,426.74,54.883,1.991,1308145.128,13.109
13795,311,10696.261,35491.214,180.391,3663.313,0,6.767,15111081.647,8.029
13796,311,10632.079,36700.745,210.866,5327.737,0,4.674,7210740.343,6.733
13797,311,10642.49,38914.439,135.593,1253.593,0,1.929,1227677.856,8.083
13798,311,11144.041,37432.728,50.661,122.311,84.791,1.859,1140398.422,10.365
13799,311,11292.873,34773.099,73.174,248.388,54.354,8.777,25421839.039,20.346
13800,311,11299.224,35182.001,210.72,4092.211,0,3.061,3093127.67,7.207
13801,311,11335.892,35537.951,74.227,214.362,71.202,3.589,4249923.448,13.538
13802,311,21553.805,30477.961,2.269,18.921,55.418,5.915,11544824.96,13.004
13803,311,21762.002,29920.401,6.551,43.258,39.184,4.323,6166205.236,6.501
13804,311,22305.806,30372.46,148.753,1228.411,0,4.368,6295161.377,11.064
13805,311,22845.981,29342.538,62.363,118.473,20.544,1.147,434377.305,12.333
13806,311,23424.748,29130.477,162.178,968.275,4.744,2.678,2367458.637,12.298
13807,311,24061.835,28970.596,36.789,62.046,36.714,2.88,2737436.209,12.445
13808,311,26521.799,13089.62,46.926,47.044,38.558,1.786,1052974.332,16.846
13809,311,27097.038,12945.518,63.3,142.807,42.803,2.833,2647979.32,13.348
13810,311,27041.786,14247.195,5.999,33.442,37.77,4.961,8122684.876,8.095
13811,311,28515.932,15190.073,99.67,461.946,28.124,7.251,17349635.543,17.142
13812,311,28533.916,16001.559,164.036,1518.548,0,7.201,17112542.317,14.226
13813,311,32930.887,27144.785,155.743,1225.405,0,3.856,4906939.308,11.24
13814,311,35361.837,30440.432,3.243,17.792,31.816,5.709,10757536.215,13.545
13815,311,35752.798,24935.196,116.947,639.413,0,0.861,244536.621,9.432
13816,311,35822.49,25756.277,172.697,1699.381,0,2.489,2044262.342,9.238
13817,311,35900.562,28966.435,50.573,61.61,28.444,2.26,1685687.397,16.534
13818,311,37167.431,26671.887,83.862,166.552,12.494,1.898,1188434.823,15.148
13819,312,9921.373,39290.72,100.49,419.691,21.475,5.494,9961730.198,15.681
13820,312,9978.486,38856.069,1.096,14.516,70.386,6.014,11934748.725,16.307
13821,312,10348.256,38031.033,192.717,3320.05,0,7.081,16546067.334,9.739
13822,312,10400.272,39276.774,14.536,108.395,62.121,2.559,2160243.875,4.356
13823,312,10561.676,33434.859,4.218,42.645,55.123,4.789,7568575.703,6.471
13824,312,10591.04,33013.561,49.875,84.93,51.707,4.778,7533269.544,18.3
13825,312,10725.715,34773.136,35.253,69.749,70.138,2.892,2759705.986,11.031
13826,312,10729.317,35422.252,238.251,5234.617,0,3.011,2991051.863,7.178
13827,312,10736.42,35638.699,69.635,303.908,58.84,0.774,197508.245,8.24
13828,312,10697.789,36713.41,66.86,285.308,70.93,5.299,9265819.02,11.393
13829,312,10952.691,38024.319,162.148,2020.409,0,4.797,7594133.666,9.136
13830,312,11152.997,36887.889,65.797,170.912,84.693,6.206,12709556.274,18.375
13831,312,11187.775,37370.172,91.23,611.168,52.922,7.159,16914405.76,11.726
13832,312,11271.831,34735.893,96.032,542.103,45.581,7.345,17801827.462,14.234
13833,312,11360.587,35604.42,5.654,44.161,79.719,3.3,3593783.194,5.841
13834,312,11278.44,35995.577,6.948,35.209,60.549,6.047,12066645.183,8.819
13835,312,21640.086,30581.848,105.337,803.487,12.39,6.023,11971551.683,10.686
13836,312,23063.964,29986.773,132.425,987.509,0,4.211,5851892.043,10.824
13837,312,24038.247,28961.903,145.558,1404.37,0,2.949,2869107.611,8.746
13838,312,26467.554,13071.002,53.269,109.819,42.156,2.963,2897304.498,13.096
13839,312,27078.592,12937.421,63.569,194.128,36.017,4.965,8133781.91,13.743
13840,312,27705.484,13974.484,137.849,1352.751,0,4.697,7280713.568,9.587
13841,312,27764.331,15321.32,29.479,53.018,54.519,4.36,6273326.694,13.008
13842,312,28528.458,15228.317,157.802,1920.279,0,2.969,2908542.666,7.987
13843,312,28558.68,15993.5,6.069,18.651,42.268,3.383,3776638.644,10.44
13844,312,32860.834,27171.122,79.508,199.258,20.969,6.271,12978343.894,21.953
13845,312,33244.186,26612.569,54.182,77.54,25.784,2.188,1580135.951,15.253
13846,312,33455.325,27834.769,48.421,50.591,32.539,2.808,2602041.808,19.64
13847,312,33680.225,27037.983,7.937,40.666,41.952,5.725,10816445.391,7.914
13848,312,34998.374,28881.812,161.865,1078.639,0,4.708,7314633.712,14.241
13849,312,35568.678,27202.256,2.177,14.064,31.695,2.045,1379808.743,10.024
13850,312,35773.525,29086.983,58.177,80.883,28.173,1.123,416499.925,14.143
13851,312,35877.483,25768.241,26.687,31.788,44.179,2.819,2622373.217,14.034
13852,313,9946.408,39277.114,107.235,509.177,30.942,2.3,1746263.208,10.676
13853,313,9979.57,38880.406,27.367,46.453,68.976,4.857,7785476.084,14.078
13854,313,10352.483,38042.646,95.934,540.716,43.282,1.711,966001.465,8.743
13855,313,10473.995,33416.266,57.169,117.664,39.853,3.557,4176159.142,14.668
13856,313,10437.229,39205.853,142.034,1895.143,0,4.881,7862505.983,8.041
13857,313,10556.186,33043.418,11.033,83.478,50.182,2.579,2195465.63,4.504
13858,313,10716.28,38880.924,5.903,25.712,55.342,3.615,4313832.312,8.54
13859,313,10724.589,35676.577,8.103,46.476,74.89,8.032,21290376.908,8.657
13860,313,10847.456,38347.754,183.709,2353.707,0,3.047,3063553.555,8.511
13861,313,11170.158,36917.609,192.982,3978.853,0,5.393,9596894.503,7.595
13862,313,11220.096,37304.877,100.019,317.386,73.054,4.171,5741199.036,16.572
13863,313,11198.224,34639.61,4.436,33.912,70.762,5.318,9332648.41,7.996
13864,313,11343.346,35594.287,132.365,1148.287,35.647,6.565,14222003.52,11.984
13865,313,11299.068,35942.195,58.135,109.079,44.791,1.82,1093149.758,12.777
13866,313,21492.296,30423.391,152.026,1744.254,0,7.95,20857391.535,11.964
13867,313,21822.235,29998.505,44.121,50.796,41.61,3.285,3560593.366,18.773
13868,313,23354.307,29132.442,47.499,79.526,29.694,3.055,3080772.553,14.385
13869,313,23990.068,28935.001,49.275,26.426,48.38,5.124,8664035.373,52.528
13870,313,26497.186,13088.11,35.633,28.485,56.999,4.157,5704190.044,26.01
13871,313,26947.516,12686.912,60.07,105.896,40.016,1.942,1245066.847,13.674
13872,313,27203.317,13042.15,8.713,41.249,57.779,3.911,5048296.397,6.896
13873,313,27235.98,13305.852,135.472,1184.877,0,3.715,4555134.12,9.446
13874,313,27759.214,14080.471,4.532,23.328,52.908,3.779,4713147.62,9.024
13875,313,27815.369,15332.089,67.523,169.378,55.751,3.067,3103818.269,13.261
13876,313,28515.836,15257.96,142.465,1115.203,0,2.896,2767909.861,9.774
13877,313,32925.556,27135.527,89.313,235.526,23.482,1.678,928984.676,12.893
13878,313,33200.605,26560.281,8.396,40.074,32.872,5.85,11292458.622,8.204
13879,313,33428.338,27820.823,161.588,1053.748,0,4.021,5336467.252,13.389
13880,313,33836.895,27279.675,7.131,29.544,34.835,3.925,5083042.164,8.256
13881,313,35744.673,29103.577,44.521,56.601,28.942,4.765,7493129.754,21.722
13882,313,35878.77,25811.819,83.567,230.488,25.315,3.659,4418146.051,15.236
13883,314,9996.684,38876.388,6.584,44.106,81.487,3.957,5167540.885,6.251
13884,314,10310.253,38040.629,143.142,1931.986,0,6.65,14592494.207,9.113
13885,314,10468.921,33397.045,56.814,109.458,49.801,2.613,2252907.031,13.599
13886,314,10401.154,39278.052,2.916,33.766,63.74,4.543,6810370.612,7.307
13887,314,10614.505,32991.679,256.925,4315.457,0,2.645,2308891.94,8.584
13888,314,10726.718,34820.432,173.264,2426.708,0,4.828,7692816.416,8.836
13889,314,10698.061,35969.255,93.015,379.295,44.915,3.85,4890705.332,12.616
13890,314,10679.19,36705.044,158.234,2761.468,0,4.369,6298480.63,6.994
13891,314,10681.415,38880.249,99.783,375.277,39.585,5.004,8264736.34,16.044
13892,314,10864.998,38370.628,201.841,3232.911,0,4.753,7456563.407,8.879
13893,314,10963.494,33292.501,158.809,1730.821,0,3.782,4720784.413,9.099
13894,314,11117.778,34117.463,210.116,3116.608,0,6.878,15610524.104,11.498
13895,314,11115.883,36958.321,5.239,46.712,99.308,10.778,38337468.772,9.687
13896,314,11172.833,37395.901,55.876,129.595,71.799,3.874,4951880.648,13.792
13897,314,11266.859,34887.394,264.117,5611.841,0,6.718,14893442.626,10.232
13898,314,11359.466,35106.182,136.481,1654.988,0,6.619,14460361.224,9.518
13899,314,21433.32,30279.1,98.739,530.359,18.546,3.763,4672031.855,10.739
13900,314,21819.442,30009.548,154.068,1422.174,0,5.295,9254080.185,11.407
13901,314,21873.972,29844.177,219.889,2297.546,0,1.362,612242.32,9.495
13902,314,23116.747,29967.266,50.748,75.681,32.198,6.839,15434440.73,26.739
13903,314,23338.404,29130.659,86.352,161.851,26.764,2.495,2053981.838,17.426
13904,314,26546.876,12714.667,49.674,96.953,26.384,3.31,3615257.974,13.657
13905,314,26550.037,13147.022,183.343,2212.979,0,5.541,10133159.403,10.838
13906,314,27021.75,12696.265,122.418,857.559,0,4.247,5953853.484,10.765
13907,314,27131.312,13014.009,117.059,547.517,22.234,2.004,1325430.534,11.033
13908,314,27233.66,14574.719,95.708,471.472,8.569,4.683,7237979.266,12.239
13909,314,27714.963,14063.246,126.066,1367.508,0.081,5.701,10726244.825,9.106
13910,314,27825.885,15322.087,133.453,1850.439,0,4.115,5587765.642,7.174
13911,314,34765.752,28468.839,102.414,432.846,0,1.793,1061429.959,10.684
13912,314,35794.637,29204.285,81.293,197.624,29.825,2.91,2794039.535,14.867
13913,314,35907.621,25767.591,126.57,918.243,0,3.544,4144285.828,10.08
13914,315,9948.315,39223.627,162.747,1957.276,0,1.195,471164.875,7.491
13915,315,10003.296,38856.073,195.656,3094.528,0,7.476,18443675.17,10.853
13916,315,10318.797,38082.73,4.891,25.594,78.067,4.646,7122361.68,9.314
13917,315,10477.079,33441.48,9.071,79.405,52.992,4.872,7831746.522,4.869
13918,315,10446.659,39224.496,48.479,105.664,63.977,3.965,5187916.609,13.464
13919,315,10649.218,33053.918,28.471,40.129,45.936,3.324,3646481.27,13.568
13920,315,10686.598,34810.77,222.773,4155.077,0,4.589,6949561.655,8.451
13921,315,10710.971,35709.889,53.228,120.986,61.628,4.454,6547464.66,14.571
13922,315,10717.664,36710.561,9.288,63.225,84.753,3.479,3994386.554,5.221
13923,315,10719.867,38879.044,5.964,47.855,53.133,5.527,10080059.116,6.555
13924,315,10810.178,36027.518,0.206,28.715,80.281,10.86,38922580.42,14.018
13925,315,10900.618,38336.255,141.843,1684.174,0,5.235,9043515.081,8.931
13926,315,10960.507,38015.495,103.63,615.038,22.77,2.227,1636053.782,9.136
13927,315,11120.221,36962.817,4.139,75.684,79.182,5.168,8813969.252,4.532
13928,315,11127.602,37438.167,4.177,40.145,78.644,4.83,7697815.605,6.764
13929,315,11280.054,34958.452,4.518,37.734,64.364,4.889,7888997.467,7.143
13930,315,11354.941,35582.673,97.552,563.655,47.072,2.475,2021106.64,9.135
13931,315,21443.257,30200.499,128.055,1085.34,0,4.965,8135207.337,10.345
13932,315,21662.632,30579.175,191.215,1922.781,0,2.722,2445831.344,9.858
13933,315,22320.299,30401.609,9.635,35.679,40.057,3.543,4143013.872,7.566
13934,315,23133.795,29952.152,50.868,62.886,36.741,2.9,2775318.877,18.113
13935,315,23477.223,29719.682,135.442,1032.63,0,4.703,7300298.533,11.333
13936,315,23949.951,28933.241,122.881,839.355,0,3.685,4481768.922,10.426
13937,315,26555.713,13129.246,184.212,2233.456,0,6.897,15697292.744,12.197
13938,315,27035.282,12726.524,6.466,30.458,47.603,4.061,5442990.419,8.049
13939,315,27048.129,14282.579,61.947,74.071,34.945,4.897,7914613.846,28.892
13940,315,27124.081,12987.81,90.157,197.383,53.087,3.492,4023291.06,18.621
13941,315,27202.62,13280.437,1.334,18.842,53.297,7.144,16844033.433,14.781
13942,315,27684.925,14066.032,85.129,302.281,32.239,1.768,1031926.24,10.673
13943,315,27836.396,15310.391,147.499,1972.15,0,5.752,10918099.763,8.77
13944,315,29072.139,16066.664,47.244,69.426,30.017,3.049,3068323.455,15.712
13945,315,32446.807,26586.453,102.637,503.644,0,1.614,859519.633,9.714
13946,315,32955.266,27170.486,182.9,1596.714,0,3.093,3157724.105,10.826
13947,315,35782.544,29192.065,72.791,185.606,26.04,2.796,2579474.345,13.277
13948,315,35935.891,25807.672,164.439,1286.284,0,3.56,4182826.341,11.365
13949,315,36344.055,25584.47,80.252,126.306,24.57,3.065,3099317.603,20.641
13950,316,9938.349,39286.463,106.138,536.742,21.618,3.068,3107002.168,10.945
13951,316,9974.658,38852.575,156.727,2348.313,0,7.874,20459427.116,9.838
13952,316,10324.168,38053.586,164.423,2560.338,0,3.268,3524177.654,7.194
13953,316,10487.846,33403.782,192.615,2414.285,0,3.484,4005763.387,9.173
13954,316,10406.412,39213.212,8.814,22.993,67.008,5.803,11114286.166,12.823
13955,316,10530.748,33096.334,59.627,126.018,42.474,4.187,5785175.21,15.978
13956,316,10692.28,34855.727,71.565,201.344,47.69,4.131,5630447.857,14.368
13957,316,10729.808,35396.133,189.24,3297.426,0,5.514,10033620.766,8.487
13958,316,10716.477,36638.408,9.225,65.832,92.417,3.715,4554975.556,5.153
13959,316,10794.906,36080.205,6.853,21.647,69.352,3.3,3593274.242,9.511
13960,316,10880.968,38393.134,7.72,45.496,60.45,3.13,3233808.284,5.96
13961,316,10966.308,33375.275,21.413,43.921,50.239,5,8251135.881,11.766
13962,316,11097.378,34084.937,193.455,2794.059,0,4.001,5284033.477,8.737
13963,316,11150.978,36927.534,40.908,91.746,89.43,3.775,4703162.418,11.852
13964,316,11149.163,37383.821,165.296,2548.099,0,3.818,4809452.674,7.505
13965,316,11290.177,34941.506,169.447,2370.413,0,6.438,13680209.123,9.869
13966,316,11362.472,35597.635,8.017,75.058,86.476,8.98,26613990.186,6.297
13967,316,21442.071,30198.356,104.893,710.705,6.114,4.867,7818163.035,10.513
13968,316,21680.168,30068.341,7.077,45.112,50.417,2.748,2491314.587,5.755
13969,316,21959.361,30498.547,149.361,1329.866,0,3.054,3078514.008,9.404
13970,316,22210.911,29627.512,1.156,14.805,32.607,3.91,5044047.792,12.247
13971,316,22248.178,30392.904,106.457,375.114,22.547,2.606,2240604.532,13.203
13972,316,23916.198,28867.127,9.732,28.668,42.732,2.458,1994076.592,7.931
13973,316,26599.428,13165.456,206.722,2825.849,0,3.651,4398068.483,9.193
13974,316,26616.623,13477.841,156.693,1365.773,0,6.217,12755816.89,13.158
13975,316,27033.409,14205.757,29.446,34.62,42.951,3.552,4164821.939,16.145
13976,316,27704.317,14070.945,42.926,78.59,53.04,2.683,2375253.948,12.325
13977,316,27801.212,15312.447,112.223,1237.376,0,4.864,7808259.086,7.845
13978,316,28508.225,15349.162,151.42,1435.184,0,4.019,5330916.222,9.867
13979,316,29042.809,16122.99,43.348,91.633,24.92,3.717,4560521.776,12.626
13980,316,32403.482,26563.856,8.018,54.893,44.703,2.964,2899554.223,5.324
13981,316,33018.48,27147.637,123.657,1012.259,0,4.531,6776151.569,9.973
13982,316,34231.835,27752.174,9.822,37.652,33.43,3.613,4307209.035,7.392
13983,316,37120.149,26639.326,1.918,48.337,24.218,3.674,4455263.532,5.356
13984,317,9920.374,39191.156,9.056,45.553,50.555,6.847,15470334.523,8.265
13985,317,9948.446,38889.655,90.395,273.088,64.846,3.795,4753340.774,15.28
13986,317,10382.943,37686.058,149.954,1590.602,0,1.732,990557.761,7.835
13987,317,10354.11,38042.463,125.926,1766.142,0,10.575,36908207.353,10.511
13988,317,10482.088,33361.145,60.508,114.115,35.709,3.141,3256132.055,15.298
13989,317,10520.517,39115.854,193.85,2996.094,0,10.138,33915257.241,13.401
13990,317,10636.589,32965.393,8.914,27.92,41.253,1.89,1178423.999,7.524
13991,317,10678.588,34896.022,64.715,166.392,53.31,3.808,4784544.745,13.866
13992,317,10684.647,36624.358,136.792,2379.121,0,6.192,12654549.782,7.138
13993,317,10861.454,38335.469,51.568,99.056,52.144,1.725,982109.296,11.787
13994,317,10952.111,33318.674,59.399,112.794,45.906,2.427,1944051.814,13.747
13995,317,11099.807,34061.545,64.817,111.832,51.876,1.277,538202.589,13.398
13996,317,11125.535,36955.444,8.996,54.451,100.863,3.564,4192355.064,5.692
13997,317,11112.012,37516.007,10.369,53.486,66.706,7.82,20180865.86,8.24
13998,317,11337.988,34996.836,210.672,3564.234,0,5.657,10559184.049,9.442
13999,317,11366.541,35549.699,67.457,286.401,59.754,7.382,17982949.919,13.936
14000,317,21508.505,30216.836,173.279,1723.657,0,3.319,3635254.746,9.818
14001,317,21782.298,29961.69,187.35,2464.659,0,2.768,2528499.086,8.317
14002,317,21949.688,30556.588,115.979,888.968,0,4.504,6698269.308,9.982
14003,317,22236.587,29613.869,126.614,714.799,4.602,4.536,6791109.696,13.247
14004,317,24000.574,28805.021,2.338,20.805,41.123,2.69,2388453.36,8.422
14005,317,26569.847,13133.734,188.232,2653.211,0,4.322,6165384.208,8.939
14006,317,26880.246,13997.077,7.52,25.084,41.027,5.006,8271297.566,10.515
14007,317,27046.04,14235.131,8.976,38.805,39.983,5.895,11467334.074,8.601
14008,317,27122.835,12959.616,9.049,64.109,53.471,6.837,15424782.164,6.374
14009,317,27279.4,13402.44,42.963,78.082,33.709,4.165,5725573.401,14.806
14010,317,27302.03,14532.791,155.107,1373.772,0,5.795,11083425.045,12.392
14011,317,27741.613,14047.422,186.487,2537.925,0,3.968,5195918.571,8.849
14012,317,27773.378,15318.264,83.407,519.996,41.849,4.089,5516499.945,9.008
14013,317,28080.154,14643.988,6.229,36.281,42.256,3.559,4180816.504,6.817
14014,317,28475.339,15285.966,5.133,25.88,48.854,5.889,11444528.393,10.556
14015,317,28987.939,16147.104,78.581,153.762,30.713,4.087,5513358.356,20.133
14016,317,34160.787,27730.004,140.316,991.778,0,4.214,5861038.131,11.692
14017,317,35558.343,27474.031,96.541,160.97,23.153,3.848,4885340.897,25.674
14018,318,9948.182,38982.592,88.597,368.364,56.525,9.255,28266809.517,20.6
14019,318,10355.948,38022.623,156.979,2312.899,0,4.971,8155914.758,8.081
14020,318,10499.601,33397.759,94.317,396.384,28.862,3.084,3139550.644,11.507
14021,318,10680.162,34800.057,1.306,26.084,64.569,4.048,5406725.795,8.234
14022,318,10755.099,35737.644,178.517,2811.186,0,6.864,15550973.012,9.691
14023,318,10721.23,36019.595,79.538,323.547,42.356,5.286,9221507.271,13.241
14024,318,10668.107,36689.476,142.869,2245.75,0,7.63,19210955.507,8.697
14025,318,10806.62,34503.32,35.872,46.789,66.606,5.214,8971398.454,20.172
14026,318,10886.178,38398.955,6.444,66.133,57.578,8.088,21588705.935,6.263
14027,318,10961.498,37998.92,3.805,58.82,54.205,8.376,23152353.807,6.589
14028,318,11104.39,34058.055,188.162,2933.41,0,6.245,12868855.796,9.678
14029,318,11151.727,36929.1,174.741,4166.58,0,7.939,20799404.775,7.516
14030,318,11098.339,37480.541,50.547,84.873,59.782,6.721,14905390.789,23.674
14031,318,11326.298,35555.534,82.809,419.037,59.595,2.879,2736018.24,9.311
14032,318,11339.728,35087.687,76.458,174.798,54.116,5.921,11569592.902,22.125
14033,318,23365.361,29117.962,3.166,20.374,37.403,2.965,2902071.977,8.87
14034,318,23790.757,28917.049,147.034,1084.848,0,3.298,3588744.895,10.718
14035,318,26538.148,13139.788,105.737,822.211,16.217,1.829,1103423.002,7.76
14036,318,27312.675,13400.412,146.667,1243.306,0,2.163,1543369.744,8.978
14037,318,27303.719,14571.781,111.288,764.951,7.3,3.392,3797168.937,9.517
14038,318,27720.243,14045.203,95.068,439.981,29.454,3.185,3347129.675,10.963
14039,318,27765.326,15322.497,137.817,1637.241,0,2.498,2058648.23,7.304
14040,318,28538.69,15342.733,215.627,2538.232,0,3.189,3356197.685,10.002
14041,318,28961.835,16160.222,9.18,28.477,30.083,3.405,3825257.411,8.545
14042,318,33648.048,27051.755,79.985,218.544,24.616,2.907,2788691.585,13.589
14043,318,35014.551,28884.621,77.183,112.394,27.738,1.713,968176.755,17.101
14044,318,35372.307,29149.747,159.83,1129.132,0,2.372,1856016.014,10.66
14045,318,36369.034,25551.192,185.691,1579.154,0,2.978,2927693.731,10.997
14046,318,37176.745,26634.962,117.446,487.867,1.348,2.407,1911271.162,12.343
14047,319,9942.749,39310.119,159.913,1772.118,0,4.532,6779258.813,9.605
14048,319,9998.123,38959.26,2.091,33.674,76.154,2.602,2234374.779,6.216
14049,319,10322.049,38016.604,209.268,3104.321,20.335,5.58,10274810.416,10.278
14050,319,10487.03,33383.034,150.61,1859.99,0,4.391,6361878.42,8.489
14051,319,10681.911,34765.682,56.452,118.054,62.262,7.128,16765740.683,21.986
14052,319,10735.106,35241.956,170.849,2494.501,0,4.787,7561872.265,8.484
14053,319,10680.944,36707.884,174.449,3471.422,0,8.59,24350077.743,8.981
14054,319,10900.307,38347.05,61.097,186.539,43.72,4.816,7655370.321,13.193
14055,319,10979.236,33285.47,144.822,1629.178,0,2.496,2056449.724,7.741
14056,319,11128.706,34074.789,43.642,97.939,49.011,2.334,1797626.949,10.545
14057,319,11138.238,34698.329,181.413,2981.799,0,7.405,18096588.488,9.885
14058,319,11185.049,36847.695,68.263,136.614,101.186,3.982,5232184.337,17.696
14059,319,11137.338,37428.754,150.393,2256.401,0,5.798,11095188.19,8.219
14060,319,11314.573,35615.93,191.619,3819.302,0,5.289,9232948.781,7.682
14061,319,21436.719,30323.536,7.211,12.155,51.16,3.651,4399906.786,15.355
14062,319,21592.243,30058.97,152.908,1480.714,0,6.695,14793085.381,12.406
14063,319,21912.003,29955.271,148.439,1553.725,0,3.978,5223066.216,9.089
14064,319,22035.157,30551.844,75.958,248.938,31.154,2.762,2516875.386,11.514
14065,319,23040.033,30000.006,0.289,42.021,34.893,4.728,7377869.692,6.263
14066,319,23496.871,29693.873,52.586,84.039,32.32,2.866,2710311.451,15.293
14067,319,23777.016,28919.156,133.709,1098.703,0,4.575,6907731.043,10.523
14068,319,26506.909,13076.283,175.501,1867.799,0,3.932,5103423.537,9.98
14069,319,27280.187,14559.039,3.387,78.979,48.279,6.171,12567706.325,4.602
14070,319,27710.279,14030.282,89.472,318.199,26.743,4.013,5314886.828,13.818
14071,319,27783.055,15374.894,92.784,750.357,13.816,5.532,10099655.644,9.021
14072,319,33444.358,27816.304,150.323,993.872,0,3.776,4705981.574,12.282
14073,319,33653.729,27068.398,60.088,105.355,31.378,3.21,3401499.648,16.204
14074,319,34159.389,27680.343,3.476,39.468,45.825,5.995,11859652.341,7.446
14075,319,35038.764,28952.329,3.899,19.71,35.35,1.087,390202.233,7.759
14076,319,35402.091,29128.339,88.489,280.539,22.627,1.997,1316644.127,11.874
14077,320,9953.283,38929.82,151.1,2299.178,0,4.952,8091494.052,7.704
14078,320,10319.481,38040.321,32.534,78.837,74.046,8.248,22450382.212,15.739
14079,320,10353.463,39446.658,119.518,948.705,0,2.519,2093707.505,8.517
14080,320,10480.056,33449.426,9.111,33.681,55.38,2.884,2744388.643,7.309
14081,320,10477.544,39117.276,8.668,74.972,61.419,6.223,12779782.947,5.41
14082,320,10555.893,33042.287,4.339,26.416,45.538,9.118,27437541.557,13.792
14083,320,10704.484,34851.594,148.14,1906.376,0,4.046,5401890.84,7.981
14084,320,10747.29,36005.219,203.772,3117.154,0,4.155,5697139.097,8.803
14085,320,10665.633,36684.967,69.065,245.02,80.678,2.483,2034642.904,10.137
14086,320,10740.576,35255.647,235.13,4255.642,0,2.007,1328876.984,7.549
14087,320,10895.278,38332.811,75.001,364.056,33.179,8.061,21444328.098,14.271
14088,320,10978.195,33308.666,136.787,1560.945,0,6.917,15787445.879,10.215
14089,320,11124.265,36880.797,8.603,48.821,93.5,2.946,2863622.501,5.787
14090,320,11105.968,37429.329,196.046,3705.387,0,3.571,4208128.118,7.229
14091,320,11215.457,34787.244,109.389,543.435,38.55,3.185,3347895.184,11.41
14092,320,11328.978,35573.548,102.645,489.354,55.089,6.424,13618892.407,15.782
14093,320,21440.884,30447.259,63.006,113.707,29.604,2.092,1444607.439,14.068
14094,320,21923.519,29847.393,9.3,45.978,53.425,3.35,3704459.626,6.283
14095,320,21999.878,30552.791,2.493,31.319,36.912,3.942,5129205.269,7.263
14096,320,23275.408,29132.517,42.336,83.409,39.275,1.889,1177103.246,10.808
14097,320,23899.228,29068.043,74.384,111.011,34.623,3.9,5019465.974,23.398
14098,320,26646.912,13211.687,20.374,24.551,48.141,3.214,3409038.667,14.027
14099,320,27042.173,14157.593,9.999,26.047,45.002,4.995,8234540.254,11.076
14100,320,27196.055,13039.961,5.026,36.873,62.72,3.485,4006941.705,6.536
14101,320,27260.498,14580.443,127.532,1289.376,0,5.532,10100945.496,9.529
14102,320,27748.171,14031.286,43.807,77.93,46.031,4.292,6080206.056,15.444
14103,320,27792.313,15329.072,90.872,457.568,31.304,3.637,4364655.378,10.525
14104,320,28258.862,14865.417,176.049,2429.199,0,5.911,11530282.981,9.832
14105,320,32509.481,26708.536,46.243,32.635,29.896,1.777,1042170.997,20.995
14106,320,33425.754,27853.199,141.812,878.479,0,2.033,1364076.855,10.456
14107,320,33646.781,27056.156,63.97,129.259,31.77,2.866,2709921.585,14.527
14108,320,34095.351,27578.411,60.677,161.47,27.255,3.325,3647611.605,12.329
14109,321,9958.828,38914.417,146.271,2559.399,0,6.66,14636101.711,7.661
14110,321,10386.78,37906.646,161.217,2405.607,0,6.275,12995537.182,8.963
14111,321,10477.239,33395.802,160.536,1786.001,0,5.167,8812132.979,10.131
14112,321,10427.841,39156.884,167.277,2505.549,0,6.41,13558437.291,9.271
14113,321,10611.252,32989.468,36.214,40.561,40.511,4.113,5583701.412,19.72
14114,321,10642.071,36685.576,147.989,2486.52,0,2.886,2748423.51,6.362
14115,321,10740.856,35314.032,65.194,175.818,55.457,5.412,9664979.183,16.195
14116,321,10657.115,38826.36,157.092,1684.845,0,4.571,6894075.001,9.739
14117,321,10753.463,36035.244,141.546,1812.021,0,3.737,4608357.326,7.63
14118,321,11027.457,33290.275,169.237,2037.344,0,5.755,10930720.651,10.436
14119,321,11142.493,37383.738,154.701,2457.631,0,12.932,55192058.561,12.948
14120,321,11210.1,34767.504,227.042,4342.844,0,3.555,4170669.258,7.832
14121,321,11352.38,35516.547,6.236,37.54,84.061,4.538,6795611.139,7.226
14122,321,21439.939,30400.344,0.849,24.681,39.959,4.808,7628268.979,9.239
14123,321,21594.323,30071.681,29.5,34.038,40.977,4.01,5307673.831,17.491
14124,321,21962.658,29746.706,121.583,615.382,6.621,3.246,3476259.521,12.123
14125,321,23199.414,29124.676,3.414,46.16,55.163,3.989,5250064.548,5.72
14126,321,23517.547,29678.58,9.666,43.781,35.936,2.311,1762423.639,6.118
14127,321,23761.103,28883.239,9.659,42.762,39.093,3.479,3993358.962,6.707
14128,321,23910.298,29092.948,172.347,1492.722,0,2.568,2176915.82,10.019
14129,321,27121.43,13034.718,3.814,32.244,53.464,2.806,2598775.588,6.605
14130,321,27276.958,14598.768,130.224,1263.491,0,2.522,2099191.529,7.955
14131,321,27839.668,15334.746,153.601,1502.117,0,4.254,5972877.305,9.951
14132,321,28275.252,14847.269,149.86,1856.327,0,4.804,7614882.902,8.709
14133,321,28240.353,15199.599,8.153,31.685,54.253,3.161,3297826.386,7.56
14134,321,28608.751,16131.254,66.072,103.661,37.151,2.228,1637975,16.089
14135,321,32439.378,26712.411,101.685,308.335,12.512,1.535,778064.092,12.584
14136,321,33437.482,27876.409,113.849,389.83,12.346,3.559,4181037.109,15.841
14137,321,34006.487,27523.835,9.632,21.056,39.468,2.838,2657349.223,9.977
14138,321,35080.498,28976.674,141.491,923.511,2.248,4.101,5549736.235,12.302
14139,322,9994.757,38869.001,158.632,2430.627,0,4.715,7337573.449,7.788
14140,322,10323.627,38003.851,8.422,54.057,75.04,5.212,8964988.663,6.29
14141,322,10405.998,39203.094,10.055,20.524,75.811,4.133,5635870.917,12.046
14142,322,10524.277,33441.744,172.969,1869.36,0,4.017,5325879.972,9.855
14143,322,10719.339,35518.163,4.046,42.927,70.818,7.68,19463394.67,8.072
14144,322,10716.621,35916.097,8.282,47.452,68.235,7.734,19739023.145,8.367
14145,322,10688.842,36706.568,162.739,2774.147,0,2.291,1731968.207,6.478
14146,322,10924.525,38399.73,1.299,23.156,50.715,6.093,12251213.751,11.129
14147,322,10978.353,33269.908,154.59,1733.484,0,5.61,10385137.503,10.18
14148,322,11165.552,37384.032,138.202,2260.464,0,2.483,2035055.481,6.12
14149,322,11222.677,34801.152,2.159,26.945,77.187,5.582,10282419.96,9.433
14150,322,11199.371,36875.352,11.551,84.525,94.116,10.478,36230854.618,7.134
14151,322,11311.807,35975.735,162.254,1822.303,0,3.702,4521838.664,8.989
14152,322,11320.42,35552.173,189.359,3148.432,0,7.789,20022207.366,10.417
14153,322,21641.873,30055.258,119.195,665.677,11.12,4.931,8024113.828,13.336
14154,322,22000.875,29769.49,177.086,1536.31,0,5.559,10197736.41,13.603
14155,322,23148.554,29130.597,126.193,1354.084,0,7.667,19401912.742,10.693
14156,322,23500.417,29658.256,223.542,2361.14,0,3.665,4431919.39,11.492
14157,322,23840.209,28883.935,6.931,33.422,39.453,3.95,5149014.61,7.568
14158,322,26518.745,13099.864,63.209,142.808,40.582,4.61,7014334.6,16.61
14159,322,27037.444,14241.54,4.265,33.777,40.781,2.926,2825489.897,6.525
14160,322,27321.703,14636.775,5.622,25.796,46.21,4.012,5311810.269,8.814
14161,322,27714.377,13956.089,162.31,1331.457,0,5.893,11459976.907,13.748
14162,322,27826.477,15306.969,40.397,87.021,52.312,3.054,3077862.515,11.223
14163,322,28273.241,14856.583,62.314,134.521,61.635,4.256,5979000.157,16.309
14164,322,28562.372,16080,5.285,27.775,43.127,2.696,2397897.983,7.358
14165,322,35086.016,28932.024,80.691,224.502,19.627,2.13,1497777.324,12.371
14166,322,35642.483,29207.851,104.028,517.803,8.571,5.049,8414138.498,13.366
14167,323,9959.2,38840.428,79.035,380.555,53.581,4.785,7556836.6,11.066
14168,323,10345.42,38005.279,60.79,82.551,56.835,2.236,1649544.634,16.915
14169,323,10476.181,33404.98,41.676,88.402,47.571,1.587,831572.735,10.053
14170,323,10492.093,39141.163,128.544,1167.991,23.363,5.982,11808634.075,10.761
14171,323,10637.29,34019.059,172.522,1767.17,0,5.317,9330212.763,11.482
14172,323,10746.483,35459.454,198.448,3846.444,0,4.997,8239187.223,7.855
14173,323,10729.054,35971.265,74.087,257.265,49.498,6.199,12680006.846,15.698
14174,323,10687.038,36681.369,96.085,582.78,59.683,5.473,9885227.191,11.342
14175,323,10856.182,38347.03,176.218,2104.774,0,5.047,8407697.572,10.172
14176,323,11011.299,33280.496,42.819,63.523,47.449,2.161,1541657.601,13.259
14177,323,10956.145,38109.286,138.663,1406.351,0,4.641,7109459.643,9.366
14178,323,11097.99,34685.068,41.99,43.86,69.02,3.766,4680509.295,21.278
14179,323,11200.917,37361.177,5.705,83.774,75.045,4.364,6283905.259,4.209
14180,323,11357.598,35557.695,123.063,1539.004,0,3.5,4041980.97,7.027
14181,323,11356.323,36030.688,121.63,1095.61,0,3.847,4887232.051,8.756
14182,323,21593.577,30538.832,157.007,1311.441,0,4.905,7942214.67,12.001
14183,323,21677.456,30076.93,6.882,35.1,53.122,5.531,10094867.893,8.421
14184,323,23200.306,29168.751,1.96,38.845,56.568,5.244,9075078.631,6.951
14185,323,23539.013,29693.899,125.506,870.709,0,5.219,8989831.71,12.095
14186,323,26514.196,13163.759,125.912,1004.838,0,3.543,4142210.578,9.443
14187,323,27199.454,12955.933,10.745,43.109,58.634,7.616,19142902.256,9.788
14188,323,27704.54,13970.426,151.777,1107.362,0,4.402,6393528.08,12.3
14189,323,27779.069,15379.966,129.652,1233.711,0,3.054,3078253.613,8.303
14190,323,28221.285,14814.442,46.739,95.438,53.144,4.176,5754955.083,14.2
14191,323,28399.676,15357.508,7.71,59.819,49.896,3.118,3209104.263,5.066
14192,323,28568.027,16084.238,12.755,14.753,32.809,3.881,4969660.685,16.655
14193,323,32424.963,26721.475,131.08,739.1,0,3.637,4364873.075,12.331
14194,323,33152.918,27292.243,128.744,966.046,0,5.578,10270010.363,12.014
14195,323,34185.264,27754.816,170.557,1545.088,0,4.363,6281763.32,11.381
14196,323,35820.125,25435.301,95.99,308.939,11.975,1.704,957755.603,11.971
14197,323,35739.223,29152.499,87.067,128.824,28.698,2.201,1598721.406,19.663
14198,323,36156.833,27841.144,7.997,34.278,34.282,5.211,8962668.138,8.6
14199,323,36396.874,25535.186,157.569,1224.075,0,2.121,1485293.803,9.798
14200,323,37314.219,25273.295,65.947,98.961,18.299,2.595,2221477.787,17.49
14201,324,9967.962,38936.965,145.958,2357.395,0,6.843,15454524.637,8.205
14202,324,10324.471,38000.136,4.725,19.502,81.184,4.224,5887794.032,10.849
14203,324,10547.45,33424.818,101.833,477.584,29.774,3.643,4379675.238,11.874
14204,324,10559.682,39045.668,6.886,58.532,70.809,5.571,10241347.762,5.846
14205,324,10714.462,35486.666,151.325,2485.892,0,7.185,17036562.008,8.511
14206,324,10678.841,36717.78,201.562,4394.793,0,6.905,15736276.739,8.331
14207,324,10898.293,38350.765,123.562,1241.905,0,4.094,5530640.829,8.388
14208,324,11087.56,34137.601,154.463,1825.884,0,4.117,5594660.951,8.701
14209,324,11203.026,36930.987,98.77,989.36,35.733,5.958,11713023.1,8.33
14210,324,11197.724,37319.434,129.923,1978.78,0,4.713,7331365.922,6.895
14211,324,11347.053,35487.422,222.213,4287.162,0,1.259,523496.227,6.887
14212,324,11330.265,36049.653,108.09,576.768,13.696,3.29,3572845.878,10.916
14213,324,21812.113,29977.702,163.422,1681.055,0,6.488,13891015.927,12.221
14214,324,21963.062,29753.045,68.964,136.683,33.923,1.949,1253398.864,13.697
14215,324,23101.309,29190.79,162.101,1768.885,0,6.667,14670773.222,11.777
14216,324,23789.084,28946.76,203.898,2010.908,0,3.012,2994094.4,10.642
14217,324,26534.876,12696.973,176.007,1272.447,0,2.354,1828940.786,11.112
14218,324,26574.958,13157.711,203.358,2225.136,0,4.44,6506122.588,11.332
14219,324,27040.174,14203.129,115.741,811.54,12.08,5.146,8740404.477,11.253
14220,324,27357.322,14646.383,7.61,33.467,50.424,3.055,3079511.616,7.132
14221,324,27800.672,15335.708,131.407,1706.546,0,1.945,1249112.197,6.617
14222,324,28261.266,14845.827,60.276,105.362,55.173,4.269,6014382.121,18.861
14223,324,28436.671,15956.501,158.558,1331.562,0,3.729,4589972.967,10.75
14224,324,30181.383,35417.113,74.395,181.975,5.57,4.172,5743920.823,16.47
14225,324,34226.839,27809.386,128.674,711.138,8.169,2.953,2877848.297,11.507
14226,324,35835.126,29126.571,72.345,138.925,23.866,1.875,1159752.647,14.205
14227,324,36269.895,27784.875,134.504,920.376,0,2.045,1380218.616,9.595
14228,325,9986.312,38870.538,154.011,2584.266,0,5.236,9047938.418,7.445
14229,325,9956.556,39241.721,179.844,2704.973,0,4.516,6731643.358,8.432
14230,325,10403.053,37889.953,69.157,100.606,69.738,3.662,4425054.359,21.853
14231,325,10557.003,33432.568,8.247,52.302,48.975,4.155,5698256.044,5.938
14232,325,10496.84,39133.901,178.186,2995.6,0,3.33,3659947.236,7.229
14233,325,10734.556,36787.229,58.886,139.951,82.604,5.393,9598132.967,16.723
14234,325,10839.299,32954.09,100.76,691.305,0,4.369,6300348.897,9.72
14235,325,10966.914,33315.728,101.386,570.278,29.846,2.493,2051772.949,9.496
14236,325,11111.553,37379.597,234.101,4774.78,0,5.89,11449350.358,9.055
14237,325,11203.988,36864.924,138.734,2248.508,0,4.194,5804980.311,6.696
14238,325,11277.147,34887.102,9.097,69.039,54.336,4.624,7056363.151,5.252
14239,325,11343.008,35527.178,152.74,1890.83,0,8.549,24117167.963,11.819
14240,325,21999.043,29839.743,7.075,36.163,46.084,2.747,2490613.575,6.556
14241,325,26512.164,13142.78,153.338,1394.326,0,3.779,4712769.853,10.018
14242,325,27053.785,14228.09,27.414,71.551,50.825,4.98,8184158.118,10.295
14243,325,27162.219,12969.164,138.076,1599.701,0,3.251,3487867.485,7.748
14244,325,27280.1,14561.233,4.324,62.582,45.133,6.909,15753054.807,5.753
14245,325,27620.705,13886.186,93.8,224.613,29.042,3.95,5148016.678,19.102
14246,325,27799.437,15302.971,111.247,1161.863,13.125,5.137,8709808.176,8.249
14247,325,28505.362,16023.581,29.013,26.209,40.224,2.541,2130681.729,16.721
14248,325,33023.165,27257.62,170.136,1273.123,0,3.322,3641588.159,11.692
14249,325,34175.359,27751.364,138.083,991.736,0,5.745,10891688.986,13.3
14250,325,35121.308,28963.518,42.943,53.281,31.586,2.939,2850366.212,16.626
14251,325,36001.07,24317.06,4.354,26.858,24.713,2.577,2192062.885,7.309
14252,325,36400.869,27683.116,3.227,32.452,32.288,3.392,3796941.996,6.831
14253,325,37158.053,26629.176,111.222,454.183,0,2.919,2812709.578,12.761
14254,326,9982.485,38944.203,51.581,109.76,95.373,2.555,2153710.239,12.048
14255,326,10334.16,37958.248,155.489,2268.435,0,8.087,21580645.815,10.142
14256,326,10480.345,33360.846,2.544,77.328,52.094,3.302,3598651.655,4.008
14257,326,10401.245,39204.25,4.224,27.824,74.187,7.694,19536335.05,11.601
14258,326,10582.139,39047.257,169.924,2392.093,0,8.872,25975847.015,11.862
14259,326,10743.01,35421.123,217.38,3912.543,0,5.815,11158204.28,9.348
14260,326,10743.647,35793.185,206.912,4105.004,0,8.202,22203313.627,10.001
14261,326,10755.994,36774.831,88.099,333.426,77.707,4.974,8164561.946,14.543
14262,326,10938.453,34610.285,61.029,183.252,62.061,7.127,16763260.967,16.969
14263,326,10987.013,33313.102,167.83,2171.138,0,5.302,9277488.311,9.485
14264,326,11154.68,36875.464,92.088,412.685,64.542,4.575,6906893.438,12.642
14265,326,11158.339,37337.216,101.979,685.775,34.253,9.399,29155550.044,15.281
14266,326,11288.467,34851.728,151.925,1706.999,0,2.018,1344199.242,7.752
14267,326,11369.134,35577.597,38.879,90.745,53.679,5.444,9781078.109,13.424
14268,326,21500.997,30416.044,149.279,1342.139,0,4.961,8121516.373,11.027
14269,326,21755.245,30107.827,185.919,2458.819,0,3.452,3932952.791,8.654
14270,326,23756.16,29595.483,5.268,22.506,41.899,4.638,7099878.913,10.334
14271,326,26531.898,13149.037,82.067,340.879,37.213,3.781,4718995.921,11.416
14272,326,27042.077,14162.307,8.192,41.129,50.567,2.468,2009310.714,6.142
14273,326,27144.297,12994.481,130.706,1487.333,0,3.912,5051712.942,7.918
14274,326,27317.61,14608.999,167.419,2065.829,0,3.087,3145725.876,8.264
14275,326,27793.699,15308.587,150.274,2017.933,0,3.784,4725912.826,7.702
14276,326,28281.405,14843.19,139.849,1584.988,0,5.376,9537239.531,9.241
14277,326,28385.605,15925.083,156.862,1323.026,0,2.899,2772707.592,9.891
14278,326,33022.08,27221.31,115.848,671.935,0,4.255,5976380.724,11.859
14279,326,35101.266,28940.79,142.867,904.914,0,1.363,612693.984,9.899
14280,326,35632.987,29131.093,157.992,1183.224,0,2.586,2207112.04,10.41
14281,327,9921.41,38961.679,1.581,35.711,97.024,10.025,33163493.607,10.91
14282,327,9998.44,39205.48,4.738,30.79,69.656,3.794,4750268.778,7.5
14283,327,10381.501,37938.28,51.602,125.549,71.121,5.441,9770752.548,15.176
14284,327,10473.132,33374.039,126.137,1069.507,0,4.138,5650476.196,9.541
14285,327,10558.638,39067.189,131.069,1376.514,12.405,5.628,10452639.262,9.52
14286,327,10708.976,35659.432,110.48,680.141,42.254,7.162,16928724.602,14.52
14287,327,10715.693,36720.61,5.374,38.265,86.53,3.454,3936840.931,6.414
14288,327,10933.169,38189.862,160.137,1796.94,0,5.939,11638893.495,10.731
14289,327,10967.193,33361.763,10.886,47.82,58.04,5.735,10854772.457,7.758
14290,327,10960.364,34678.387,1.952,35.665,66.104,4.823,7678033.078,7.13
14291,327,11041.749,34241.183,2.054,29.563,55.127,3.554,4168961.054,7.262
14292,327,11158.119,36930.092,129.893,2035.338,0,7.086,16570358.025,7.853
14293,327,11195.872,37349.969,58.802,166.713,73.848,4.745,7428755.733,13.521
14294,327,11267.038,34836.449,157.316,2081.355,0,8.898,26128493.535,11.758
14295,327,11361.933,35482.299,35.503,54.589,77.416,4.569,6888848.252,16.163
14296,327,22150.42,30477.371,4.576,15.329,45.09,1.228,497986.594,9.064
14297,327,23042.902,29177.895,45.144,58.145,44.35,2.938,2847967.041,16.595
14298,327,27039.572,14080.766,1.19,36.789,44.379,1.999,1319194.512,5.667
14299,327,27177.678,13031.042,129.415,1401.507,0,5.353,9456677.119,9.036
14300,327,27281.01,14641.482,4.071,49.944,54.524,4.36,6272927.859,5.633
14301,327,27789.866,15301.585,43.93,73.715,42.695,2.311,1762525.396,12.629
14302,327,28309.474,14860.814,82.814,209.265,48.69,2.461,1998118.466,13.845
14303,327,28380.908,15951.876,237.389,2780.069,0,3.162,3298938.482,10.639
14304,327,35678.275,29225.082,43.529,71.472,32.665,5.023,8326381.365,17.974
14305,327,35976.396,24309.962,185.712,1081.855,0,4.067,5457999.807,16.187
14306,327,36373.957,25946.016,167.14,1031.839,0,2.342,1810430.767,11.852
14307,327,37200.761,26639.472,5.209,47.589,21.597,1.658,907556.872,5.095
14308,328,9930.182,38887.905,194.279,4670.542,0,5.791,11068319.94,7.051
14309,328,10364.22,37904.418,157.769,2024.647,0,4.98,8185142.19,8.915
14310,328,10490.492,39106.704,229.027,4070.202,0,7.162,16928703.999,10.914
14311,328,10720.191,35493.039,139.785,2102.257,0,3.897,5012652.285,6.925
14312,328,10729.564,35997.247,59.579,146.292,65.732,2.753,2501691.982,12.1
14313,328,10717.975,36781.977,190.159,4374.915,0,7.637,19248913.706,8.055
14314,328,10639.836,38875.734,7.811,35.416,48.157,1.896,1186249.341,6.398
14315,328,10882.896,38086.409,7.765,42.208,54.657,4.469,6591144.243,6.906
14316,328,10963.813,33354.224,7.223,42.17,63.618,4.459,6562478.912,6.802
14317,328,11199.637,37365.085,7.22,85.864,89.232,8.022,21237068.879,5.241
14318,328,11194.053,36841.11,184.159,3155.956,0,7.342,17788416.034,9.635
14319,328,11293.978,36010.389,117.287,851.18,8.994,5.921,11571451.596,11.885
14320,328,21507.994,30480.334,156.888,1371.274,0,4.394,6370627.318,11.051
14321,328,21958.226,29847.227,35.473,68.505,47.451,2.989,2947591.738,11.348
14322,328,22107.987,30484.9,136.94,1156.129,0,3.756,4654599.683,9.767
14323,328,26481.314,13039.81,3.876,34.789,69.722,5.516,10039951.106,7.905
14324,328,26995.132,14107.683,123.207,994.063,0,3.545,4147389.699,9.254
14325,328,27174.929,13064.328,100.24,503.847,37.346,5.891,11453050.49,14.074
14326,328,27346.934,14670.421,51.565,97.335,36.935,4.692,7266059.651,17.006
14327,328,27759.565,15251.256,2.351,29.692,46.453,3.291,3573530.031,7.097
14328,328,28356.63,14900.1,65.061,163.878,43.283,6.694,14789009.592,19.737
14329,328,28420.607,15940.825,84.941,363.049,22.172,3.872,4947695.272,11.541
14330,328,32931.919,27306.63,136.242,802.071,0,1.676,927197,10.25
14331,328,33180.824,26488.194,42.003,64.565,25.788,4.921,7990096.191,18.361
14332,328,34284.275,28120.24,53.519,70.981,25.612,3.939,5120267.223,20.774
14333,328,35625.143,29161.422,73.47,150.966,28.719,4.4,6389694.336,19.298
14334,328,37165.831,26622.767,164.346,814.558,0,4.308,6124489.089,17.243
14335,329,9904.967,38950.484,236.187,5515.803,0,6.214,12742504.27,8.462
14336,329,10557.467,33044.094,0.188,25.708,49.523,7.846,20315328.954,12.044
14337,329,10519.418,33351.223,122.827,1225.559,0,4.952,8091671.242,8.958
14338,329,10530.922,39096.265,44.212,63.873,50.999,6.971,16038196.222,25.583
14339,329,10721.165,35319.854,152.392,1440.266,20.553,3.263,3513149.389,9.323
14340,329,10742.099,35939.172,72.645,254.816,54.09,2.587,2207930.936,10.584
14341,329,10718.772,36765.593,53.993,244.836,96.503,5.481,9913627.471,9.723
14342,329,10982.597,33259.726,74.676,277.356,49.292,3.555,4171540.671,11.371
14343,329,10965.461,34654.472,9.672,45.37,62.021,1.965,1273687.45,5.89
14344,329,10958.124,38110.223,83.969,286.217,39.483,2.92,2814410.368,12.099
14345,329,11093.302,34038.681,152.524,1649.904,0,2.685,2378891.49,8.245
14346,329,11160.528,37373.292,97.345,498.437,57.461,9.054,27054925.711,18.165
14347,329,11192.367,36820.347,67.323,125.584,59.817,2.539,2126637.413,15.132
14348,329,11328.834,35484.268,64.24,188.52,60.034,7.303,17600644.956,18.258
14349,329,21521.882,30480.633,5.467,54.927,46.464,2.394,1891322.803,4.881
14350,329,22105.003,30411.262,138.414,1276.133,0,4.529,6768124.121,9.898
14351,329,23240.84,29123.281,115.313,799.903,0.303,2.94,2852114.69,9.322
14352,329,23478.521,29699.588,167.314,1686.815,0,4.602,6987678.975,10.645
14353,329,23782.02,29022.171,110.818,806.315,0,1.762,1024781.273,8.216
14354,329,26490.048,13047.563,53.927,99.881,58.186,3.867,4935421.461,15.944
14355,329,26963.031,14083.287,3.09,34.137,55.566,2.595,2222726.778,6.227
14356,329,27180.387,13051.699,163.956,2241.446,0,4.009,5305103.69,8.158
14357,329,27332.022,14663.496,176.116,2136.393,0,3.313,3622907.515,8.746
14358,329,27672.532,13846.847,7.394,18.776,45.979,3.866,4931553.935,11.424
14359,329,27762.404,15261.631,38.719,77.81,42.472,3.244,3473586.968,11.775
14360,329,28350.136,14919.347,130.878,1310.826,0,5.089,8547134.737,9.423
14361,329,28386.187,15949.854,157.043,1307.033,0,3.041,3051160.104,10.102
14362,329,33040.718,26401.076,2.055,30.846,28.903,4.873,7837192.511,7.952
14363,329,35917.086,24305.511,42.585,35.584,24.555,1.647,895114.14,17.694
14364,329,35941.791,30275.124,59.281,83.199,19.224,2.806,2598400.53,17.783
14365,330,9964.934,38848.308,148.206,2159.552,0,5.869,11366889.636,8.348
14366,330,10360.52,38016.361,58.162,94.127,66.285,2.22,1626244.306,14.683
14367,330,10489.346,33362.255,133.996,1685.99,0,3.357,3719562.812,7.293
14368,330,10518.227,33043.891,65.743,118.303,35.792,3.539,4132498.62,17.601
14369,330,10576.75,39072.043,142.233,1620.351,0,5.581,10277721.545,9.467
14370,330,10998.512,33252.018,140.224,1631.109,0,6.625,14482450.287,10.021
14371,330,10960.874,34643.654,2.704,34.53,74.91,4.22,5877225.331,6.98
14372,330,10936.332,38212.605,176.999,1900.459,0,2.324,1782620.801,8.804
14373,330,11119.081,34033.527,128.478,1369.333,0,3.823,4822067.887,8.117
14374,330,11146.533,37380.455,131.662,1422.402,0,5.355,9462927.461,9.159
14375,330,11261.87,35021.165,51.918,94.403,63.256,3.582,4233715.47,15.235
14376,330,11280.804,36005.595,5.984,29.429,47.756,3.521,4090684.443,7.743
14377,330,11332.574,35536.684,181.94,2801.858,0,3.363,3732867.907,7.73
14378,330,21584.347,30568.134,131.223,1097.391,0,3.666,4434219.483,9.495
14379,330,21855.211,30000.344,189.774,2342.817,0,4.143,5665326.116,9.682
14380,330,22179.402,30428.842,104.289,865.415,0,5.649,10532468.638,9.665
14381,330,23239.5,29111.134,55.03,111.372,34.498,0.613,123947.966,10.94
14382,330,23476.863,29760.109,110.274,547.036,15.788,4.47,6593716.281,13.133
14383,330,23731.489,29096.654,156.734,1482.996,0,2.065,1406981.907,8.697
14384,330,26559.166,13123.591,6.737,23.677,60.199,5.734,10852315.082,11.631
14385,330,27091.703,14212.096,38.252,40.991,42.276,2.381,1870839.049,16.07
14386,330,27565.866,13837.984,189.738,1962.77,0,3.989,5250737.766,10.769
14387,330,28271.463,14892.598,169.823,1761.205,0,4.805,7619257.03,10.736
14388,330,28474.547,15038.632,8.623,45.108,45.073,7.393,18037972.093,8.578
14389,331,9962.871,38842.128,163.953,2419.873,0,5.309,9303126.736,8.512
14390,331,10322.605,37996.432,6.714,48.111,66.909,9.472,29607501.274,8.972
14391,331,10709.768,35243.501,91.587,593.262,36.878,1.283,543498.489,7.776
14392,331,10692.243,35507.402,110.77,336.846,61.822,4.223,5885903.016,18.579
14393,331,10733.44,35949.221,65.505,177.167,52.984,4.071,5470057.695,13.886
14394,331,10963.875,33197.724,8.282,39.719,58.025,5.746,10897028.968,8.156
14395,331,10959.203,38161.57,7.577,61.555,49.163,6.665,14660554.142,6.199
14396,331,11117.828,34018.59,96.018,462.666,32.131,4.079,5492126.115,11.726
14397,331,11156.764,37399.628,49.319,117.689,62.72,5.809,11137735.787,15.614
14398,331,11214.893,36826.289,49.53,93.989,65.392,4.264,6001162.798,15.673
14399,331,11291.968,34942.845,47.224,75.542,58.723,2.489,2044348.002,13.762
14400,331,11331.366,35480.733,176.456,2507.354,0,4.615,7027857.417,8.714
14401,331,21619.225,30607.58,91.342,350.8,26.733,3.73,4591781.218,12.839
14402,331,23288.01,29160.163,39.709,69.208,38.88,3.058,3085401.772,12.84
14403,331,23546.801,29778.249,118.037,794.938,0,3.443,3911535.444,10.041
14404,331,26494.778,12968.589,170.679,2984.635,0,5.697,10710447.911,7.992
14405,331,26579.455,13287.076,67.522,258.61,24.136,4.013,5313402.358,10.963
14406,331,27171.763,12998.511,134.607,1692.032,0,4.799,7601454.597,8.037
14407,331,27386.254,14697.203,84.123,204.458,26.939,2.398,1897447.888,14.222
14408,331,27562.756,13925.933,161.635,1674.838,0,4.034,5370930.455,9.712
14409,331,28241.433,14794.381,8.784,29.692,57.595,6.26,12934349.726,10.91
14410,331,32960.469,27204.892,6.165,37.383,30.894,3.64,4373187.89,6.72
14411,331,32993.107,26380.729,165.832,1148.494,0,3.526,4102202.773,12.374
14412,331,33635.114,27095.259,46.843,84.532,39.416,4.281,6047741.314,15.818
14413,331,34251.005,27809.79,55.815,79.27,27.555,3.136,3244879.658,17.894
14414,332,9895.064,39361.641,165.609,1425.171,0,3.813,4798154.035,10.968
14415,332,9957.168,38891.135,51.906,95.682,59.18,4.11,5574033.961,16.147
14416,332,10305.413,38032.479,74.839,172.741,36.837,3.946,5137334.782,16.783
14417,332,10434.333,37720.22,93.21,320.842,30.962,2.088,1439312.62,11.736
14418,332,10481.344,39114.879,8.298,39.881,59.237,5.895,11467827.231,8.24
14419,332,10702.37,35413.758,144.41,2067.006,0,5.296,9256315.235,7.979
14420,332,10719.14,36797.159,4.298,43.981,88.715,6.396,13498498.231,7.193
14421,332,10958.993,38160.613,1.865,41.75,60.103,4.412,6424513.851,6.187
14422,332,10969.653,33259.284,130.185,1351.717,0,5.524,10072072.593,9.476
14423,332,11083.539,37356.482,85.714,266.896,54.158,3.023,3015171.093,13.158
14424,332,11214.795,36832.722,213.129,3533.943,6.161,1.904,1196591.492,7.474
14425,332,11313.13,34889.183,172.313,2289.054,0,4.98,8183154.592,9.239
14426,332,11346.452,35489.485,161.44,2115.771,0,5.243,9072920.563,9.107
14427,332,21678.334,30635.559,7.418,43.417,53.584,4.793,7582315.279,6.884
14428,332,21822.282,30053.744,136.059,1304.273,0,5.371,9521777.408,10.224
14429,332,23187.289,29183.94,85.568,271.465,23.759,2.55,2145474.925,12.318
14430,332,23508.121,29685.316,45.667,76.381,35.744,2.755,2505130.897,13.587
14431,332,23850.935,29452.869,7.468,19.682,41.173,5.465,9854854.579,13.406
14432,332,26540.093,12877.006,139.851,2152.147,0,2.697,2400862.993,6.427
14433,332,26993.258,14130.675,115.789,900.722,0,4.951,8088263.443,10.257
14434,332,27164.467,12999.81,125.595,1627.115,0,3.834,4850085.987,7.096
14435,332,27323.615,14664.109,56.406,124.18,32.185,3.715,4555076.626,14.134
14436,332,27579.144,13879.664,61.304,69.879,43.041,2.551,2147076.352,20.206
14437,332,28409.198,14989.291,117.944,1148.64,0,4.247,5953493.488,8.411
14438,332,32861.928,27227.632,107.122,596.584,0,2.691,2390787.809,10.015
14439,332,32999.555,26391.63,148.133,941.75,0,5.693,10694871.094,15.376
14440,332,34320.889,28039.909,2.813,24.329,38.747,2.662,2339083.486,7.653
14441,333,9957.371,39187.012,210.614,2575.52,0,6.933,15861423.927,13.507
14442,333,9982.945,38833.315,88.31,447.711,42.785,3.868,4937387.691,10.515
14443,333,10289.884,38114.309,166.664,2013.328,0,3.995,5267903.376,8.921
14444,333,10541.076,33010.21,143.958,1156.905,0,6.293,13070984.195,13.243
14445,333,10543.584,33301.273,79.051,233.68,31.985,1.866,1149161.873,11.502
14446,333,10555.602,39114.235,17.998,28.292,59.887,6.68,14724571.663,17.439
14447,333,10685.64,33884.399,85.562,494.696,9.801,6.145,12462036.668,11.525
14448,333,10741.038,35219.43,153.821,2722.998,0,9.849,32014823.747,9.706
14449,333,10686.719,36704.245,124.453,1063.195,37.669,3.853,4898665.17,9.197
14450,333,10939.415,38104.18,221.789,2973.179,0,4.632,7080461.557,10.611
14451,333,11136.277,33992.432,25.186,40.808,48.827,3.635,4361251.427,12.361
14452,333,11192.384,36825.738,135.636,1288.212,28.712,6.19,12643418.749,11.014
14453,333,23175.616,29181.259,143.434,1025.066,0,5,8249550.472,12.748
14454,333,23527.88,29681.268,147.418,1389.68,0,3.104,3178996.528,9.04
14455,333,23786.296,29099.899,52.839,103.492,34.312,4.76,7477940.032,16.904
14456,333,26483.776,12884.094,7.711,48.77,77.434,7.555,18835380.697,7.928
14457,333,27021.514,14123.346,84.202,193.134,30.482,1.196,471928.391,12.937
14458,333,27179.441,13019.426,76.318,217.836,55.148,4.495,6666883.323,15.49
14459,333,27339.796,14668.562,117.453,741.694,0,2.691,2390641.881,9.785
14460,333,27603.093,13923.413,10.606,44.303,44.596,6.119,12355992.3,8.396
14461,333,28455.767,15045.721,47.289,97.185,51.216,5.697,10711236.212,16.995
14462,333,33035.39,26433.528,152.811,1070.139,0,2.453,1986449.038,10.511
14463,333,34274.337,28070.529,82.775,211.824,25.027,3.595,4264291.277,15.864
14464,333,35880.727,29073.495,158.747,1092.044,0,2.172,1556997.385,10.606
14465,333,36099.458,24371.423,44.522,76.517,15.368,3.445,3916394.085,14.359
14466,334,9927.089,39231.648,64.404,110.319,49.306,2.507,2074824.797,15.554
14467,334,9991.256,38849.944,118.771,1247.189,0,4.155,5698379.637,7.992
14468,334,10324.512,39350.735,22.255,62.161,62.189,4.316,6146639.469,8.837
14469,334,10633.454,33910.343,51.912,87.761,44.99,2.036,1367930.163,13.181
14470,334,10541.744,39068.348,162.789,1882.741,0,3.09,3151427.164,8.454
14471,334,10725.924,35192.098,64.754,207.25,61.098,3.299,3590966.021,11.267
14472,334,10710.249,36831.376,192.059,4093.198,0,4.841,7732515.969,7.151
14473,334,10790.892,34844.845,72.307,173.464,57.465,1.841,1118373.839,12.376
14474,334,10924.643,33180.462,150.727,1678.745,0,3.661,4423032.335,8.605
14475,334,11145.505,37402.346,116.158,1100.623,0,7.862,20399155.593,11.257
14476,334,11181.166,36859.21,184.438,3929.613,0,5.948,11674141.864,7.469
14477,334,11311.942,35641.132,146.666,1717.841,0,3.465,3961260.392,8.088
14478,334,11360.041,35394.171,72.591,250.635,39.72,3.078,3127224.374,11.195
14479,334,21677.125,30619.144,46.124,76.842,46.189,5.109,8615641.729,18.555
14480,334,21866.396,30052.409,122.171,961.284,0,6.231,12811571.099,11.829
14481,334,22080.062,30479.942,2.303,54.947,46.78,4.203,5829956.407,5.127
14482,334,23600.373,29669.53,6.208,52.604,44.227,6.716,14884910.858,6.728
14483,334,26526.067,12855.93,123.41,1685.079,0,6.106,12303873.687,7.844
14484,334,27040.781,14136.819,56.884,97.38,49.225,2.957,2885107.635,15.417
14485,334,27145.492,12940.242,55.364,108.705,53.856,3.724,4575765.151,15.218
14486,334,27347.621,14690.794,52.598,58.325,35.416,2.436,1958641.776,18.51
14487,334,28476.571,15117.909,8.078,39.379,35.956,4.768,7503075.467,7.495
14488,334,34317.346,28079.944,2.31,25.529,38.409,2.617,2260052.819,7.361
14489,334,35783.242,26529.338,139.215,821.661,0,2.436,1958379.86,11.022
14490,334,35954.22,28969.773,148.402,975.726,0,3.059,3088158.037,11.361
14491,334,36314.107,27767.647,157.325,1039.122,0,3.327,3652287.026,12.084
14492,335,9911.286,39303.704,52.768,119.32,44.97,3.456,3942136.217,12.951
14493,335,10330.496,38107.717,65.275,194.44,50.1,5.442,9772923.807,15.017
14494,335,10379.124,37728.649,160.077,1964.947,0,2.722,2444668.543,7.891
14495,335,10739.919,35910.476,174.752,2879.806,0,5.517,10047389.826,8.358
14496,335,10713.554,36718.426,5.394,62.622,110.556,5.213,8966565.898,5.264
14497,335,10646.342,38816.95,180.129,2118.684,0,3.681,4472529.633,9.305
14498,335,10792.351,35164.709,229.127,4632.477,0,5.052,8424410.216,8.435
14499,335,10916.762,33098.198,134.438,1136.488,0,2.739,2475220.434,8.906
14500,335,10945.216,38030.885,88.518,375.262,31.62,3.292,3576253.185,11.237
14501,335,11115.535,34090.134,70.081,147.084,37.294,3.496,4033102.612,16.253
14502,335,11126.659,37300.518,48.259,91.226,63.189,3.097,3165578.418,13.404
14503,335,11239.853,36886.494,6.376,31.624,84.51,15.953,83989069.504,19.773
14504,335,11268.367,34931.171,177.282,2575.309,0,4.798,7595965.61,8.731
14505,335,11350.839,35539.275,168.631,2276.051,0,7.757,19859734.677,11.211
14506,335,21718.728,30578.609,135.429,1158.99,0,2.264,1692025.193,8.6
14507,335,23542.194,29712.812,112.552,760.718,0,5.289,9232050.543,11.489
14508,335,23798.971,28943.089,144.496,1036.145,0,4.117,5594818.421,11.695
14509,335,26533.078,12827.237,124.888,1901.514,0,3.428,3878848.36,6.284
14510,335,27016.13,14127.041,145.638,1384.942,0,1.994,1311578.777,8.298
14511,335,27176.615,13038.339,1.84,25.826,67.637,7.107,16669971.369,11.293
14512,335,27359.983,14641.768,1.909,37.998,37.231,3.026,3021491.368,5.944
14513,335,27518.475,13908.438,7.284,20.946,46.847,2.58,2197403.186,9.091
14514,335,27813.056,15296.485,123.928,1018.88,0,4.676,7217476.572,10.083
14515,335,28479.459,15122.227,4.283,71.629,39.638,4.781,7544518.193,4.607
14516,335,33001.37,26366.147,113.056,655.204,0,4.52,6742865.246,11.984
14517,335,33514.917,27876.172,60.684,80.917,25.085,4.195,5807378.815,23.329
14518,335,34307.696,27888.198,142.199,1002.387,0,2.169,1552131.775,9.817
14519,335,35404.224,28640.436,50.127,71.168,30.405,5.449,9799103.671,23.326
14520,335,35980.748,28983.684,157.309,940.141,0,1.622,868760.982,10.95
14521,336,9959.466,38912.017,70.749,210.679,58.204,3.523,4094906.817,12.766
14522,336,10399.008,37790.893,113.626,902.969,21.645,4.008,5301874.842,9.223
14523,336,10367.439,38108.88,198.606,3637.263,0,3.986,5243710.587,7.623
14524,336,10399.705,39204.248,6.76,45.05,71.512,6.21,12728459.641,7.375
14525,336,10688.494,32994.474,149.647,931.021,13.237,1.489,732070.965,10.325
14526,336,10751.262,35197.664,169.134,3097.373,0,6.933,15862421.812,8.363
14527,336,10727.645,35545.705,204.163,3463.761,0,5.135,8702401.325,8.855
14528,336,10677.509,38825.155,175.098,2176.3,0,6.792,15225787.208,11.399
14529,336,10750.445,36011.529,142.77,1790.437,0,3.275,3539778.745,7.544
14530,336,10848.04,38440.795,58.206,148.449,38.954,4.778,7534332.191,14.624
14531,336,10994.374,33239.158,81.812,332.53,29.102,2.517,2091426.114,10.263
14532,336,10924.517,38040.896,177.451,1906.852,3.975,3.393,3799496.977,9.544
14533,336,11141.421,34028.679,113.997,608.737,14.73,2.733,2464556.563,10.699
14534,336,11198.502,37365.765,7.831,20.909,70.952,6.785,15191636.641,14.942
14535,336,11209.98,36941.918,131.25,1792.544,9.506,3.851,4894331.633,7.058
14536,336,11331.073,35210.311,186.521,2870.077,0,5.194,8902934.771,8.95
14537,336,11341.561,35625.873,32.717,57.663,53.594,5.464,9854406.802,15.584
14538,336,21850.843,30554.841,82.218,242.756,30.244,1.912,1206326.178,11.803
14539,336,23038.077,29208.438,17.872,41.655,34.982,4.227,5895316.275,9.798
14540,336,23481.089,29232.775,128.237,1034.679,0,6.745,15015809.235,12.59
14541,336,23783.754,28921.692,146.203,1079.076,0,4.185,5778975.459,11.629
14542,336,26585.919,13013.754,224.456,4128.001,0,5.829,11213491.942,9.426
14543,336,27038.763,14142.339,193.516,2183.174,0,3.42,3859498.375,9.791
14544,336,27166.611,13033.612,150.921,2325.421,0,6.192,12654912.333,8.311
14545,336,27325.067,14628.726,69.268,202.478,19.671,1.853,1133604.364,10.798
14546,336,27802.685,15315.128,55.708,116.027,37.961,3.535,4125088.247,14.287
14547,336,28161.486,15598.015,10.666,36.669,54.149,2.968,2907375.517,7.325
14548,336,28321.589,15914.466,8.492,30.939,44.301,3.418,3856532.012,7.933
14549,336,35419.905,28520.739,117.172,578.588,10.758,3.617,4317655.164,12.524
14550,336,35749.441,26544.556,132.841,875.311,0,2.987,2944878.302,10.518
14551,336,35867.366,30349.777,47.398,66.673,22.388,2.518,2091613.197,15.072
14552,337,10403.203,39202.215,11.322,49.463,62.223,4.001,5282789.993,6.705
14553,337,10660.706,36682.508,167.309,2982.172,0,4.31,6129944.437,7.117
14554,337,10727.171,33847.587,23.979,25.121,54.761,4.799,7600545.588,19.994
14555,337,10754.538,35616.27,185.306,2974.977,0,2.762,2517566.087,7.357
14556,337,10721.706,35911.952,189.975,3168.09,0,5.708,10753422.604,8.904
14557,337,10639.187,38961.914,3.343,35.256,50.669,6.63,14504969.194,8.553
14558,337,10974.788,38024.718,76.452,217.418,34.797,3.079,3129063.161,13.133
14559,337,11202.023,37283.765,5.385,27.824,89.446,6.079,12193922.797,10.213
14560,337,11220.597,36807.441,220.816,4692.432,0,3.751,4643878.305,7.308
14561,337,11265.385,34773.213,90.285,394.275,34.202,3.476,3987532.785,11.357
14562,337,11281.819,35517.31,4.38,55.062,69.791,7.418,18160248.443,6.559
14563,337,21863.345,30580.912,66.162,155.327,31.319,5.852,11301555.172,19.297
14564,337,23078.512,29174.108,147.423,1210.114,0,5.201,8926556.411,11.954
14565,337,23433.997,29856.992,324.273,5169.882,0,3.165,3305796.423,10.647
14566,337,23769.595,28909.636,135.984,1113.743,0,3.742,4621917.403,9.909
14567,337,26524.423,12795.949,24.161,27.492,44.524,2.058,1397764.356,12.807
14568,337,26578.63,13119.937,90.635,223.783,51.91,2.73,2459534.782,15.377
14569,337,27019.449,14169.159,88.902,165.442,26.747,1.478,720599.426,15.437
14570,337,27272.421,14653.702,181.601,1480.307,0,3.157,3290188.133,11.337
14571,337,27585.542,13882.331,67.766,101.061,37.758,3.079,3128845.871,19.275
14572,337,27765.297,15266.717,196.914,2215.694,0,2.122,1485939.926,8.981
14573,337,28547.923,15185.827,190.742,2291.829,0,1.708,962280.955,8.311
14574,337,34274.082,28127.91,150.774,1046.429,0,2.638,2297403.775,10.656
14575,338,9919.808,38880.73,3.449,57.369,74.29,2.628,2278642.987,4.657
14576,338,10370.485,37809.336,144.211,1854.38,0,4.158,5706204.761,7.913
14577,338,10725.128,33921.563,6.549,42.303,49.845,2.986,2942426.483,5.991
14578,338,10723.716,36957.199,5.842,21.26,100.825,3.371,3749512.294,9.465
14579,338,10631.033,38856.369,228.736,3305.94,0,5.685,10666117.622,11.287
14580,338,10718.098,35700.031,241.641,4864.04,0,5.224,9004763.997,8.885
14581,338,10800.579,33038.581,6.346,44.629,50.133,2.974,2918355.216,5.772
14582,338,11135.574,37230.801,119.022,614.913,56.625,3.567,4198559.144,12.198
14583,338,11208.346,36725.402,6.207,33.008,71.428,2.934,2840626.915,6.882
14584,338,11303.203,34860.681,179.493,2638.818,0,6.611,14425169.095,10.054
14585,338,11349.388,35500.063,182.841,2592.301,0,6.488,13893937.367,10.376
14586,338,21881.77,30584.963,139.329,1374.842,0,5.065,8467184.195,9.919
14587,338,23359.634,29845.638,8.553,33.395,34.308,3.373,3755119.201,7.531
14588,338,23743.644,28940.96,142.611,1244.475,0,1.89,1179340.34,8.556
14589,338,23708.762,29592.214,145.099,1118.058,0,3.632,4354562.754,10.653
14590,338,26553.58,12722.104,5.392,23.81,46.633,4.505,6697175.847,9.789
14591,338,26586.518,13103.425,36.863,94.058,57.679,1.109,405772.118,8.464
14592,338,27187.695,13089.707,105.143,426.142,38.008,3.669,4442330.485,13.466
14593,338,27349.617,14682.628,187.966,1847.947,0,2.403,1905183.87,9.646
14594,338,27688.411,13963.386,155.904,1316.293,0,5.561,10205877.134,12.622
14595,338,27742.905,15176.097,91.736,263.125,30.467,2.048,1384336.977,12.936
14596,338,28494.123,15150.781,71.441,148.021,44.688,3.603,4285216.154,16.86
14597,339,9969.667,38891.456,66.949,266.774,76.632,2.366,1847577.312,9.222
14598,339,10376.849,37818.86,119.453,1387.735,0,3.139,3251147.039,7.073
14599,339,10395.801,38080.318,5.879,39.391,73.2,3.287,3565129.377,6.29
14600,339,10488.036,33277.105,4.189,34.597,54.887,5.583,10287825.376,8.03
14601,339,10654.503,33955.632,197.055,2266.65,0,4.588,6947494.522,10.848
14602,339,10660.078,36599.964,149.412,2542.359,0,5.463,9850207.988,7.337
14603,339,10722.229,35643.701,160.146,2309.817,0,2.9,2776371.453,7.261
14604,339,10718.15,36960.136,2.478,28.775,91.096,1.325,579091.452,6.317
14605,339,10716.23,38918.974,6.212,19.506,54.138,7.776,19953782.343,16.725
14606,339,10753.285,35175.373,79.24,464.778,50.01,4.926,8008507.073,9.746
14607,339,10771.392,36025.528,164.475,2153.427,0,2.441,1965650.08,7.597
14608,339,10883.902,33021.297,69.269,219.301,39.105,1.995,1312807.08,10.43
14609,339,10966.717,38101.583,86.848,518.477,26.206,3.901,5021308.261,9.356
14610,339,11197.412,37368.812,5.839,27.356,87.504,2.666,2345764.145,7.494
14611,339,11199.089,34943.411,0.899,20.801,73.104,6.125,12379095.251,12.169
14612,339,11368.683,35471.281,128.396,1536.686,0,5.116,8638949.453,8.24
14613,339,21863.305,29970.712,101.795,342.274,23.018,4.133,5637167.378,15.978
14614,339,21912.895,30560.75,8.534,45.117,43.803,4.565,6878241.816,6.803
14615,339,22932.086,29284.379,196.902,1736.386,0,1.819,1091565.254,10.101
14616,339,23158.176,29154.355,125.423,901.039,0,3.101,3173321.835,9.713
14617,339,23647.279,28918.074,139.891,1481.084,0,4.581,6925388.917,9.103
14618,339,23729.81,29593.35,137.873,1133.961,0,3.07,3109523.999,9.425
14619,339,26468.542,12770.211,41.544,38.135,40.522,4.379,6328822.398,25.936
14620,339,26586.143,13137.104,74.59,291.134,32.552,3.911,5048019.116,11.38
14621,339,27221.766,13092.065,66.935,121.254,58.773,6.395,13498250.175,25.974
14622,339,28201.896,15779.57,117.439,725.942,0,4.828,7692660.851,12.103
14623,339,32868.853,27188.949,136.005,763.181,0,3.34,3681623.559,12.282
14624,339,32996.672,26324.225,138.456,945.681,0,3.929,5095672.649,11.538
14625,339,34291.71,27898.805,68.676,53.391,28.327,2.691,2390180.3,29.845
14626,339,35465.393,29073.169,140.254,959.803,0,4.471,6595612.009,12.276
14627,339,35759.672,26401.514,2.05,30.335,32.586,3.375,3758088.46,7.03
14628,339,35688.404,29805.78,161.849,1137.372,0,2.194,1588104.277,10.61
14629,340,10402.468,37912.769,203.408,3446.615,0,4.542,6807162.755,8.458
14630,340,10484.884,33334.028,131.499,1191.017,0,1.793,1060556.277,7.988
14631,340,10501.774,39143.702,178.187,2279.519,0,5.672,10617055.216,10.284
14632,340,10560.374,33038.167,4.72,55.567,52.937,5.739,10870307.253,5.83
14633,340,10637.731,36882.54,7.694,55.302,71.914,7.972,20975132.552,7.402
14634,340,10738.953,33865.566,51.342,97.953,44.777,3.135,3243329.82,13.823
14635,340,10722.275,35690.431,74.739,180.429,56.857,4.219,5874412.622,16.791
14636,340,10658.358,38931.939,98.541,470.736,29.43,2.744,2485617.519,10.536
14637,340,10740.205,35237.791,147.982,2724.126,0,5.353,9458191.924,6.872
14638,340,10762.22,35950.512,154.152,1945.847,0,5.377,9541210.517,9.154
14639,340,10888.157,38365.265,54.758,99.687,44.224,5.686,10670712.318,20.593
14640,340,10927.397,38041.845,83.468,166.451,40.269,4.278,6038440.554,21.286
14641,340,11132.875,37310.791,153.582,2445.955,0,5.205,8942787.643,7.681
14642,340,11302.807,35876.569,168.34,1970.065,0,3.674,4455079.103,8.94
14643,340,21844.221,29896.311,225.19,2346.45,0,2.304,1752078.563,10.277
14644,340,21989.176,30526.022,38.248,71.594,34.11,3.2,3379034.18,12.231
14645,340,23170.608,29166.674,154.873,1262.092,0,3.974,5211752.06,11.055
14646,340,23560.9,28956.547,126.178,1002.648,17.977,4.731,7386237.347,10.505
14647,340,26480.84,12799.486,10.298,35.916,39.153,2.992,2953355.029,7.347
14648,340,26587.454,13079.074,127.352,1220.617,0,4.603,6990868.137,9.176
14649,340,27167.693,13099.757,120.517,1109.749,0,5.077,8507809.987,9.448
14650,340,33040.039,26375.547,0.966,33.072,31.755,4.339,6213690.679,7.162
14651,340,35426.047,28506.954,141.479,984.387,0.933,3.18,3337395.658,10.75
14652,340,35633.617,29792.446,70.213,134.283,25.143,3.769,4688063.974,18.126
14653,341,9958.007,38912.252,47.211,96.394,88.417,4.335,6202366.129,14.553
14654,341,9968.332,39168.158,82.533,164.383,54.267,3.023,3015955.134,17.556
14655,341,10399.356,37759.652,3.79,74.106,64.886,6.926,15829528.151,5.054
14656,341,10319.486,38081.877,3.357,38.194,77.819,7.425,18193982.83,8.583
14657,341,10461.236,39163.833,51.554,100.28,51.38,4.5,6683859.184,16.212
14658,341,10612.347,33014.926,156.366,1474.726,0,6.097,12268781.787,12.212
14659,341,10718.974,35198.306,7.263,111.923,84.066,9.827,31867733.247,4.755
14660,341,10729.276,35783.182,182.106,2668.426,0,4.971,8155362.557,8.955
14661,341,10701.937,36454.838,174.283,2628.619,0,3.311,3617546.867,7.606
14662,341,10695.213,36763.172,188.8,3803.72,0,5.11,8617809.526,7.464
14663,341,10687.3,38822.823,190.969,2448.397,0,4.893,7901226.303,10.095
14664,341,10758.792,36021.338,33.754,25.467,68.196,3.41,3837676.462,23.437
14665,341,10940.31,38037.676,139.623,1454.759,0,5.785,11045266.386,10.14
14666,341,11140.619,34040.952,131.646,1008.203,0,3.743,4622939.122,10.148
14667,341,11156.601,36793.167,164.239,2940.149,0,4.729,7380518.103,7.199
14668,341,11165.663,37319.377,188.917,3225.177,0,7.097,16622053.034,9.673
14669,341,11281.435,34924.785,50.794,110.04,56.988,5.099,8580077.857,15.864
14670,341,11361.499,35437.127,6.173,44.01,75.338,7.491,18518772.166,8.185
14671,341,21878.74,29921.137,2.437,15.376,40.397,4.625,7060046.877,13.211
14672,341,22081.098,30479.291,5.563,54.374,38.965,6.313,13150346.907,6.277
14673,341,23174.114,29129.879,86.353,228.041,27.294,2.407,1911835.227,13.704
14674,341,23505.495,29010.123,175.836,2099.107,0,4.004,5291952.788,9.313
14675,341,23702.919,29601.064,125.477,934.139,0,4.179,5762286.086,10.425
14676,341,26560.01,13118.44,4.215,41.199,44.485,4.169,5735702.737,6.315
14677,341,27172.669,13080.938,90.024,236.129,22.186,3.03,3030638.721,15.283
14678,341,27722.3,14057.163,157.209,1316.124,0,4.148,5679586.711,11.145
14679,341,28450.901,15840.003,120.227,704.129,3.554,2.846,2672252.274,10.531
14680,341,28649.28,15312.596,53.932,96.889,28.768,2.901,2776571.328,14.367
14681,341,33027.727,26341.495,64.864,78.949,29.271,3.657,4414015.563,24.111
14682,341,34319.761,27843.741,2.04,39.566,36.351,2.666,2344883.322,5.677
14683,341,35362.942,28635.301,6.095,52.713,32.57,3.583,4236768.012,5.391
14684,341,35565.015,29685.561,200.56,1708.682,0,1.548,790577.278,10.21
14685,341,35876.608,26408.452,233.109,2372.117,0,2.95,2872364.999,11.285
14686,341,35956.311,29052.408,119.452,700.986,0,3.979,5226397.379,11.678
14687,342,9937.562,39286.697,27.164,49.793,45.446,0.693,158715.405,9.036
14688,342,9960.185,38935.34,46.86,171.953,83.961,4.393,6368056.107,9.541
14689,342,10320.88,38050.587,139.518,1920.353,0,5.39,9588647.695,8.063
14690,342,10493.483,33038.339,57.591,109.503,38.831,3.453,3934259.283,15.395
14691,342,10565.621,33345.476,7.93,25.346,58.043,4.956,8105518.823,10.506
14692,342,10468.13,39126.681,204.664,2970.33,0,1.841,1118368.887,7.84
14693,342,10664.25,33898.01,152.953,1438.962,0,2.849,2678772.959,9.077
14694,342,10673.408,36675.1,176.953,3287.366,0,6.244,12867961.483,8.152
14695,342,10648.747,38911.887,151.3,1979.821,0,5.444,9779641.433,8.856
14696,342,10751.523,35206.645,55.202,118.496,78.434,5.68,10648226.2,18.018
14697,342,10903.189,38327.701,40.61,79.369,49.363,4.828,7693203.511,14.727
14698,342,10927.608,33402.795,50.929,70.055,44.331,4.097,5538374.581,20.038
14699,342,11159.504,37374.324,198.089,3498.23,0,6.219,12764811.635,9.144
14700,342,11243.891,34946.367,188.955,3095.421,0,2.982,2934634.247,7.444
14701,342,21841.755,29840.264,1.937,17.568,39.455,3.317,3631135.333,10.074
14702,342,23521.354,29040.654,5.729,39.125,43.581,3.311,3618338.709,6.307
14703,342,26481.763,12760.468,4.212,22.093,47.424,4.881,7862836.655,10.533
14704,342,26554.708,13119.451,5.825,27.727,48.552,2.399,1898586.412,7.27
14705,342,27212.937,13079.515,108.203,660.326,10.077,5.765,10969389.624,12.626
14706,342,27760.58,15289.885,9.347,44.557,42.886,5.014,8295891.264,7.297
14707,342,28559.255,15841.929,7.904,33.85,46.663,2.95,2871548.356,7.079
14708,342,33039.729,26410.338,137.131,879.893,0,4.312,6139265.258,12.458
14709,342,34333.836,27853.428,63.446,171.746,18.989,2.42,1932446.455,11.368
14710,342,35419.646,28553.068,147.243,1146.302,0,2.717,2437014.049,9.857
14711,342,35760.718,26399.847,6.107,47.259,30.591,3.409,3834198.339,5.701
14712,343,9961.161,38921.259,211.566,5369.617,0,5.031,8353365.736,6.869
14713,343,10559.871,33360.07,2.678,39.664,61.818,3.705,4530946.133,6.117
14714,343,10479.443,39203.723,10.384,72.663,58.786,7.292,17549374.755,6.273
14715,343,10637.178,36755.257,133.659,1981.034,0,6.128,12395056.416,7.825
14716,343,10663.501,33989.124,26.207,26.98,52.493,2.43,1948136.564,14.619
14717,343,10705.641,35474.672,151.698,2311.113,0,2.534,2119943.434,6.706
14718,343,10799.453,35160.791,2.933,38.792,79.273,2.984,2938249.5,5.913
14719,343,11134.333,37151.689,146.873,2027.532,0,3.745,4628670.735,7.449
14720,343,11140.91,37376.601,190.628,2847.024,0,3.136,3246359.834,7.979
14721,343,11279.402,34958.838,7.257,24.257,70.571,3.574,4215375.591,9.161
14722,343,11179.636,36736.474,79.118,188.082,62.781,4.259,5984866.482,17.765
14723,343,11343.967,35484.379,47.686,103.28,65.664,4.85,7761435.666,14.856
14724,343,21859.521,29830.65,148.317,1629.066,0,4.585,6938450.559,9.231
14725,343,23198.634,29118.082,2.862,42.169,35.294,4.757,7468143.451,6.374
14726,343,23339.34,29848.853,76.016,104.847,28.853,3.048,3065394.487,21.931
14727,343,23500.858,29103.748,147.603,1323.991,0,3.772,4696437.031,9.858
14728,343,26547.827,12847.424,48.068,71.519,49.474,4.721,7353956.44,19.828
14729,343,27172.308,13065.617,113.42,1007.273,0,7.131,16780614.141,10.988
14730,343,33064.951,26384.736,102.897,516.672,0,2.286,1724134.197,10.077
14731,343,33819.038,27334.084,95.88,264.072,19.392,3.128,3230010.083,15.587
14732,343,34652.309,29480.589,241.147,1951.51,0,4.125,5615422.47,15.446
14733,343,35406.405,28508.753,93.747,268.546,23.862,1.632,878995.457,12.558
14734,344,9954.94,38961.232,155.26,3124.17,0,5.899,11483754.424,6.902
14735,344,10412.928,37880.199,37.124,45.546,72.789,4.532,6777865.76,19.676
14736,344,10401.22,39194.26,7.809,32.611,57.12,4.53,6772280.369,8.319
14737,344,10568.985,33337.421,47.374,77.728,50.245,3.217,3416363.785,14.882
14738,344,10727.169,35475.324,232.057,4786.794,0,4.201,5824815.859,7.904
14739,344,10693.849,36639.457,238.538,5193.829,0,5.578,10269449.242,8.557
14740,344,10796.199,35124.213,7.588,56.025,73.146,5.817,11165970.897,6.252
14741,344,10826.782,33049.083,77.699,181.503,38.076,4.071,5468768.023,17.345
14742,344,10953.849,37996.418,153.733,1649.901,0,3.759,4662755.124,8.987
14743,344,11174.715,36967.478,284.883,8380.954,0,4.505,6697143.469,7.313
14744,344,11293.718,34948.62,42.776,56.595,56.541,2.678,2366763.928,15.279
14745,344,21862.354,29849.049,73.716,170.015,47.438,4.748,7438673.448,18.461
14746,344,23233.4,29134.526,94.659,268.918,37.521,5.703,10733302.562,21.094
14747,344,23277.683,29918.796,2.846,39.363,40.492,6.606,14399418.757,7.777
14748,344,23555.848,28976.694,93.135,146.026,34.514,1.556,799393.948,17.758
14749,344,26478.519,12881.08,4.531,18.384,63.493,4.317,6151287.233,11.429
14750,344,26960.301,14012.319,167.794,1351.023,0,3.16,3296285.588,10.87
14751,344,27760.887,15288.487,3.662,39.699,50.272,4.586,6940574.823,6.627
14752,344,28303.529,14959.946,219.086,2621.02,0,3.575,4218689.679,10.343
14753,344,28445.798,15863.215,145.336,1394.26,0,4.365,6286774.96,9.811
14754,344,33043.524,26347.072,67.512,92.676,29.722,3.832,4846178.319,23.141
14755,344,34289.851,27964.585,194.125,1417.651,0,2.427,1943415.082,11.796
14756,344,35363.736,28535.779,55.011,79.605,33.502,3.378,3766256.662,18.144
14757,344,35831.024,26246.668,109.202,705.144,3.791,2.993,2957002.343,9.476
14758,344,35876.926,24902.841,113.292,580.159,0,4.626,7061523.965,13.292
14759,344,36893.583,25638.335,26.532,28.942,23.498,3.166,3308600.522,15.665
14760,345,9924.374,38913.21,187.461,4092.528,0,6.983,16090939.74,7.941
14761,345,10346.271,38076.197,203.436,3791.968,0,5.531,10096695.044,8.519
14762,345,10399.296,39192.164,17.63,50.055,61.148,5.992,11849280.134,10.022
14763,345,10544.622,33092.566,138.165,1131.082,0,1.792,1059239.177,8.665
14764,345,10559.702,33360.065,0.485,36.985,50.334,2.749,2493606.239,5.89
14765,345,10752.679,35213.951,194.838,3349.319,0,7.246,17328477.096,9.959
14766,345,10716.701,35999.712,9.026,31.988,69.318,6.034,12015865.431,10.139
14767,345,10711.047,38838.141,88.802,457.212,28.822,4.927,8011786.457,11.535
14768,345,10816.4,32951.125,45.801,84.618,31.617,3.42,3860881.695,13.792
14769,345,10883.508,38236.952,8.727,38.881,54.179,2.427,1944002.866,6.421
14770,345,11005.454,33379.384,120.455,610.617,22.114,2.677,2364323.707,11.364
14771,345,11145.99,34248.752,171.975,1805.02,0,4.947,8077843.361,10.878
14772,345,11200.319,37008.736,205.789,3773.976,0,5.454,9817293.345,8.636
14773,345,11281.139,34800.34,2.124,37.004,52.727,1.17,451821.717,5.486
14774,345,21897.301,29883.966,154.956,2028.151,0,4.243,5942436.117,8.233
14775,345,22000.322,30317.002,7.082,26.851,45.975,4.73,7383703.331,9.574
14776,345,23175.078,29131.838,79.735,298.98,29.27,3.712,4547671.558,11.95
14777,345,23277.713,29921.225,10.354,52.234,49.789,6.279,13013036.24,7.447
14778,345,23487.236,28965.828,224.22,2914.181,0,1.911,1205655.324,8.786
14779,345,26467.797,12850.498,86.842,327.683,21.55,4.3,6103318.685,13.395
14780,345,27191.961,13081.456,157.24,1889.485,0,2.797,2581260.127,7.944
14781,345,27759.556,15285.019,145.701,2186.355,0,3.451,3929876.075,6.928
14782,345,28447.655,15181.374,267.535,3299.484,0,3.688,4489092.88,11.699
14783,345,28521.976,15902.145,171.897,1900.958,0,5.031,8351730.737,10.55
14784,345,34327.82,27938.031,36.512,29.34,31.726,2.852,2683676.678,20.903
14785,345,35916.445,26161.937,9.544,36.079,32.051,0.782,201615.871,6.324
14786,345,35927.087,30025.909,120.881,715.613,0,4.439,6502330.06,12.257
14787,345,36160.054,27860.989,2.128,23.504,34.399,3.963,5183453.446,8.841
14788,345,37095.948,25619.357,135.071,660.775,0,2.396,1894674.244,12.106
14789,346,9921.008,38960.407,1.469,83.657,92.643,7.069,16492313.032,4.557
14790,346,10361.374,37898.67,140.532,1712.144,5.79,4.621,7047263.698,8.331
14791,346,10404.928,39134.805,184.325,2105.386,0,5.377,9542450.907,11.171
14792,346,10539.303,33076.879,60.534,136.764,37.927,1.999,1318749.813,11.884
14793,346,10523.491,33390.546,250.594,4051.879,0,2.611,2249529.676,8.632
14794,346,10663.711,33889.982,60.182,81.207,40.829,2.511,2080042.543,17.62
14795,346,10642.444,36672.663,168.31,2785.903,0,6.201,12689755.76,8.524
14796,346,10684.504,35840.276,2.144,36.267,59.756,7.633,19229640.058,8.962
14797,346,10751.104,36030.97,184.831,2526.11,0,3.95,5147868.132,8.762
14798,346,10712.23,38823.141,150.015,1435.155,0,3.609,4297524.77,9.42
14799,346,10813.369,33027.69,213.86,2763.751,0,6.272,12981317.082,12.323
14800,346,10969.366,33324.87,149.827,1467.408,0,2.6,2231108.199,8.604
14801,346,10939.38,38026.033,199.235,2501.193,0,5.377,9541701.762,11.021
14802,346,11041.633,37519.137,8.202,35.008,58.539,6.145,12462611.617,9.286
14803,346,11199.509,37155.35,68.433,64.525,78.55,1.486,728493.698,20.263
14804,346,11187.832,36756.165,70.999,190.625,54.418,2.941,2854913.846,12.857
14805,346,11245.515,34859.597,84.091,191.349,47.293,2.372,1856244.589,14.793
14806,346,11362.686,35410.713,58.13,130.07,56.19,2.282,1718979.995,12.051
14807,346,21906.273,29859.124,95.082,496.004,34.929,4.016,5321460.283,10.955
14808,346,22080.074,30400.269,0.393,34.287,48.114,2.67,2353442.316,6.126
14809,346,23259.826,29888.721,140.118,1431.433,0,1.637,884443.865,7.684
14810,346,23565.276,28926.916,79.106,411.868,26.625,6.153,12494310.129,11.843
14811,346,26532.77,12771.936,116.449,807.093,0,3.665,4432812.001,9.962
14812,346,27179.011,13055.899,160.295,1919.719,0,6.683,14737407.595,10.873
14813,346,27788.909,15313.383,130.972,1373.305,0,2.68,2370282.107,7.703
14814,346,28479.932,15197.016,5.42,64.169,44.345,3.293,3579515.281,4.655
14815,346,28521.193,15863.115,146.221,1238.393,0,6.478,13847734.797,13.077
14816,346,32588.789,33254.15,105.227,362.076,0,3.025,3019263.131,13.995
14817,346,33042.385,26403.05,4.651,35.247,25.606,2.276,1709325.76,6.128
14818,346,33841.689,27274.177,9.56,50.67,30.079,2.567,2174894.173,5.694
14819,346,34305.457,27961.862,134.634,924.086,0,2.537,2124335.202,9.947
14820,346,35401.512,30423.776,107.488,471.208,0,4.181,5770769.893,13.692
14821,346,35840.838,29111.145,6.1,37.743,33.993,3.512,4069488.037,6.603
14822,346,35985.727,30151.125,26.623,27.275,30.448,2.526,2105888.594,14.93
14823,346,36240.35,27916.419,6.913,23.149,34.04,3.244,3473563.097,9.048
14824,347,9961.805,38909.806,112.586,1066.169,45.924,9.771,31510251.142,12.678
14825,347,10350.752,37953.984,114.509,713.263,48.07,6.513,13998878.273,13.916
14826,347,10400.176,39200.216,0.597,50.289,54.004,5.738,10866095.093,5.962
14827,347,10531.867,33150.33,134.872,1174.725,0,6.223,12778109.328,11.757
14828,347,10648.803,33390.98,28.773,50.32,52.268,5.48,9908780.214,14.989
14829,347,10695.487,35881.391,156.66,2009.832,0,8.789,25494939.964,11.925
14830,347,10673.599,36641.531,4.594,25.344,78.435,6.939,15889789.781,11.781
14831,347,10639.297,38961.752,3.484,32.221,53.289,4.776,7528230.294,7.774
14832,347,10813.512,34944.052,237.441,4436.69,0,2.651,2318527.148,7.712
14833,347,10801.176,33039.121,3.813,40.683,48.802,4.347,6236084.344,6.413
14834,347,10902.165,38183.254,99.343,569.277,15.604,2.443,1969228.753,9.251
14835,347,11222.982,37349.669,67.683,117.624,70.477,3.775,4703842.824,19.064
14836,347,11186.765,37122.109,164.655,2724.611,0,3.363,3732245.694,6.982
14837,347,11257.584,34841.899,176.449,2424.975,0,5.267,9154905.332,9.381
14838,347,11284.336,35793.128,85.654,323.895,31.744,1.611,857019.446,10.216
14839,347,11366.507,35383.131,157.763,1989.761,0,5.06,8449474.781,9.079
14840,347,23281.704,29919.305,5.488,68.467,42.1,3.954,5158166.867,4.637
14841,347,23567.362,28949.122,69.054,157.27,35.076,6.5,13945214.74,22.016
14842,347,23833.188,29519.804,7.029,24.329,43.071,4.584,6933593.265,10.133
14843,347,27799.97,15257.372,97.673,270.444,56.692,5.124,8665478.97,20.538
14844,347,28473.943,15224.574,70.457,158.226,34.824,3.517,4082561.742,15.563
14845,347,28593.253,15921.643,63.726,113.507,31.969,3.269,3526258.96,16.737
14846,347,33060.256,26392.119,30.22,36.585,29.987,1.757,1018315.435,12.582
14847,347,33849.808,27260.676,140.792,849.859,0,2.663,2340774.976,11.177
14848,347,35678.362,29201.324,2.276,18.83,40.279,2.762,2518316.222,9.043
14849,347,35840.711,29910.456,9.223,44.929,39.874,5.258,9122921.486,7.37
14850,347,35910.347,28961.497,6.009,23.658,33.588,3.222,3426631.2,8.699
14851,347,36087.554,26236.789,7.573,25.548,30.559,2.953,2877001.728,8.377
14852,347,36240.888,27847.187,7.781,41.706,30.682,4.117,5594903.37,6.773
14853,347,37040.226,25597.457,6.895,47.5,20.111,2.758,2510042.445,5.565
14854,348,9990.919,38879.576,214.701,5037.533,0,9.024,26873350.855,9.531
14855,348,10384.953,37962.787,156.036,2289.184,0,6.325,13202850.978,8.899
14856,348,10548.533,33299.725,157.3,1742.705,0,5.073,8492100.97,9.938
14857,348,10719.951,35283.11,10.017,61.772,77.433,3.366,3738175.508,5.375
14858,348,10718.71,35840.016,8.576,57.682,61.695,4.661,7168907.571,5.821
14859,348,10674.726,36565.628,357.194,11285.798,0,6.837,15426935.819,9.59
14860,348,10677.013,38845.464,97.202,486.845,24.424,6.271,12979502.884,14.325
14861,348,10882.198,38423.574,85.382,407.372,19.199,3.325,3647804.768,10.208
14862,348,11165.123,37074.088,186.25,3504.587,0,5.492,9952903.742,7.947
14863,348,11302.197,35874.834,107.89,689.292,16.702,5.288,9229889.311,11.63
14864,348,11356.575,35382.959,180.011,2437.033,0,5.109,8613340.065,9.492
14865,348,21758.612,29999.56,6.552,23.272,40.585,4.196,5811492.153,9.905
14866,348,22063.092,29713.29,52.305,66.922,34.881,2.706,2416834.983,17.416
14867,348,23280.263,29919.799,0.554,64.724,45.792,4.71,7321027.575,4.714
14868,348,23564.532,28980.852,83.655,182.676,31.287,5.988,11832087.934,24.876
14869,348,23774.19,29401.268,49.037,64.5,36.144,4.655,7150743.706,22.015
14870,348,26557.035,12719.891,4.598,26.827,38.313,2.08,1427612.38,7.065
14871,348,27801.02,15321.817,92.84,631.01,29.583,6.282,13023125.809,10.906
14872,348,28587.283,15900.066,42.052,53.722,35.875,4.233,5914252.06,19.445
14873,348,33077.935,26377.054,116.951,589.454,0,5.142,8725035.182,14.556
14874,348,35722.15,29868.03,77.73,209.652,24.773,3.808,4784488.862,15.044
14875,348,35974.915,30054.713,42.148,51.693,30.224,1.716,971679.253,14.035
14876,348,37154.099,25524.401,51.475,42.196,25.405,2.824,2631094.05,24.484
14877,349,9920.674,39277.883,2.721,66.478,54.88,5.922,11572089.829,5.052
14878,349,9965.853,38904.851,100.123,837.275,48.274,8.123,21775818.577,11.353
14879,349,10536.192,33318.516,154.66,1523.56,0,4.292,6079274.653,9.979
14880,349,10719.3,35447.929,8.824,38.534,84.025,8.057,21424253.146,10.375
14881,349,10736.685,35955.329,168.889,2102.424,0,2.452,1984615.076,7.94
14882,349,10631.751,38878.658,4.545,26.182,60.471,4.036,5375920.329,8.548
14883,349,10762.088,34945.874,152.867,932.171,36.321,4.931,8025451.606,14.978
14884,349,10812.075,32998.182,81.471,128.407,36.179,4.545,6817549.321,26.45
14885,349,10963.883,33361.832,6.007,33.854,41.975,1.244,510959.935,6.096
14886,349,11158.725,36774.204,170.583,2790.968,0,5.151,8755921.945,8.053
14887,349,11275.675,34811.776,8.197,27.72,65.028,4.481,6625188.449,9.419
14888,349,11201.867,37119.246,5.382,75.007,77.534,9.181,27814729.752,5.927
14889,349,11336.543,35369.549,211.517,3149.354,0,4.439,6503088.598,9.394
14890,349,21600.294,30512.19,2.144,16.591,36.352,3.095,3161974.309,10.222
14891,349,22118.092,29707.177,76.591,265.62,19.602,2.835,2651477.223,11.239
14892,349,23279.871,29901.463,1.592,32.199,43.695,3.997,5273126.57,7.106
14893,349,23625.809,28931.622,167.589,1697.727,0,5.997,11869170.541,12.062
14894,349,23856.415,29409.661,61.308,116.601,30.165,1.584,828263.524,12.706
14895,349,26516.922,12711.898,109.338,745.463,0,4.623,7052376.773,10.529
14896,349,26877.948,13905.65,43.867,69.531,33.221,3.246,3477552.659,14.72
14897,349,27362.667,14792.842,9.122,42.344,28.905,2.448,1976990.495,6.189
14898,349,27766.367,15263.152,53.338,118.331,56.449,3.518,4084914.664,13.299
14899,349,28481.781,15201.634,6.994,46.5,47.151,4.387,6350019.42,6.297
14900,349,28568.788,15929.897,61.883,119.673,32.755,4.396,6376957.772,18.017
14901,349,32643.515,33041.129,6.269,20.786,21.52,2.484,2036398.064,8.821
14902,349,34295.66,28176.055,120.604,774.096,0,2.39,1884666.219,9.608
14903,349,35519.875,30483.898,12.462,19.323,28.103,2.119,1482020.528,10.664
14904,349,35603.755,29201.869,8.886,42.109,43.173,1.993,1310587.345,6.012
14905,349,35761.466,25555.243,25.385,51.236,23.131,3.899,5018154.926,10.912
14906,349,35918.476,29999.322,2.946,50.672,41.802,3.016,3002509.438,5.062
14907,349,36400.881,27811.78,137.039,863.873,0,2.692,2391449.031,10.731
14908,350,10004.01,38850.914,100.061,807.261,43.749,3.985,5241193.298,8.429
14909,350,10000.123,39239.95,2.933,37.523,73.647,3.453,3935062.014,6.237
14910,350,10431.029,37864.241,221.526,4111.192,0,6.427,13630331.753,9.715
14911,350,10411.513,39209.847,143.528,1510.683,0,8.654,24714285.976,12.97
14912,350,10648.518,36613.913,166.271,2983.457,0,3.506,4057132.578,6.745
14913,350,10676.833,38832.61,187.853,2763.763,0,4.531,6775798.381,8.815
14914,350,10812.941,34934.361,65.541,126.157,63.347,2.623,2270929.874,14.754
14915,350,10745.29,35309.58,93.717,526.57,50.211,9.512,29858341.473,16.851
14916,350,10904.509,38388.801,160.228,1972.012,0,2.811,2608516.377,7.926
14917,350,11206.682,36689.335,93.315,561.074,27.244,6.392,13482451.119,12.154
14918,350,11199.803,37015.556,159.77,2091.464,1.992,4.099,5543990.455,8.306
14919,350,11287.8,34764.114,162.422,1955.994,0,6.323,13193749.693,10.615
14920,350,11314.518,35334.987,103.453,406.07,42.647,6.718,14896002.936,19.279
14921,350,11291.764,35846.964,223.76,3075.752,0,3.581,4232953.892,9.58
14922,350,21881.862,29998.964,2.951,13.282,47.66,3.701,4519562.486,13.15
14923,350,22196.253,29688.593,139.838,957.139,0,4.344,6226806.062,12.092
14924,350,23198.022,29915.416,178.048,1656.635,0,5.009,8280932.854,12.257
14925,350,24077.817,28966.9,4.382,42.776,31.471,2.976,2922809.155,5.693
14926,350,26528.998,12662.761,100.194,400.697,17.915,4.527,6762093.507,14.519
14927,350,27017.758,12894.268,15.183,18.37,48.796,3.252,3489680.177,14.156
14928,350,27041.66,14197.866,55.744,150.096,32.407,3.797,4756902.472,12.269
14929,350,27089.286,13103.716,250.174,3364.066,0,4.583,6930597.701,11.473
14930,350,27736.347,15293.889,139.038,2030.082,0,5.997,11870514.839,8.051
14931,350,28400.864,15116.586,8.473,58.197,50.184,6.305,13120673.899,6.47
14932,350,28614.283,15958.858,114.581,752.644,0,5.157,8776755.072,11.739
14933,350,34304.86,28206.077,115.396,757.98,0,4.553,6840998.707,11.14
14934,350,35465.991,30439.339,135.671,761.737,0,2.206,1605860.96,10.961
14935,350,35612.731,27016.971,62.309,110.146,25.653,4.418,6442151.635,19.502
14936,350,35555.333,29212.458,165.392,1438.711,0,5.534,10105617.854,12.859
14937,350,35962.3,30055.046,133.231,994.873,0,3.998,5275736.914,10.646
14938,350,36080.531,27601.157,1.449,46.91,27.967,1.515,756989.557,4.88
14939,350,37125.461,25516.651,8.375,31.506,25.411,4.341,6219642.694,8.517
14940,351,10352.77,37900.918,54.339,182.485,52.183,5.777,11014707.517,12.572
14941,351,10486.821,39201.716,6.519,32.929,63.044,5.037,8372424.297,8.355
14942,351,10681.961,36642.526,177.057,3524.526,0,2.274,1705994.176,6.224
14943,351,10805.388,34892.582,175.141,2718.459,0,4.83,7698378.621,8.301
14944,351,10768.458,35337.966,37.388,44.978,71.096,3.027,3024148.782,16.142
14945,351,10723.347,38800.566,4.067,35.212,61.666,5.422,9701434.57,7.796
14946,351,10859.441,33158.983,275.746,4729.394,0,3.204,3387311.48,9.208
14947,351,10872.849,38391.737,152.69,1773.356,3.113,5.065,8465247.855,9.411
14948,351,11228.385,37265.616,104.546,383.891,66.395,5.016,8303450.681,16.951
14949,351,11197.832,36800.682,1.079,31.283,74.282,7.233,17263562.327,9.691
14950,351,11336.086,35370.511,136.51,1689.104,0,2.752,2500217.338,7.195
14951,351,11280.868,35999.128,2.483,43.767,53.246,2.345,1814109.18,5.286
14952,351,21915.228,29925.378,6.083,29.348,46.59,2.563,2167697.863,7.159
14953,351,23188.244,29919.72,123.269,1040.64,0,2.986,2941951.719,8.627
14954,351,23567.998,28961.264,54.423,89.555,38.543,3.631,4351501.858,16.974
14955,351,23923.53,29438.185,10.017,44.347,41.439,3.547,4150881.147,6.662
14956,351,24081.376,28961.251,8.61,24.714,38.513,3.206,3392065.135,9.047
14957,351,27053.406,14174.166,142.534,1031.395,0,3.062,3094928.453,10.419
14958,351,27126.5,13084.597,140.403,1158.865,0,4.12,5600640.671,10.405
14959,351,27449.692,13882.393,223.423,2408.047,0,2.444,1971932.037,10.14
14960,351,27741.506,15281.237,120.829,1639.716,0,6.539,14110780.872,7.995
14961,351,28482.414,15283.932,7.301,28.565,39.894,3.815,4802500.498,8.399
14962,351,34323.779,28193.2,136.514,1040.759,0,3.789,4737053.679,10.463
14963,351,35502.157,30439.715,143.391,763.952,0,2.614,2255365.987,12.17
14964,351,35955.889,30093.09,33.717,36.658,37.842,2.286,1724873.619,14.929
14965,352,9912.156,39275.671,42.818,86.398,52.084,2.511,2080422.165,11.357
14966,352,9973.327,38849.634,75.454,406.725,66.599,6.253,12903150.724,11.26
14967,352,10504.021,33272.601,166.85,1750.714,0,3.218,3416980.784,9.197
14968,352,10423.041,39200.876,138.741,1353.077,0,3.146,3265920.336,8.566
14969,352,10692.524,35777.653,110.986,442.024,41.904,4.699,7287207.634,16.001
14970,352,10639.131,36637.641,2.384,44.359,82.579,4.601,6985485.219,6.055
14971,352,10793.497,34923.055,59.054,137.065,68.021,3.983,5235817.684,14.433
14972,352,10717.896,35254.423,209.857,4783.026,0,6.977,16066269.585,8.343
14973,352,11252.266,35916.687,225.151,3569.893,0,3.189,3356314.947,8.53
14974,352,11212.759,36768.483,64.9,231.284,59.102,6.078,12192934.193,13.849
14975,352,11201.877,37312.924,134.842,1656.622,0,4.897,7914817.295,8.228
14976,352,11280.731,34802.228,5.484,89.286,75.042,7.489,18507278.685,4.729
14977,352,11329.458,35410.115,196.542,3047.927,0,6.492,13909065.153,10.232
14978,352,22187.19,29663.519,54.08,93.109,31.889,1.953,1258219.423,13.173
14979,352,23843.505,29516.238,7.78,29.224,48.752,3.45,3928401.825,8.093
14980,352,27036.238,12930.597,37.413,70.929,37.309,2.057,1395824.435,10.681
14981,352,27038.67,14145.381,50.544,123.195,49.102,4.623,7053707.257,13.669
14982,352,28483.996,15282.098,7.974,48.691,45.256,4.012,5310980.515,6.108
14983,352,35479.122,30439.209,189.756,1377.65,0,2.295,1738517.222,11.529
14984,352,35689.456,27190.102,59.073,118.362,34.77,3.641,4374619.627,15.417
14985,352,35763.62,24994.794,149.776,840.03,0,2.467,2008452.619,11.919
14986,352,36075.656,30205.941,130.24,799.265,0,5.677,10637105.846,14.304
14987,352,37119.6,25441.842,2.703,42.591,26.498,4.113,5582451.825,6.022
14988,353,10015.078,38836.31,73.791,272.055,75.337,6.581,14292769.998,15.488
14989,353,10401.552,37814.188,73.249,285.256,40.195,5.997,11866950.806,13.904
14990,353,10470.325,33302.743,55.461,171.22,38.505,2.738,2473606.987,10.067
14991,353,10438.402,39213.125,109.859,1068.953,2.254,7.542,18774179.215,10.314
14992,353,10698.914,34920.631,151.618,1864.083,0,2.929,2832099.927,7.739
14993,353,10678.864,36616.848,205.165,3799.635,0,3.795,4753492.735,7.628
14994,353,10742.652,35718.768,162.821,1423.708,23.978,3.197,3372259.514,10.148
14995,353,10735.521,38765.696,59.662,95.554,50.301,3.178,3333572.14,17.154
14996,353,10879.576,38405.17,6.777,24.734,61.365,5.283,9211744.704,10.715
14997,353,10955.627,33637.018,223.247,3019.296,0,4.032,5364065.308,10.045
14998,353,11166.29,37108.063,44.32,82.119,63.948,3.732,4595264.789,14.06
14999,353,11188.54,36781.623,76.041,281.741,61.09,3.396,3805992.695,11.332
15000,353,11278.252,34807.258,10.06,71.354,67.976,8.802,25569159.119,6.947
15001,353,11700.085,9799.511,132.702,578.016,0,2.312,1763711.115,12.764
15002,353,22871.603,29287.353,153.418,1022.16,0,1.771,1035462.662,10.272
15003,353,23573.522,28925.838,148.955,1165.314,0,3.503,4049602.712,10.599
15004,353,23993.37,28888.505,161.32,1163.45,5.38,3.22,3422769.564,11.458
15005,353,26665.604,12593.798,138.797,930.846,0,5.013,8292292.652,13.075
15006,353,26714.408,13240.174,5.183,35.6,47.221,4.491,6656183.289,7.289
15007,353,27032.478,14108.789,147.365,1573.995,0,4.632,7079732.38,9.404
15008,353,27067.298,12943.248,137.516,1156.028,2.713,2.813,2611633.113,9.104
15009,353,27387.692,14795.526,75.556,171.395,19.068,2.126,1492202.39,13.521
15010,353,27438.831,13840.397,6.002,55.126,42.092,6.546,14140522.372,6.386
15011,353,27784.122,15320.215,55.77,150.744,55.801,6.59,14333846.852,16.529
15012,353,28530.586,15220.233,101.687,455.298,28.085,3.164,3304007.048,11.653
15013,353,28640.714,15957.82,2.072,22.729,36.414,2.855,2689959.058,8.071
15014,353,33038.611,26400.582,3.007,36.775,25.018,4.733,7392283.649,7.005
15015,353,34331.077,28037.597,145.97,1058.001,0,4.908,7948030.413,12.656
15016,353,35649.836,29214.256,44.102,42.915,32.788,2.91,2793712.461,20.037
15017,353,35838.461,24980.366,29.844,36.204,37.578,5.176,8840107.269,19.769
15018,353,35968.519,30101.891,132.338,1020.112,0,4.108,5568152.628,10.475
15019,353,36398.153,25437.181,7.877,42.1,27.534,2.99,2950765.989,6.213
15020,353,37111.293,25453.68,147.804,856.641,0,2.281,1716687.979,11.381
15021,354,9998.834,38817.956,163.937,3381.909,0,3.993,5261345.722,6.313
15022,354,10389.637,37881.13,159.077,2112.913,0,5.165,8802508.359,8.878
15023,354,10489.37,33293.8,163.95,1815.954,0,7.321,17685616.791,12.411
15024,354,10442.067,39208.363,80.92,336.945,46.879,5.117,8639510.243,12.934
15025,354,10647.052,33909.073,54.725,106.838,40.614,2.27,1700389.483,12.704
15026,354,10695.542,36633.236,164.145,2856.029,0,7.47,18413964.59,8.821
15027,354,10686.946,38787.269,150.194,1751.141,0,4.292,6078517.656,8.738
15028,354,10746.383,35227.355,90.125,320.501,66.614,2.954,2879603.412,12.323
15029,354,10902.116,38283.217,146.187,1355.752,0,6.594,14348584.565,12.292
15030,354,10960.352,33501.843,18.648,36.906,50.21,4.243,5941713.787,11.044
15031,354,11190.261,37252.225,180.066,2668.466,0,5.906,11510729.681,9.479
15032,354,21809.263,29967.11,115.366,826.67,0,5.392,9594979.14,11.299
15033,354,22147.31,29723.558,90.001,230.228,23.963,3.813,4798243.077,17.297
15034,354,22854.212,29303.506,116.964,645.206,0,2.319,1774635.851,10.272
15035,354,23323.198,29848.531,160.174,1799.647,0,5.174,8834975.976,10.049
15036,354,23635.49,28938.287,165.083,1430.429,0,2.79,2569347.448,9.943
15037,354,23936.092,29468.619,118.785,749.463,0,1.811,1081847.724,9.243
15038,354,24066.702,28922.75,65.55,94.805,34.975,3.922,5075920.192,22.055
15039,354,26605.953,13323.997,129.184,1358.024,0,4.894,7905116.451,8.894
15040,354,27112.294,12959.341,17.351,34.817,49.892,4.49,6652825.981,11.238
15041,354,27793.14,15295.437,61.731,132.354,46.421,4.741,7418883.667,17.327
15042,354,27948.758,14388.708,148.725,1230.47,0,2.252,1673035.242,9.231
15043,354,28521.76,15224.42,128.568,1203.282,0,3.69,4493393.112,8.736
15044,354,33086.372,26398.001,103.161,460.276,0,3.669,4443729.578,12.428
15045,354,34242.063,27840.327,2.706,30.188,30.849,6.743,15004128.739,9.69
15046,354,35500.723,30431.176,110.358,512.365,0,3.879,4964555.753,12.929
15047,354,35836.216,24943.597,77.633,162.404,21.882,1.65,898453.507,13.659
15048,354,36028.862,30184.576,46.438,58.712,37.033,1.663,913122.306,14.288
15049,354,37150.117,25432.855,73.184,161.326,16.417,2.928,2829894.574,14.946
15050,355,9980.063,39272.226,86.376,224.697,47.449,3.988,5248360.284,16.991
15051,355,10017.446,38822.711,147.873,2490.034,0,4.226,5893756.433,6.807
15052,355,10166.082,39431.188,199.866,2740.974,0,2.576,2189384.167,8.322
15053,355,10564.685,33348.859,159.111,1477.041,16.23,2.791,2570885.838,9.326
15054,355,10620.675,33875.766,44.589,78.629,39.681,1.69,942113.64,11.572
15055,355,10653.127,36671.841,173.411,2801.421,0,3.043,3055336.345,7.168
15056,355,10673.645,38811.646,123.303,854.541,22.714,3.16,3295579.644,9.883
15057,355,10755.284,35167.044,140.488,2073.11,0,3.281,3551867.58,6.789
15058,355,10798.935,35405.237,2.329,30.966,76.432,1.935,1235455.112,6.262
15059,355,10963.999,33197.996,5.75,30.074,52.242,4.627,7063998.538,8.422
15060,355,11173.513,34365.462,176.103,1695.041,8.055,3.51,4065249.986,10.302
15061,355,11220.57,34770.419,246.097,4355.581,0,3.521,4090698.036,8.617
15062,355,11192.553,36827.143,72.334,187.012,61.684,3.363,3731307.127,14.024
15063,355,11360.081,35359.847,0.59,62.814,59.339,4.577,6914322.213,4.768
15064,355,22082.537,29673.352,6.922,38.919,31.564,2.304,1751917.64,6.08
15065,355,22862.325,29282.992,107.157,267.786,19.473,2.672,2355948.192,16.844
15066,355,23318.373,29853.316,127.948,1027.996,0,4.908,7950421.701,10.691
15067,355,23889.877,29497.177,0.27,12.393,39.48,3.301,3596137.525,12.818
15068,355,24156.353,29033.237,7.684,24.142,34.855,6.955,15962063,13.381
15069,355,26561.083,13280.582,1.545,26.596,46.673,2.048,1384045.891,6.832
15070,355,27039.977,12995.188,208.072,2647.405,0,2.643,2306121.735,8.942
15071,355,27095.139,14160.738,130.319,1083.631,0,4.167,5729486.057,9.898
15072,355,27757.732,15302.883,134.63,1793.182,0,6.799,15253279.236,8.903
15073,355,27932.999,14389.079,127.442,1033.186,0,1.882,1169600.001,8.387
15074,355,28458.794,15862.457,165.598,1378.322,0,2.796,2580669.3,10.217
15075,355,28521.028,15267.739,159.172,1505.037,0,5.851,11296516.252,12.075
15076,355,32981.35,26457,150.057,841.574,0,3.373,3754136.547,13.161
15077,355,35891.35,24846.949,138.142,945.449,0,2.862,2702826.361,10.401
15078,355,36139.464,25929.86,149.625,1374.26,0,5.562,10209981.387,11.486
15079,355,37156.799,25470.23,96.76,499.369,0,6.247,12879290.332,13.903
15080,356,9919.092,39223.613,175.427,2165.236,0,4.708,7313958.15,9.629
15081,356,10024.45,38809.397,186.396,3708.384,0,7.91,20649795.559,9.024
15082,356,10401.543,37833.079,9.018,35.123,73.056,6.741,14996646.405,10.051
15083,356,10404.089,39224.651,48.914,120.548,49.702,5.061,8454485.343,13.96
15084,356,10723.498,35160.072,79.446,398.386,48.446,5.386,9572560.298,11.396
15085,356,10718.115,35920.305,5.42,23.761,63.402,4.413,6426589.376,9.713
15086,356,10719.374,36560.413,2.95,42.197,68.411,5.417,9685252.46,6.716
15087,356,10684.781,38873.95,204.55,2871.182,0,3.515,4076953.734,8.885
15088,356,10846.779,38350.296,187.033,2601.515,0,4.286,6063349.007,8.956
15089,356,10904.525,33154.122,211.625,2575.257,0,2.815,2615880.212,9.396
15090,356,10989.221,33558.8,126.054,1081.571,0,4.465,6578380.349,9.722
15091,356,11124.274,37363.802,4.528,32.41,72.924,5.013,8293519.238,8.056
15092,356,11286.109,34797.351,4.007,20.948,66.046,4.14,5657387.734,10.049
15093,356,11217.302,36774.437,185.315,3067.119,0,3.972,5205916.439,7.776
15094,356,11209.992,36991.709,135.608,1653.071,9.85,2.757,2508340.306,7.232
15095,356,11361.704,35363.393,9.161,55.026,56.309,4.38,6329689.855,5.995
15096,356,21921.224,29989.633,7.672,23.237,40.362,2.908,2790115.408,8.891
15097,356,22077.095,29717.082,54.96,99.374,33.784,6.484,13875908.201,22.833
15098,356,23678.071,28918.672,5.83,32.328,38.956,1.703,956676.129,6.361
15099,356,24127.465,28959.24,2.245,7.263,38.075,3.291,3573778.262,19.586
15100,356,26613.899,13337.481,67.814,77.711,38.324,2.106,1463441.712,19.782
15101,356,27021.592,12955.668,154.126,1345.002,0,4.6,6984299.646,11.143
15102,356,27741.904,15276.463,79.086,463.737,39.479,6.584,14307790.556,11.209
15103,356,27946.174,14385.827,109.278,772.237,0,3.043,3055529.702,9.001
15104,356,34291.838,28080.431,209.337,1868.127,0,4.166,5727065.127,13.023
15105,356,35997.601,24676.992,140.461,1160.78,0,3.589,4250961.983,9.923
15106,356,36193.453,25941.428,76.735,154.859,27.224,5.766,10973115.431,24.237
15107,357,9946.043,39174.322,131.71,738.649,28.542,1.274,535451.044,10.078
15108,357,9999.625,38847.541,144.527,2438.541,0,7.463,18378245.792,8.222
15109,357,10356.724,37850.996,216.156,4131.012,0,7.816,20162685.269,10.362
15110,357,10437.491,39218.742,118.387,961.832,1.572,4.757,7467549.093,9.929
15111,357,10622.288,33331.823,150.053,1448.076,0,1.509,751422.242,8.163
15112,357,10722.077,35893.597,136.712,1541.101,8.47,4.023,5341230.531,8.252
15113,357,10681.794,36672.365,156.476,2255.679,0,1.934,1234908.017,6.85
15114,357,10700.77,38882.354,177.948,2733.994,0,5.441,9769614.282,8.839
15115,357,10829.961,33140.441,260.914,3825.264,0,4.281,6048676.368,10.803
15116,357,10887.018,38404.854,90.059,473.711,31.721,3.684,4478863.921,10.211
15117,357,11197.381,34392.39,8.155,54.076,59.04,4.712,7326857.474,6.021
15118,357,11173.795,37256.436,46.397,100.022,77.267,4.886,7877075.525,14.742
15119,357,11284.437,34782.173,59.318,112.011,50.423,4.902,7930193.893,19.085
15120,357,11383.05,35382.47,135.174,1743.24,0,3.854,4902646.676,7.443
15121,357,21880.812,29929.722,38.457,45.213,44.9,2.237,1650840.79,14.834
15122,357,23170.779,29900.778,152.623,1366.34,0,4.738,7407746.042,11.006
15123,357,24123.964,28941.3,125.672,806.864,0,2.636,2293618.725,10.031
15124,357,26598.256,13276.511,204.413,2121.595,0,2.215,1619587.122,9.672
15125,357,26800.908,12587.851,164.201,1164.705,1.871,2.217,1621544.472,10.661
15126,357,26984.508,12934.958,34.054,42.534,36.713,4.484,6634885.929,18.527
15127,357,27751.227,15296.526,117.724,1230.316,0,6.457,13759348.537,9.452
15128,357,28495.527,15278.62,168.149,1639.116,0,6.328,13213365.733,12.846
15129,357,35495.995,29202.012,55.68,77.491,32.409,4.848,7755670.947,23.403
15130,357,35442.818,30408.232,6.233,24.49,27.519,4.235,5918610.976,9.505
15131,357,37438.638,25434.871,7.033,32.625,18.519,3.525,4101454.892,7.428
15132,358,9996.24,38958.451,9.654,56.478,82.837,6.977,16062363.573,7.225
15133,358,10416.074,39218.951,175.133,2098.626,0,3.529,4110587.107,8.927
15134,358,10519.849,33057.432,127.554,756.362,10.874,2.192,1585217.353,10.232
15135,358,10637.845,33362.391,5.151,28.504,58.212,4.242,5937424.168,8.318
15136,358,10635.273,36644.123,8.122,25.079,74.19,3.813,4798221.758,9.412
15137,358,10716.222,38880.778,4.322,48.839,68.294,6.658,14627646.478,6.788
15138,358,10680.882,35284.912,277.026,7675.494,0,4.926,8009541.098,7.674
15139,358,10865.467,33108.918,39.901,48.108,48.345,4.929,8017017.643,21.871
15140,358,10883.62,38411.013,127.478,1381.449,0,7.874,20458823.759,10.861
15141,358,10987.248,37992.474,152.693,1486.592,0,6.516,14011729.412,12.146
15142,358,11187.407,36914.137,32.675,44.068,67.04,1.553,795773.153,11.851
15143,358,11256.228,34813.211,214.569,3742.941,0,6.258,12922828.763,9.809
15144,358,11359.372,35369.556,185.099,2495.5,0,6.27,12972945.874,10.688
15145,358,21883.859,29879.34,108.256,222.879,39.835,1.755,1016510.322,16.852
15146,358,23181.494,29951.603,165.122,2219.319,0,5.319,9336526.054,9.14
15147,358,23655.098,28892.267,137.507,1197.346,0,6.075,12181155.157,11.775
15148,358,26565.073,13321.98,5.88,16.698,44.792,3.03,3030010.481,10.748
15149,358,27781.014,15307.992,56.164,156.073,47.437,3.923,5078714.295,12.215
15150,358,28544.818,15231.685,52.866,67.064,50.978,3.523,4097089.951,20.031
15151,358,35464.38,29112.051,147.23,1038.324,0,1.896,1186063.697,9.811
15152,358,35440.993,30399.903,1.993,38.81,29.565,1.898,1189188.914,5.503
15153,358,35884.32,26057.068,127.055,778.542,0,2.68,2370100.851,10.428
15154,358,35950.452,25012.722,110.642,575.44,0,2.128,1494041.847,10.151
15155,359,9982.619,38854.214,139.029,2075.131,0,2.325,1783841.238,6.414
15156,359,10373.64,37900.092,94.305,557.466,38.658,5.054,8430199.605,10.985
15157,359,10639.909,33380.602,86.251,206.804,40.705,2.858,2694921.157,15.471
15158,359,10715.921,35797.951,146.205,1899.193,0,3.036,3042497.45,7.385
15159,359,10673.997,36645.838,199.861,2707.303,20.586,3.76,4664765.343,9.129
15160,359,10699.163,38855.204,95.46,437.331,42.805,3.078,3127573.545,10.952
15161,359,10748.748,35145.84,42.662,67.787,77.55,4.012,5313265.39,16.023
15162,359,10886.796,38354.098,142.774,1564.761,0,4.752,7451703.848,9.134
15163,359,10938.327,33176.584,186.237,1951.39,0,3.951,5152350.808,10.507
15164,359,10989.822,37958.774,151.962,1474.634,0,5.223,9001912.278,10.814
15165,359,11197.144,34313.554,7.64,51.391,56.575,3.738,4611146.357,5.743
15166,359,11199.246,37120.647,2.439,63.577,85.542,6.274,12992211.923,5.309
15167,359,11235.941,35883.793,133.682,1410.095,0,6.614,14435028.452,10.416
15168,359,11279.66,34799.628,3.883,97.126,56.836,5.82,11176448.384,3.977
15169,359,11359.243,35401.14,46.146,100.077,49.586,3.374,3756911.098,12.31
15170,359,21704.674,30289.304,175.497,1936.115,0,4.584,6933440.159,10.307
15171,359,21911.695,29831.658,151.544,1552.393,0,5.863,11344079.126,10.967
15172,359,23194.767,29899.419,36.931,72.511,56.755,7.721,19671141.649,19.086
15173,359,23930.763,29408.783,84.989,290.513,16.935,5.496,9968524.519,16.284
15174,359,24096.899,28868.199,120.328,802.526,0,4.709,7317239.494,11.508
15175,359,26532.403,13074.16,148.825,1316.789,0,4.728,7376423.264,10.896
15176,359,27801.147,15325.727,68.728,185.709,40.235,2.213,1616855.129,11.637
15177,359,28482.76,15199.042,7.729,71.317,41.609,3.174,3324891.845,4.593
15178,359,28718.036,15808.212,53.296,57.77,44.313,5.002,8258355.192,28.807
15179,359,35396.879,28995.835,101.524,580.485,0,3.106,3183320.09,9.886
15180,359,35719.375,27242.967,49.445,60.351,27.044,0.777,199160.133,13.711
15181,359,35916.666,25996.711,4.664,25.731,39.17,2.878,2734022.542,7.747
15182,359,36082.106,30318.61,4.635,42.292,29.832,3.953,5157596.233,6.155
15183,359,37290.638,25558.649,49.175,91.486,30.338,5.032,8357698.144,17.443
15184,360,9903.811,39279.884,28.084,54.172,53.732,3.731,4594431.054,11.356
15185,360,10008.74,38865.247,180.75,3512.415,0,5.244,9075930.465,7.496
15186,360,10394.701,37864.192,141.813,789.757,42.625,4.271,6018753.619,14.091
15187,360,10598.405,33311.013,0.247,25.176,58.437,5.954,11698027.676,10.215
15188,360,10681.033,35737.723,29.327,48.487,57.869,5.981,11806033.18,16.716
15189,360,10641.56,36755.143,2.612,30.389,63.606,2.54,2129052.152,6.608
15190,360,10662.773,38865.024,86.154,378.449,47.784,5.236,9048634.008,13.124
15191,360,10725.606,35119.579,8.513,33.26,77.638,5.579,10272805.56,9.257
15192,360,10879.665,38398.048,3.237,55.309,53.645,6.741,14997514.261,6.114
15193,360,10975.962,38003.629,63.377,114.362,39.103,4.424,6460310.059,19.418
15194,360,11161.63,34309.287,95.974,322.654,39.837,1.338,590714.714,11.337
15195,360,11120.936,37156.153,4.197,33.769,82.886,9.462,29545367.302,11.395
15196,360,11278.438,34710.746,5.809,50.355,69.025,5.594,10325895.07,6.331
15197,360,11273.065,35879.483,13.528,15.705,62.977,2.768,2528237.698,13.845
15198,360,11362.891,35404.191,109.706,667.019,8.356,2.421,1934913.125,9.427
15199,360,21643.809,30198.88,146.89,1373.564,0,2.716,2434809.135,8.812
15200,360,21875.523,29908.479,64.945,163.596,49.672,7.596,19042171.57,21.658
15201,360,23170.945,29920.377,121.617,1118.407,0,4.075,5482679.215,8.789
15202,360,23753.696,28895.033,52.272,87.512,30.996,4.58,6923633.047,18.604
15203,360,23836.94,29521.164,9.396,21.508,33.927,4.093,5529819.428,11.312
15204,360,24078.899,28890.903,58.171,110.035,29.896,3.037,3044389.821,14.719
15205,360,27008.828,12936.01,128.187,1132.207,0,4.703,7299713.949,9.832
15206,360,27356.332,14720.804,5.13,28.095,37.317,3.201,3381254.631,7.61
15207,360,27797.955,15319.621,74.759,252.29,34.029,6.505,13966090.641,16.7
15208,360,32825.071,27199.304,61.377,102.746,16.502,1.738,996887.131,13.931
15209,360,35470.937,29078.557,73.357,137.684,26.94,2.834,2651058.512,16.53
15210,360,36080.837,30283.247,100.78,293.825,20.365,2.129,1496506.116,13.642
15211,360,36342.904,25797.594,102.411,579.379,0,4.463,6573249.7,11.339
15212,360,37121.37,25516.243,3.268,37.818,29.02,4.008,5300380.221,6.502
15213,361,9983.305,38868.144,182.56,3276.358,0,5.562,10209892.801,8.14
15214,361,10379.889,37853.443,44.08,60.637,62.819,2.94,2852650.245,15.653
15215,361,10408.093,39277.732,6.484,35.133,62.47,2.547,2141187.948,6.484
15216,361,10537.658,33030.928,127.218,1000.347,0,5.703,10732129.584,11.626
15217,361,10667.563,36832.806,95.481,284.696,58.941,5.746,10894173.131,20.49
15218,361,10718.172,35760.1,3.171,72.446,62.424,4.936,8039468.428,4.536
15219,361,10681.811,36631.435,242.588,4788.914,0,4.347,6236831.042,8.455
15220,361,10641.434,38874.622,5.765,71.211,75.418,6.976,16058242.202,5.426
15221,361,10780.572,35156.666,20.175,27.691,78.416,3.229,3441763.466,12.798
15222,361,10897.732,38360.034,72.411,207.662,38.041,2.272,1703837.57,11.608
15223,361,10977.242,37925.132,178.807,2119.718,0,5.885,11430812.243,11.114
15224,361,11149.62,34355.28,139.349,1458.562,0,5.534,10105584.79,9.885
15225,361,11200.13,37200.095,0.816,102.333,89.066,3.325,3649004.645,3.392
15226,361,11290.974,35824.816,122.165,1214.303,0,5.059,8448169.765,9.024
15227,361,21691.63,30628.774,161.241,1220.598,0,3.254,3495306.093,11.132
15228,361,21918.135,30555.742,151.824,1177.967,0,3.109,3190528.409,10.406
15229,361,22050.779,29750.403,63.807,97.343,47.241,3.435,3892813.764,19.271
15230,361,23170.872,29146.867,94.92,541.073,0,1.867,1149742.803,8.718
15231,361,23205.849,29850.561,190.203,2207.506,0,4.128,5624586.038,10.098
15232,361,24066.387,28860.318,65.341,110.963,24.809,4.063,5448862.957,19.773
15233,361,26760.407,12548.173,137.867,979.191,0,6.833,15409681.913,14.893
15234,361,26991.849,12990.995,88.458,263.951,41.665,1.706,960988.869,11.971
15235,361,26960.849,14086.351,9.335,28.792,42.41,4.339,6213470.939,9.365
15236,361,27809.539,15297.202,129.141,1286.038,0,7.537,18749695.181,11.434
15237,361,32874.12,27150.652,151.769,892.958,0,3.726,4582822.519,13.349
15238,361,35481.796,29124.311,140.939,930.729,0,3.807,4783630.733,11.807
15239,361,35842.619,24798,10.081,26.605,27.416,2.873,2723538.885,8.724
15240,361,36063.916,30285.546,118.739,657.349,0,3.184,3346463.827,11.183
15241,361,37189.386,25381.553,171.309,1121.901,0,3.434,3891582.062,13.015
15242,362,10004.995,38837.929,131.991,1669.131,0,6.381,13436698.513,8.85
15243,362,10314.729,38086.946,9.118,46.551,55.164,5.476,9897625.392,7.289
15244,362,10361.911,37821.907,47.224,89.503,55.456,4.626,7061925.229,15.968
15245,362,10406.158,39194.935,193.864,2521.428,0,5.648,10527428.329,10.778
15246,362,10636.95,33847.06,5.983,45.776,43.808,2.431,1950521.112,5.47
15247,362,10641.073,36811.558,40.388,104.316,54.981,2.378,1865484.005,9.415
15248,362,10719.356,35182.63,117.723,1167.11,24.492,2.191,1584328.426,7.31
15249,362,10636.205,38909.74,80.486,513.358,40.702,7.065,16473869.131,11.057
15250,362,10899.385,38361.059,141.393,1398.845,0,7.598,19050841.123,12.392
15251,362,11135.803,34284.521,92.061,413.498,32.801,8.659,24745246.129,18.835
15252,362,11203.81,37149.817,146.771,1339.299,50.787,4.214,5859897.464,10.088
15253,362,11286.756,34700.232,132.703,1248.722,0,3.878,4962626.321,9.007
15254,362,11363.278,35394.129,146.634,1345.731,0,3.706,4531930.163,9.616
15255,362,21741.652,30409.413,76.685,148.938,32.679,3.435,3893234.444,18.104
15256,362,21876.556,30537.421,163.032,1285.592,0,3.702,4522136.623,11.397
15257,362,22005.96,29747.816,11.719,34.608,63.976,4.894,7902946.293,9.416
15258,362,23138.663,29171.232,183.905,1474.656,0,2.682,2373292.873,11.033
15259,362,23185.297,29891.665,31.257,43.553,40.465,5.164,8800962.926,17.895
15260,362,26986.865,12955.394,103.997,442.846,23.501,2.578,2193208.544,11.504
15261,362,27040.284,14157.523,5.413,34.076,47.75,2.838,2658622.021,6.587
15262,362,27798.238,15362.107,115.816,929.27,0,3.551,4161959.957,8.947
15263,362,28029.081,14465.702,121.393,664.559,0,3.315,3625896.714,11.574
15264,362,28216.105,14739.791,64.937,95.714,33.37,5.543,10140670.381,27.315
15265,362,28640.991,15959.426,2.569,41.094,33.548,2.556,2155441.907,5.546
15266,362,32814.335,27170.498,58.179,94.232,19.738,2.716,2435126.195,15.699
15267,362,35564.712,29230.25,68.675,173.435,24.1,6.82,15349135.799,20.765
15268,362,35832.756,25757.359,190.223,1698.208,0,5.855,11312694.433,14.483
15269,362,36079.779,30238.589,1.308,27.806,41.825,3.545,4146949.881,7.514
15270,362,36333.851,25397.435,110.518,526.187,0,2.911,2797248.238,11.487
15271,362,37250.34,25410.682,82.324,233.8,6.741,2.525,2103623.61,12.891
15272,363,9940.186,38960.391,44.89,95.012,55.413,9.527,29953136.392,23.539
15273,363,10400.005,37835.618,12.207,32.618,59.784,4.642,7111981.698,9.771
15274,363,10514.995,33040.713,2.556,31.639,56.177,7.026,16292826.535,9.552
15275,363,10536.803,33331.769,168.057,1907.245,0,6.518,14021913.687,11.59
15276,363,10736.514,36594.017,66.333,116.079,61.632,4.454,6547218.329,20.617
15277,363,10676.883,38864.395,166.566,2525.328,0,4.519,6739346.529,7.984
15278,363,10753.481,35229.164,150.916,2561.476,0,4.259,5985836.123,6.87
15279,363,10849.069,33100.318,223.554,2895.408,0,6.83,15393061.771,13.396
15280,363,10840.068,38361.15,203.321,2669.067,0,3.137,3248348.852,8.972
15281,363,11141.716,34318.853,221.106,3053.142,0,3.131,3235590.014,9.147
15282,363,11186.412,37196.23,30.869,87.796,86.927,3.873,4949041.436,9.087
15283,363,11221.386,34759.489,178.041,2307.308,0,3.078,3126375.216,8.314
15284,363,11229.68,35862.456,230.607,3408.685,0,4.743,7423992.238,10.276
15285,363,11348.918,35419.228,152.907,1429.796,0,2.905,2784668.889,9.147
15286,363,21910.155,29859.298,196.833,2145.559,0,3.008,2986178.107,9.772
15287,363,23237.416,29870.993,124.784,920.95,0,4.307,6123088.361,10.572
15288,363,23400.183,29847.692,173.98,1593.424,0,6.605,14395898.51,14.235
15289,363,24052.757,28957.859,189.528,1497.296,0,3.374,3757173.887,12.169
15290,363,26596.032,13340.706,22.551,27.803,43.354,6.004,11898043.611,20.15
15291,363,26769.179,12570.248,113.554,840.997,0,4.652,7144356.611,10.213
15292,363,26922.184,13002.034,121.25,955.969,19.269,6.371,13395258.522,11.891
15293,363,27016.348,14107.457,209.241,2470.975,0,3.692,4498336.168,10.23
15294,363,27765.399,15360.685,3.389,29.095,50.351,4.248,5955336.89,7.946
15295,363,28080.977,14558.947,4.559,55.279,31.341,3.395,3803939.42,5.026
15296,363,32832.01,27155.251,115.118,586.373,0,4.785,7555137.33,13.731
15297,363,34362.909,27948.886,44.31,63.109,24.946,1.553,795781.609,12.887
15298,363,35568.577,29228.9,111.764,901.838,0,3.25,3485837.795,8.534
15299,363,35640.697,27038.029,29.365,24.089,29.246,2.339,1806137.353,17.374
15300,363,35803.355,25821.732,97.654,433.793,18.339,3.624,4333754.538,11.974
15301,363,35896.451,30000.285,184.793,1683.179,0,4.177,5758639.34,11.769
15302,363,36037.882,30155.548,106.909,368.511,20.598,1.676,927153.305,12.171
15303,363,37200.038,25437.681,2.321,25.192,23.336,1.417,662961.726,6.805
15304,364,9976.692,38869.435,132.219,1560.477,0,3.531,4115484.147,7.602
15305,364,10489.907,33277.159,45.833,112.079,47.543,5.345,9429165.008,13.959
15306,364,10398.945,39201.458,4.639,47.582,53.691,7.596,19043230.317,7.479
15307,364,10630.828,38890.564,86.987,249.623,57.88,3.84,4866445.345,15.553
15308,364,10736.091,35175.613,153.661,2655.297,0,6.152,12489095.946,7.735
15309,364,10911.59,38369.629,43.081,82.965,49.214,3.032,3033911.235,12.421
15310,364,10961.991,37994.937,5.057,31.171,44.664,2.901,2777271.923,6.939
15311,364,11102.397,36861.09,112.723,642.992,38.244,7.997,21106604.232,16.982
15312,364,11204.978,34377.569,73.326,177.77,40.974,2.485,2037947.158,13.289
15313,364,11220.038,34713.888,61.209,140.084,59.536,5.37,9515597.897,17.647
15314,364,11184.981,35935.144,45.099,68.619,50.865,4.44,6506704.032,18.075
15315,364,11176.728,37171.228,157.696,2820.669,0,9.622,30557288.015,9.673
15316,364,21723.029,30352.943,69.082,129.656,35.228,1.813,1084746.637,13.95
15317,364,21759.834,30560.093,1.341,44.661,38.523,2.502,2065721.127,5.224
15318,364,21897.021,29845.62,98.925,281.45,25.523,4.329,6183956.22,18.271
15319,364,23040.772,29921.868,2.516,43.77,39.179,4.991,8221322.092,6.3
15320,364,23174.76,29135.053,62.857,111.538,27.867,2.933,2838116.745,15.877
15321,364,23394.726,29757.947,141.047,1141.29,0,3.734,4600910.48,10.218
15322,364,24081.879,28914.617,64.76,80.278,33.62,3.474,3981737.772,23.012
15323,364,26578.095,13338.303,152.697,1475.732,0,2.472,2017455.987,8.691
15324,364,26581.934,13026.646,28.791,38.148,53.134,3.131,3235512.022,13.872
15325,364,26781.371,12623.63,165.802,1462.633,0,2.497,2057094.842,9.632
15326,364,27800.777,15318.031,127.563,1290.456,0,0.888,260107.048,7.188
15327,364,35521.367,29205.853,7.912,23.453,30.751,3.13,3233307.552,9.106
15328,364,35680.785,26905.114,135.918,772.872,0,2.506,2072770.648,11.19
15329,364,35788.393,25854.358,138.269,1033.947,0,3.651,4399551.728,10.554
15330,364,35959.257,30034.239,198.477,2221.839,0,6.185,12625324.146,12.919
15331,364,36318.245,24804.873,8.025,28.049,28.504,2.806,2597719.999,7.886
15332,364,36361.098,25461.467,47.784,38.924,34.219,1.647,895430.497,18.969
15333,364,37194.034,25353.149,146.012,784.071,0,4.706,7309195.488,15.564
15334,365,9977.694,38849.609,182.405,2728.422,0,6.007,11906489.152,9.577
15335,365,10398.326,37921.577,1.708,41.058,70.398,6.663,14653137.275,7.473
15336,365,10512.091,33336.624,132.466,1557.777,0,3.019,3007343.857,7.394
15337,365,10646.438,33944.759,34.831,37.979,42.685,4.342,6223018.652,20.478
15338,365,10638.385,36689.567,68.276,233.48,58.258,3.736,4606169.691,11.613
15339,365,10668.366,38879.693,29.027,45.986,60.57,5.789,11058759.049,16.889
15340,365,10757.213,35787.175,145.473,1837.692,0,3.84,4866865.317,7.875
15341,365,10936.106,38331.394,26.031,67.299,56.572,5.622,10431998.451,10.868
15342,365,11158.648,37182.816,89.003,253.074,72.789,2.508,2075209.894,13.461
15343,365,11199.435,36799.025,5.679,80.995,64.81,5.232,9033119.312,4.486
15344,365,11352.061,35398.326,61.854,130.742,46.767,3.81,4790235.134,15.577
15345,365,23163.073,29172.838,151.339,1357.795,0,1.74,999381.728,8.627
15346,365,23757.931,29597.11,5.139,35.519,37.364,7.229,17247670.772,9.272
15347,365,26852.252,12599.129,148.943,1171.553,0,2.955,2882157.895,10.06
15348,365,27046.119,14156.609,9.93,38.719,43.953,6.966,16015286.712,9.796
15349,365,27796.225,15365.692,153.454,1814.699,0,3.397,3807848.794,8.224
15350,365,33001.388,27260.044,134.019,800.997,0,4.003,5289366.346,12.492
15351,365,34288.923,27823.235,42.857,56.7,27.358,4.85,7763634.173,20.81
15352,365,35790.059,25934.118,200.241,1711.152,0,4.074,5477409.26,12.892
15353,365,35966.005,30053.022,106.804,668.16,0,4.72,7351786.738,11.12
15354,365,36246.547,24838.836,75.858,129.27,24.686,0.431,61211.345,13.686
15355,365,37202.148,25360.778,2.572,21.73,27.081,3.693,4501290.282,9.119
15356,366,9937.506,39220.916,163.472,1643.663,0,3.175,3325998.228,9.296
15357,366,10025.75,38936.909,261.061,5242.62,0,1.951,1256329.891,7.528
15358,366,10343.881,37967.945,149.591,1970.808,8.689,5.583,10287733.86,8.837
15359,366,10509.713,33256.99,185.313,2875.959,0,2.169,1552502.209,7.275
15360,366,10745.487,35714.807,179.919,2655.452,0,5.649,10530827.144,9.313
15361,366,10735.877,35274.015,185.822,3382.277,0,5.687,10672215.702,8.23
15362,366,10907.37,38330.875,108.546,775.712,15.591,4.279,6043758.126,9.84
15363,366,11080.689,33929.923,54.29,82.045,39.846,5.161,8789069.335,22.414
15364,366,11170.843,37145.137,148.775,2638.462,5.902,2.207,1607274.24,6.028
15365,366,11211.808,34682.179,46.698,77.494,58.57,3.402,3820229.041,15.011
15366,366,11203.166,36783.558,191.105,2814.697,0,3.795,4752779.811,8.432
15367,366,11369.931,35305.542,67.92,177.713,34.143,4.391,6363198.99,15.129
15368,366,22990.929,29920.981,159.797,1369.038,0,4.824,7680030.742,11.834
15369,366,23040.974,29159.065,4.286,20.334,55.985,3.087,3144305.497,9.156
15370,366,23786.475,29553.283,67.297,257.381,15.405,4.518,6734898.791,11.504
15371,366,26594.598,13171.562,202.298,2854.819,0,7.137,16810161.793,11.867
15372,366,26934.982,14090.597,121.537,898.884,0,4.369,6299124.483,10.43
15373,366,27037.216,12885.883,5.662,32.005,45.542,3.321,3640098.373,7.152
15374,366,27125.075,14190.041,40.075,39.6,42.374,4.947,8077269.102,26.037
15375,366,27296.671,14645.615,91.397,362.366,21.151,3.528,4106823.361,12.288
15376,366,27810.114,15312.492,133.967,1938.479,0,2.876,2728994.996,6.553
15377,366,28019.366,14492.717,90.309,250.846,21.055,2.299,1744922.923,13.452
15378,366,32413.944,32666.992,53.188,53.439,15.008,3.842,4871809.204,25.523
15379,366,32996.863,27290.635,33.551,38.975,31.549,1.996,1315330.82,13.738
15380,366,34243.399,27760.793,6.099,41.958,29.108,4.15,5684483.018,6.476
15381,366,35657.14,27222.758,99.852,497.23,0,3.343,3687988.764,10.932
15382,366,35801.902,25892.313,158.521,1432.609,0,2.276,1709030.13,9.108
15383,366,35899.666,30006.694,158.825,1909.055,0,2.426,1942101.848,7.815
15384,366,37187.713,25429.585,125.482,646.388,0,2.924,2820872.219,11.821
15385,367,9920.48,38960.749,2.318,55.801,69.283,3.513,4073482.147,4.881
15386,367,10258.106,39477.323,135.829,1285.986,0,4.745,7430577.547,9.772
15387,367,10327.11,37918.543,9.661,61.627,78.828,4.892,7898924.157,5.852
15388,367,10543.31,33013.569,146.607,1252.279,0,6.03,12000027.218,12.487
15389,367,10532.929,33398.014,71.03,254.063,48.28,4.974,8165848.735,13.108
15390,367,10491.756,39115.506,21.494,28.802,69.582,3.636,4362920.756,13.81
15391,367,10666.238,36637.792,188.593,3206.634,0,5.229,9023393.914,8.436
15392,367,10612.047,38919.684,186.106,2780.791,0,4.465,6578293.073,8.628
15393,367,10757.053,35302.435,181.517,3267.587,0,6.061,12124155.758,8.379
15394,367,10839.613,35886.128,263.705,5094.694,0,4.434,6489264.981,9.123
15395,367,10892.283,38336.595,54.274,87.156,47.7,1.839,1116299.206,13.59
15396,367,11242.056,34682.825,55.436,130.266,57.59,4.844,7744645.962,15.236
15397,367,11206.018,36699.904,143.122,1818.943,0,1.908,1201119.085,6.988
15398,367,21889.607,29959.982,153.77,1554.997,0,7.528,18701525.45,12.929
15399,367,23354.858,29765.941,6.988,31.01,49.533,4.456,6551519.626,8.365
15400,367,26521.204,13141.607,49.613,90.726,48.354,3.807,4783810.784,15.225
15401,367,27797.127,15309.228,135.13,1940.105,0,5.72,10799367.435,7.842
15402,367,28000.681,14480.218,1.292,52.466,42.27,4.656,7155468.534,5.393
15403,367,29115.353,15789.045,36.545,57.466,23.325,1.594,838015.391,11.324
15404,367,32692.089,26139.029,130.013,709.715,0,2.633,2287974.941,11.311
15405,367,33017.774,27319.176,152.377,929.586,0,2.482,2032200.159,11.447
15406,367,35415.886,30347.763,139.229,793.947,0,3.395,3804877.245,12.41
15407,367,35834.336,25881.545,6.645,18.744,31.073,3.182,3341859.143,10.303
15408,367,35949.743,30020.444,109.931,1114.017,0,4.292,6078959.467,7.872
15409,367,36219.809,25080.413,78.898,126.654,22.126,2.044,1378343.881,17.094
15410,367,37196.184,25473.82,45.391,70.4,21.315,1.72,975861.859,12.604
15411,368,10001.663,38874.93,10.913,83.421,63.149,7.624,19180834.097,5.897
15412,368,10155.769,38615.499,55.937,116.556,43.839,3.581,4233033.286,14.398
15413,368,10272.47,39472.713,115.468,863.44,0,5.153,8765604.946,10.723
15414,368,10320.501,37923.146,6.349,35.716,68.247,5.34,9409234.482,8.054
15415,368,10557.785,33032.17,5.403,29.949,43.252,3.617,4316824.625,7.622
15416,368,10510.939,33315.622,46.395,93.32,63.26,4.944,8066740.225,15.673
15417,368,10656.507,36707.724,164.638,2314.886,0,2.548,2143013.358,7.343
15418,368,10603.016,39004.585,120.401,1138.708,12.199,7.332,17741935.434,11.112
15419,368,10741.961,35315.801,169.117,3036.55,0,5.432,9738122.004,7.661
15420,368,10719.273,35598.814,8.103,60.112,61.521,7.949,20853572.979,7.013
15421,368,10848.131,38372.928,91.894,229.16,42.601,2.462,1999969.643,14.868
15422,368,11166.202,36753.795,60.277,161.402,58.439,2.963,2897158.264,11.767
15423,368,11199.287,37116.641,6.906,74.656,81.741,7.219,17197129.313,5.481
15424,368,11302.504,35723.048,168.999,2029.952,0,4.6,6983896.083,9.483
15425,368,11365.343,35366.669,6.836,53.779,54.38,7.313,17649724.862,7.03
15426,368,22105.661,29734.729,67.091,147.674,23.973,1.963,1271156.106,12.683
15427,368,23099.003,29162.378,58.331,69.378,40.649,2.422,1936648.998,18.634
15428,368,23323.619,29813.962,194.329,2278.893,0,3.015,2999834.91,9.271
15429,368,23608.962,28973.526,309.739,3972.847,0,2.529,2110702.623,11.189
15430,368,23787.859,29525.939,137.899,970.292,0,4.973,8163292.475,12.502
15431,368,26583.858,13155.078,51.088,102.53,44.081,1.924,1221752.978,11.656
15432,368,26961.532,13033.937,9.866,54.092,65.928,4.026,5348749.141,6.048
15433,368,27284.208,14716.815,4.365,24.813,41.396,2.783,2556865.607,7.816
15434,368,27835.187,15300.515,164.372,2669.77,0,6.906,15739325.032,8.938
15435,368,28024.712,14485.512,70.213,115.295,37.708,2.886,2748744.056,17.826
15436,368,32723.03,26180.555,150.991,1152.013,0,4.156,5700291.27,11.58
15437,368,32915.555,27263.037,130.102,756.074,0,1.779,1044546.557,10.144
15438,368,35361.172,30320.746,6.075,24.957,24.757,2.071,1416034.568,7.578
15439,368,35433.965,29036.586,147.335,1050.326,0,1.547,789316.403,9.538
15440,368,35792.368,26011.394,124.269,821.51,0,3.777,4708902.489,10.827
15441,368,35897.435,29981.764,181.858,2238.161,0,4.68,7228862.248,9.865
15442,368,36371.211,25992.533,118.548,825.697,0,3.744,4625834.382,10.112
15443,368,37199.743,25441.217,1.159,30.17,23.025,4.253,5969477.269,7.58
15444,369,9999.227,38881.851,3.247,72.944,64.307,6.364,13364898.769,4.902
15445,369,10342.86,37892.893,79.625,305.081,37.185,5.543,10140233.907,14.258
15446,369,10561.996,33356.129,6.687,69.508,59.385,10.908,39263421.919,7.246
15447,369,10645.734,33900.304,66.932,114.621,43.155,2.953,2877241.05,16.96
15448,369,10577.014,39010.6,62.297,129.32,71.285,4.733,7392811.903,17.869
15449,369,10715.185,34932.462,172.641,2165.82,0,3.954,5159452.194,8.873
15450,369,10721.492,35335.443,83.923,376.442,48.576,2.631,2284063.125,9.897
15451,369,10683.044,36667.379,143.441,2128.151,0,3.667,4437940.717,6.996
15452,369,10908.41,38360.665,134.684,1168.657,0,5.825,11199460.844,11.371
15453,369,11127.587,34039.258,62.614,153.248,40.016,4.646,7123054.106,15.574
15454,369,11155.798,37167.613,50.576,169.331,76.389,5.11,8616808.948,11.329
15455,369,11213.627,34687.214,102.098,445.177,35.62,3.325,3648296.356,12.091
15456,369,11217.878,36610.268,61.243,138.435,47.565,1.206,480364.63,11.176
15457,369,11284.499,35360.875,3.619,29.671,59.322,3.952,5155324.977,7.652
15458,369,22008.816,30374.627,201.649,2348.306,0,4.144,5666626.932,10.492
15459,369,23115.88,29200.533,9.829,24.826,42.804,4.539,6800103.197,10.858
15460,369,23154.738,29892.694,76.748,117.342,31.086,3.509,4064203.399,22.025
15461,369,23598.391,28957.337,5.839,55.484,52.447,6.709,14853899.672,6.404
15462,369,26958.487,12959.168,6.409,91.367,58.064,8.811,25619744.468,5.12
15463,369,27041.38,14079.227,5.905,38.797,58.016,7.088,16579760.408,8.696
15464,369,27788.289,15299.723,47.615,128.676,59.134,4.769,7504270.659,12.423
15465,369,27959.58,14401.919,6.274,18.14,32.839,3.677,4462283.343,11.1
15466,369,32733.786,26217.539,127.484,899.157,0,4.473,6601436.849,11.245
15467,369,32963.315,27301.864,85.854,160.344,14.075,3.12,3212852.567,19.176
15468,369,35394.877,28976.461,108.053,547.543,0,5.078,8510414.888,13.588
15469,369,35361.868,30387.916,7.442,30.169,24.706,3.63,4349430.449,7.983
15470,369,35721.806,25975.841,103.613,398.479,12.869,2.141,1512522.47,11.713
15471,369,37127.114,25456.839,61.938,85.536,21.407,1.497,739127.433,15.251
15472,370,9968.262,38916.186,173.674,2511.337,0,5.279,9197138.038,8.96
15473,370,10393.839,37919.099,5.758,29.748,63.832,2.027,1356551.34,6.783
15474,370,10492.827,33313.217,114.42,961.284,10.544,4.553,6840960.885,9.326
15475,370,10549.373,32975.868,130.499,980.801,0,2.49,2046569.753,9.222
15476,370,10481.106,39122.325,6.5,53.185,86.689,8.22,22298249.996,7.504
15477,370,10683.158,33880.524,97.873,329.296,32.124,5.864,11348368.034,19.134
15478,370,10711.833,35736.411,177.091,2463.324,0,2.385,1877821.386,7.626
15479,370,10717.452,36611.842,240.435,5227.508,0,3.107,3186333.92,7.3
15480,370,10773.741,34857.679,113.212,682.078,23.573,2.611,2249932.003,9.792
15481,370,11120.809,36798.555,5.652,65.256,73.225,3.976,5215817.836,4.796
15482,370,11154.724,37173.647,64.356,240.453,92.322,6.257,12921914.504,13.492
15483,370,11340.924,35335.67,178.783,2538.277,0,5.971,11765583.893,9.782
15484,370,22001.982,30488.869,5.864,9.872,48.196,2.792,2573198.617,15.095
15485,370,23104.823,29193.948,180.598,2081.251,0,3.685,4482240.408,9.448
15486,370,23604.296,28885.916,8.748,23.388,44.674,6.087,12227684.228,13.013
15487,370,26478.87,12882.226,8.907,44.844,35.021,3.5,4042610.022,6.374
15488,370,26881.776,13755.908,8.514,28.732,49.545,3.5,4042612.887,8.401
15489,370,27001.861,12997.271,129.304,1493.657,0,4.142,5661699.58,7.914
15490,370,27329.71,14649.966,187.843,1729.978,0,2.988,2945891.174,10.536
15491,370,27819.489,15321.741,56.94,122.964,57.072,1.936,1236888.187,11.77
15492,370,32739.584,26233.854,102.59,456.658,9.374,2.574,2186531.355,11.097
15493,370,35401.095,28916.047,106.745,549.888,0,3.913,5053170.833,11.794
15494,370,35401.025,30329.934,122.049,588.531,0,3.673,4453023.474,13.166
15495,370,35730.83,25885.517,188.795,1490.894,0,2.377,1865059.661,11.004
15496,370,35952.82,29977.865,35.482,42.192,39.269,5.713,10770612.068,23.165
15497,370,36164.122,24887.519,5.938,25.958,25.062,1.947,1250970.459,7.317
15498,370,37180.228,25419.134,77.503,232.193,13.968,3.527,4105145.489,13.457
15499,371,9932.458,39296.353,51.348,100.454,38.596,4.448,6529125.405,15.997
15500,371,9999.404,38925.645,105.11,416.744,42.514,3.174,3324408.778,12.921
15501,371,10357.175,37877.847,167.499,2270.071,0,1.572,815521.851,7.235
15502,371,10543.585,33038.699,150.277,1414.279,0,4.425,6462049.885,10.22
15503,371,10502.464,33364.949,177.076,2488.348,0,3.321,3640492.311,8.02
15504,371,10523.848,39073.701,144.863,2301.42,0,3.604,4286488.111,6.73
15505,371,10689.843,35733.116,134.806,1689.179,0,4.997,8239450.107,8.175
15506,371,10639.614,36638.199,5.24,55.867,69.38,5.101,8588644.112,5.621
15507,371,10868.328,38346.982,173.395,2320.728,0,6.565,14223176.269,10.487
15508,371,11146.184,37170.13,134.941,2750.896,0,5.541,10132948.704,6.129
15509,371,11188.538,34649.236,223.61,3700.416,0,4.056,5429304.302,8.811
15510,371,11206.335,36717.777,204.611,3127.024,0,6.795,15238582.331,10.931
15511,371,11356.088,35339.876,178.214,2456.296,0,7.03,16309979.098,10.865
15512,371,11369.512,35640.495,94.944,521.56,21.491,3.706,4531460.203,10.268
15513,371,21574.503,30484.483,123.703,769.748,0,4.512,6718064.001,12.101
15514,371,22002.024,29758.855,6.678,43.94,31.606,2.637,2295220.119,5.751
15515,371,22076.634,30414.303,7.014,26.503,45.049,4.344,6227817.587,9.269
15516,371,23526.506,28940.758,207.52,2774.97,0,6.164,12539398.486,11.615
15517,371,23918.372,29443.528,2.655,17.102,33.317,1.47,712806.301,8.474
15518,371,27022.283,14038.628,166.518,1979.817,0,3.977,5220933.556,8.997
15519,371,27351.624,14609.196,150.887,1220.293,0,2.948,2869001.622,9.959
15520,371,27830.719,15306.455,74.378,324.03,27.252,2.606,2241268.399,9.411
15521,371,28169.06,14665.639,49.175,53.814,34.443,4.378,6325646.923,24.679
15522,371,29097.347,15714.914,92.63,486,12.512,4.958,8111192.609,11.739
15523,371,32758.608,26247.389,139.853,992.965,0,4.647,7127678.698,12.141
15524,371,34589.94,29428.41,65.205,110.902,23.275,2.397,1895469.547,15.5
15525,371,35379.686,30368.826,165.66,1095.661,0,2.83,2643742.509,11.855
15526,371,35923.718,29999.526,6.548,54.405,51.479,5.43,9730124.65,6.036
15527,371,36193.102,24894.444,111.173,434.444,3.345,2.527,2107300.916,12.573
15528,371,36402.262,26000.618,5.291,22.156,27.418,1.568,811315.135,7.684
15529,371,37198.827,25445.552,5.432,33.381,24.903,2.478,2026712.416,6.501
15530,372,9988.331,38883.731,8.088,28.406,66.293,4.415,6432225.584,9.16
15531,372,10253.628,39440.1,111.948,548.6,20.126,4.101,5550809.719,12.867
15532,372,10350.738,37937.649,43.589,93.777,59.878,1.803,1072570.95,10.324
15533,372,10528.97,33362.838,174.183,2315.677,0,2.569,2177674.729,7.832
15534,372,10535.084,39114.051,60.716,129.885,78.296,6.942,15905515.778,22.238
15535,372,10726.225,35100.165,164.299,2411.956,0,5.72,10797890.964,8.82
15536,372,10716.719,35711.643,168.773,1786.269,0,4.42,6447904.297,10.184
15537,372,10659.501,36587.845,52.037,69.025,64.387,2.711,2424748.766,16.942
15538,372,10877.785,38321.395,229.202,3212.955,0,3.324,3645260.842,9.406
15539,372,11087.889,37476.567,156.065,2499.299,0,7.162,16926156.278,8.857
15540,372,11139.062,37155.032,128.063,2197.058,0,4.484,6636403.496,6.261
15541,372,11195.843,36690.232,202.13,3087.012,0,7.198,17099821.709,11.194
15542,372,11323.395,35656.395,31.815,22.044,50.538,3.934,5106792.725,26.898
15543,372,11370.26,35320.82,125.7,1306.997,0,3.684,4479318.858,8.059
15544,372,11522.318,9507.707,144.861,599.504,0,1.969,1279030.612,13.371
15545,372,21545.364,30426.191,141.123,1137.056,0,2.025,1352925.935,8.967
15546,372,21920.893,29842.595,3.915,40.468,41.305,3.808,4784802.333,6.188
15547,372,22842.42,29299.54,122.969,930.579,0,5.411,9662124.223,11.371
15548,372,23536.337,28999.583,248.816,3549.722,0,7.646,19292125.556,14.514
15549,372,26640.166,13185.309,37.696,66.402,42.302,3.5,4042441.777,13.129
15550,372,26981.294,12972.749,175.968,2589.503,0,4.578,6915452.02,8.473
15551,372,27105.531,14059.903,26.107,19.201,48.778,2.897,2769427,20.026
15552,372,27263.41,14611.92,109.965,696.311,0,2.425,1940521.228,9.219
15553,372,27824.239,15351.948,64.583,97.17,58.722,3.496,4033211.78,19.815
15554,372,27974.322,14359.536,119.314,723.038,0,2.636,2293370.198,10.08
15555,372,28577.727,15396.497,108.038,269.931,42.978,2.106,1463878.107,15.634
15556,372,29040.099,15681.321,2.25,28.34,46.615,1.895,1185610.165,6.559
15557,372,32830.228,26268.582,130.794,768.475,0,3.318,3633062.187,11.584
15558,372,34486.609,29357.464,6.767,16.8,29.112,3.102,3176473.885,11.043
15559,372,35384.108,30415.512,116.772,511.444,0,2.562,2166139.99,12.092
15560,372,35760.474,25771.706,143.046,1093.178,0,2.527,2107233.775,9.653
15561,372,35923.102,30000.515,6.734,85.031,49.182,3.597,4270030.999,4.127
15562,373,9997.588,38894.159,41.795,132.43,52.377,1.818,1090978.554,8.177
15563,373,10335.685,37982.375,209.607,3714.021,0,4.761,7479939.963,8.508
15564,373,10501.89,33362.141,142.214,1895.34,0,5.737,10860587.29,8.563
15565,373,10545.33,39091.728,180.803,3263.649,0,5.883,11423216.925,8.236
15566,373,10720.809,35118.719,3.691,50.682,64.96,5.249,9091947.872,5.896
15567,373,10912.071,38370.138,115.98,887.019,0,5.997,11869256.284,11.401
15568,373,10993.413,33517.581,2.315,13.491,50.624,6.731,14950189.148,19.135
15569,373,11125.504,37127.508,73.533,410.668,72.086,4.223,5885983.027,9.087
15570,373,11242.215,36717.111,42.787,94.2,83.854,2.977,2924468.404,11.263
15571,373,11265.99,35788.532,37.388,45.429,44.119,3.308,3610352.889,16.691
15572,373,11369.784,35331.923,150.582,1676.054,0,3.63,4348080.535,8.584
15573,373,11469.337,9455.837,157.611,945.992,0,3.832,4845374.036,13.673
15574,373,21578.622,30401.901,147.638,1140.214,0,2.833,2648882.045,10.017
15575,373,21887.067,29885.089,61.317,87.59,43.264,4.431,6479594.775,23.001
15576,373,23196.226,29133.085,146.799,1256.536,0,4.894,7906015.916,11.225
15577,373,23519.347,28961.086,2.95,46.705,55.859,7.133,16790837.492,7.116
15578,373,26640.148,13464.557,36.651,48.217,39.461,2.647,2313030.505,14.264
15579,373,27811.961,15294.456,147.308,1651.409,0,2.766,2525178.819,7.957
15580,373,27935.725,14346.61,173.778,1380.267,0,3.582,4234722.738,11.693
15581,373,28672.704,15327.741,126.289,1031.332,0,3.463,3957561.032,9.262
15582,373,29042.023,15677,5.787,30.949,37.836,3.967,5193663.655,7.763
15583,373,32474.526,26812.483,107.754,498.759,0,5.57,10240662.487,15.342
15584,373,32514.63,33372.902,65.875,138.409,8.267,2.317,1772101.93,13.45
15585,373,32662.876,26173.272,42.122,58.855,21.83,4.14,5656834.842,17.89
15586,373,32815.556,27179.603,147.076,859.622,0,3.409,3835461.511,12.673
15587,373,34513.66,29364.164,69.911,121.246,20.661,2.97,2911842.018,17.31
15588,373,35413.252,30375.853,93.055,314.588,13.917,3.355,3714501.852,13.616
15589,373,35643.967,26958.408,148.098,854.883,0,2.832,2647686.776,12.066
15590,373,35741.966,25880.456,168.249,1410.257,0,4.572,6896977.44,12.168
15591,373,35911.763,29923.946,60.67,148.523,35.348,3.07,3109992.653,12.681
15592,374,9922.62,38968.083,8.341,42.814,65.948,7.787,20013721.921,9.149
15593,374,10392.839,37993.173,65.039,147.932,67.953,3.608,4295510.055,14.837
15594,374,10518.009,33028.009,74.772,209.457,28.269,4.237,5923070.155,15.025
15595,374,10448.503,39163.13,150.741,1198.217,33.557,1.885,1172571.574,9.284
15596,374,10726.415,35713.176,195.744,2545.233,0,6.257,12921725.284,11.447
15597,374,10658.433,38872.198,58.685,173.59,45.487,3.727,4583841.458,11.742
15598,374,10805.102,34839.575,5.23,26.024,61.531,4.514,6723153.223,9.142
15599,374,10889.589,38360.522,83.145,255.08,27.104,2.078,1425138.87,11.793
15600,374,10982.299,33630.103,117.907,916.055,4.343,3.695,4505169.938,9.34
15601,374,11011.387,37857.424,160.537,1596.808,0,4.292,6079664.257,10.163
15602,374,11123.338,34077.784,8.631,36.725,44.485,3.102,3174736.821,6.951
15603,374,11156.063,37136.615,68.738,256.844,80.419,1.884,1171840.519,9.374
15604,374,11224.674,36667.457,155.915,2318.291,0,6.415,13579420.893,8.865
15605,374,11288.467,34858.351,139.402,1533.981,0,4.494,6664110.481,8.789
15606,374,11322.449,35752.629,54.875,103.092,46.982,4.658,7159095.915,17.66
15607,374,22080.013,30400.043,0.503,44.395,34.98,3.554,4168357.76,5.561
15608,374,23119.926,29195.86,4.478,58.119,41.351,6.522,14036964.374,5.931
15609,374,23471.69,28999.316,70.708,169.227,47.045,4.651,7140052.141,17.2
15610,374,26798.389,13826.411,20.189,22.951,50.785,4.245,5947170.988,16.927
15611,374,26930.668,13032.927,143.552,1393.071,0,6.196,12670338.985,11.303
15612,374,27199.67,14521.404,120.253,653.753,0,2.276,1708923.439,10.489
15613,374,27839.382,15275.783,66.413,184.967,62.442,3.355,3715134.546,12.636
15614,374,27919.367,14320.911,5.46,41.103,35.184,3.247,3478726.928,6.056
15615,374,28669.371,15316.998,150.018,1493.823,0,7.821,20185850.049,13.159
15616,374,29031.888,15737.408,46.597,66.59,30.562,3.737,4607538.317,17.541
15617,374,32677.615,26212.612,135.113,662.992,0,2.453,1985553.915,12.157
15618,374,34537.97,29389.963,93.827,489.583,0.376,3.263,3513869.46,10.136
15619,374,35483.425,30411.82,97.164,448.459,0,3.084,3139105.95,11.022
15620,374,35634.567,26889.595,114.969,529.236,0,2.482,2033483.041,11.519
15621,374,35819.846,25874.813,169.972,1104.725,0,3.528,4107564.871,13.153
15622,374,35898.164,29953.338,144.284,1342.79,0,5.036,8367997.724,10.571
15623,375,9883.223,39271.557,69.789,142.377,38.149,2.292,1734072.999,14.109
15624,375,9978.484,38908.838,62.703,221.783,54.587,8.17,22027421.257,16.57
15625,375,10320.406,37919.837,1.932,68.757,60.466,6.815,15326931.977,5.171
15626,375,10512.898,33379.321,49.47,118.693,48.547,5.108,8609273.104,14.421
15627,375,10527.965,33039.392,61.963,140.554,31.949,1.972,1283545.514,11.966
15628,375,10480.187,39139.028,90.652,636.76,39.767,7.322,17690291.922,11.39
15629,375,10736.634,35238.986,91.999,497.948,43.555,2.707,2417565.647,9.354
15630,375,10718.546,35735.253,70.977,230.726,43.056,2.689,2385450.721,11.061
15631,375,10719.625,36640.006,0.87,29.224,78.414,6.682,14735642.421,9.737
15632,375,10656.228,38855.442,79.647,187.28,42.629,3.812,4794838.612,16.951
15633,375,10920.497,33079.434,143.26,1190.826,0,3.1,3172322.177,9.606
15634,375,10862.16,38363.066,199.781,2550.42,0,6.474,13834068.256,12.02
15635,375,11159.099,37184.362,52.153,192.329,90.471,2.823,2629411.351,8.82
15636,375,11171.084,34742.147,248.113,4810.003,0,3.701,4520851.22,8.285
15637,375,11365.018,35336.608,134.382,1548.051,0,5.633,10470659.934,9.066
15638,375,21883.363,29914.966,44.795,98.514,37.285,3.533,4119989.138,12.227
15639,375,22039.139,30393.784,26.811,23.089,34.799,2.752,2499065.944,17.501
15640,375,22954.971,29228.012,66.147,91.021,33.777,3.457,3943287.276,21.438
15641,375,23534.023,29015.154,146.926,1707.091,0,2.827,2636972.309,7.809
15642,375,26480.619,13042.553,3.092,33.995,41.572,4.664,7178460.41,7.367
15643,375,26882.332,13820.141,153.987,1780.605,0,4.716,7339883.545,9.232
15644,375,26996.822,13001.187,180.244,2190.328,0,3.901,5020831.922,9.275
15645,375,27837.156,15211.725,7.606,32.04,64.185,3.393,3799038.382,7.544
15646,375,27958.943,14381.574,122.923,774.599,0,2.384,1875568.122,9.814
15647,375,28235.576,14719.146,3.266,17.147,44.763,2.575,2188445.579,9.52
15648,375,28619.378,15239.511,168.347,1905.615,0,3.29,3572171.68,8.868
15649,375,32845.293,27213.367,139.451,690.852,0,3.099,3169331.165,13.228
15650,375,34618.387,29426.118,119.576,449.834,20.726,2.832,2646820.92,13.97
15651,375,35846.384,24879.937,7.13,31.026,27.506,4.535,6786581.039,8.459
15652,375,35893.979,29974.306,157.398,1446.012,0,4.19,5793990.079,10.498
15653,375,36160.342,24960.087,7.365,47.279,24.869,3.103,3177609.138,5.762
15654,376,9966.2,38928.4,54.222,111.555,58.291,4.756,7464544.991,16.509
15655,376,10386.018,37975.374,173.725,3044.553,0,4.604,6993995.318,7.503
15656,376,10483.213,33361.805,10.328,79.423,51.501,4.067,5459861.751,4.847
15657,376,10477.655,39175.659,159.205,2720.803,0,6.997,16154651.138,8.463
15658,376,10721.523,35278.218,6.137,49.87,71.453,3.149,3271789.688,5.436
15659,376,10895.94,38324.894,197.554,2318.853,0,1.939,1241135.094,8.688
15660,376,11113.123,37161.347,63.736,179.591,71.295,5.705,10741823.77,15.903
15661,376,11518.498,9440.147,1.236,13.276,19.817,1.376,624594.884,9.587
15662,376,22078.612,29754.394,10.141,32.98,35.98,2.545,2137349.324,7.433
15663,376,23449.071,29590.125,184.751,1551.042,0,3.86,4917629.067,12.068
15664,376,23590.564,28975.921,187.999,2492.684,0,4.805,7620554.982,9.681
15665,376,26504.406,13107.484,51.571,99.152,31.403,6.137,12429460.259,19.943
15666,376,26912.526,13780.804,212.102,3156.085,0,4.54,6803388.05,9.494
15667,376,27009.274,12991.67,129.442,1592.125,0,5.672,10618135.347,8.46
15668,376,27770.956,15358.703,8.965,35.906,57.171,2.342,1810384.808,6.731
15669,376,27974.658,14362.618,111.721,554.838,0,2.438,1961717.434,10.767
15670,376,28160.203,14800.662,3.086,38.547,36.577,3.968,5196566.339,6.386
15671,376,28624.601,15268.363,28.047,49.117,39.918,3.171,3318807.645,11.412
15672,376,32853.371,27213.394,114.238,540.488,0,3.506,4057347.771,12.535
15673,376,33575.331,28036.281,84.918,292.667,0.429,0.624,128459.102,10.149
15674,376,35699.436,26814.786,54.444,116.621,18.526,2.363,1843256.764,12.079
15675,376,35786.448,24829.555,125.452,554.732,0,2.813,2611303.605,12.906
15676,376,36361.81,26442.92,130.845,687.794,0,3.105,3182180.762,12.207
15677,376,37039.704,25438.46,7.165,40.301,25.555,2.532,2115240.131,6.078
15678,377,9893.429,39188.224,58.416,81.765,43.084,6.039,12036309.137,28.28
15679,377,9990.515,38937.921,248.925,4547.306,0,3.719,4563743.125,8.631
15680,377,10366.614,37989.035,71.284,253.028,61.174,1.953,1258438.803,9.877
15681,377,10467.55,33321.065,46.158,108.989,54.772,4.133,5638470.586,12.611
15682,377,10479.809,39171.951,64.503,270.951,62.062,7.892,20552782.666,14.248
15683,377,10709.643,35248.132,141.85,1836.158,0,2.969,2908685.359,7.247
15684,377,10688.045,35735.642,147.097,1463.47,0,5.047,8406018.888,10.222
15685,377,10704.527,36625.532,210.125,3752.85,0,6.804,15277899.259,9.9
15686,377,11136.136,37222.644,160.644,2660.592,0,6.921,15808639.83,8.673
15687,377,11281.851,36285,94.839,308.464,25.332,2.496,2055330.252,12.805
15688,377,21573.418,30529.329,132.96,751.798,0,3.496,4033642.612,12.239
15689,377,22100.177,29751.036,130.632,801.54,0,2.798,2582752.163,10.705
15690,377,23477.053,29610.713,159.426,1233.85,0,3.23,3444006.343,10.868
15691,377,23534.217,28974.866,52.513,163.586,45.449,5.64,10498450.333,12.883
15692,377,26877.355,13689.231,5.601,19.981,55.9,2.457,1992287.102,8.884
15693,377,27137.58,12935.648,76.634,337.742,16.977,5.384,9565904.08,12.26
15694,377,27810.087,15377.135,44.992,91.268,38.963,3.281,3551720.178,12.595
15695,377,28582.897,15193.476,115.968,897.95,0,4.305,6115630.948,9.745
15696,377,28998.052,15657.411,128.205,658.154,0,4.294,6084407.125,13.965
15697,377,33668.365,27025.082,198.136,1389.638,0,2.349,1820761.623,12.151
15698,377,34613.285,29354.798,78.033,61.326,28.013,1.665,915255.383,25.558
15699,377,35439.309,30409.702,60.445,133.649,21.262,3.949,5147036.165,15.114
15700,377,35624.858,26916.916,118.507,586.04,0,2.538,2124984.882,11.278
15701,377,35788.423,24848.751,37.161,38.437,27.617,3.845,4877854.866,20.425
15702,377,35889.814,29975.674,40.504,43.427,32.074,3.284,3558289.786,18.965
15703,378,9903.706,39291.936,132.171,1112.272,0,5.518,10049100.408,11.168
15704,378,10006.505,38902.134,185.31,3337.987,0,3.518,4084212.742,7.175
15705,378,10492.088,33283.153,162.19,1562.112,7.844,2.108,1467118.383,8.798
15706,378,10485.58,39160.36,103.576,646.109,63.102,5.808,11133454.012,12.075
15707,378,10706.961,35235.238,55.636,188.547,48.103,3.369,3746616.34,10.052
15708,378,10734.75,36678.484,203.236,3486.367,0,2.997,2964511.826,7.563
15709,378,10634.448,38834.558,187.849,2836.539,0,6.332,13232651.616,9.968
15710,378,11151.112,37142.401,82.544,444.371,58.775,5.027,8338489.488,10.734
15711,378,11243.906,36656.121,56.837,116.11,56.588,2.783,2556194.136,13.356
15712,378,11332.635,35397.306,137.318,1026.377,9.964,2.792,2571686.151,9.754
15713,378,21558.913,30482.423,177.161,1200.039,0,3.945,5135785.486,13.782
15714,378,22052.395,29744.517,108.982,519.864,0,4.196,5810168.5,13.015
15715,378,22102.304,30333.674,131.715,904.408,0,4.158,5705232.571,11.368
15716,378,23514.512,29038.624,4.513,28.848,54.482,2.118,1480188.635,6.785
15717,378,26539.488,13029.215,158.194,1416.008,0,2.354,1828750.107,9.198
15718,378,27072.376,12999.842,65.987,175.225,50.422,6.256,12917194.192,18.175
15719,378,27798.212,15372.423,146.308,1178.751,0,2.376,1862297.503,9.37
15720,378,28212.892,14720.729,81.842,255.761,21.613,3.236,3455682.349,13.073
15721,378,28619.989,15251.118,52.148,101.623,35.788,1.886,1174295.962,11.932
15722,378,32437.908,26746.664,110.303,613.198,0,2.775,2541991.431,10.272
15723,378,32761.652,27119.464,2.287,19.597,25.13,2.838,2657301.098,8.884
15724,378,33440.229,27841.696,6.137,32.393,27.729,3.202,3384010.602,7.103
15725,378,33777.972,27164.488,101.922,394.372,2.514,3.566,4196606.189,13.471
15726,378,34645.161,29364.403,7.487,17.19,30.01,1.61,855551.155,9.342
15727,378,35407.905,28806.852,144.518,868.187,0,2.295,1738264.074,11.005
15728,378,35699.578,26893.749,194.834,1321.151,0,3.516,4078668.843,14.005
15729,378,35822.161,24939.617,68.196,145.266,16.848,2.635,2290663.594,14.128
15730,378,35758.937,26090.824,4.479,33.907,29.782,3.098,3168350.546,6.619
15731,378,35886.601,29984.146,196.69,1799.909,0,5.468,9865752.511,14.008
15732,379,9918.536,39281.97,6.46,29.59,46.633,4.861,7797310.241,8.875
15733,379,10011.205,38882.069,94.914,340.419,51.733,4.484,6635591.021,15.108
15734,379,10363.404,37836.835,82.471,433.14,30.774,2.9,2775268.296,9.095
15735,379,10560.184,33293.133,141.352,1201.444,0,2.75,2496470.632,9.147
15736,379,10489.872,39138.998,144.773,2015.133,0,3.834,4851808.719,7.388
15737,379,10754.329,35252.546,167.475,2386.867,0,3.913,5051857.123,7.996
15738,379,10907.499,38307.269,152.79,1525.506,0,5.616,10408403.667,11.007
15739,379,10979.148,33483.938,73.238,158.041,38.544,1.361,611555.002,12.653
15740,379,11167.943,37208.948,158.777,2619.458,0,2.226,1635793.933,6.492
15741,379,11280.23,36320.548,9.709,72.653,42.461,3.452,3931613.574,4.862
15742,379,11378.579,35333.611,134.459,1221.9,0,3.27,3529002.66,8.861
15743,379,21921.858,30237.784,7.274,30.392,42.66,4.879,7854933.481,8.914
15744,379,22105.957,29692.051,124.579,696.139,0,5.357,9472446.33,14.404
15745,379,23459.835,29672.162,145.401,1030.28,0,1.854,1134714.836,9.69
15746,379,23523.894,28966.044,6.388,50.163,45.343,2.419,1931590.305,5.238
15747,379,26509.222,13003.91,149.131,1069.253,0,3.655,4408918.114,11.41
15748,379,27808.688,15400.074,100.98,625.659,11.635,2.237,1651996.761,8.795
15749,379,28190.116,14748.661,160.276,1393.095,0,4.668,7190991.79,11.559
15750,379,28545.453,15190.785,200.296,2243.881,0,4.389,6356429.169,10.974
15751,379,33521.304,27999.302,5.136,19.931,30.377,2.637,2295199.547,8.98
15752,379,34590.294,29440.207,38.399,53.19,37.136,3.119,3210462.061,14.958
15753,379,35391.254,28700.016,55.829,81.23,23.454,0.84,233080.531,13.227
15754,379,35640.59,26845.013,119.789,624.398,0,3.881,4971991.335,12.59
15755,379,35916.768,30001.783,7.589,40.84,34.632,1.843,1120677.902,5.868
15756,380,9998.652,38922.487,27.992,41.791,73.382,2.375,1862155.637,11.592
15757,380,10382.219,37831.887,133.384,1338.135,0,3.345,3692567.822,8.34
15758,380,10483.175,39120.81,8.259,29.622,73.15,5.497,9972436.47,9.957
15759,380,10477.285,33320.235,2.24,21.59,47.013,6.127,12388184.138,11.926
15760,380,10750.668,35152.482,250.059,4550.1,0,3.391,3794816.764,8.473
15761,380,11138.716,34054.28,132.077,1042.428,0,5.889,11446235.94,12.122
15762,380,11120.136,37119.868,0.768,91.542,86.122,6.015,11940558.586,4.046
15763,380,11231.136,34774.198,168.977,2019.407,0,4.07,5466798.928,9.117
15764,380,11202.223,36712.193,152.218,2412.094,0,7.387,18009712.907,8.906
15765,380,11281.569,36307.024,61.172,120.497,35.778,5.084,8530814.741,19.263
15766,380,23438.179,29684.67,7.787,24.683,39.024,4.389,6357205.587,10.033
15767,380,23520.147,28963.187,9.564,52.626,41.309,2.335,1799580.128,5.509
15768,380,26464.379,12932.145,94.085,555.885,0,3.146,3267891.885,9.292
15769,380,26929.748,13855.473,34.132,25.556,37.228,2.591,2215722.635,20.436
15770,380,27083.671,12915.713,139.166,1355.574,0,7.602,19071251.967,12.399
15771,380,27805.089,15382.423,127.58,1089.046,0,4.502,6689056.235,9.866
15772,380,28239.431,14795.603,3.206,36.945,42.491,3.242,3469359.355,6.223
15773,380,28554.04,15138.85,61.37,129.795,26.662,4.356,6263340.126,16.619
15774,380,29039.321,15687.878,9.364,43.537,25.774,3.031,3031540.26,6.366
15775,380,32399.394,26476.913,5.859,24.559,27.786,3.691,4495882.27,8.873
15776,380,32512.022,32830.729,46.511,28.76,19.491,1.569,812527.492,22.068
15777,380,32803.86,27165.499,57.726,93.139,17.212,3.645,4384332.098,17.888
15778,380,33483.296,27948.09,154.201,922.631,0,4.756,7465030.494,14.998
15779,380,33734.454,27166.24,92.911,143.504,18.526,2.049,1386132.816,19.382
15780,380,34562.011,29365.08,144.071,1084.746,0,3.445,3917636.307,10.584
15781,380,35439.016,28694.937,75.081,186.458,23.566,3.779,4713510.313,15.577
15782,380,35562.01,30380.273,52.68,60.537,24.023,2.551,2147105.468,18.407
15783,380,35871.299,24993.7,87.498,202.784,18.515,4.334,6200085.643,19.676
15784,380,35930.076,30011.063,127.097,757.816,0,3.602,4281496.249,11.585
15785,381,9998.554,38875.595,6.531,57.4,75.492,8.267,22554667.376,7.093
15786,381,10402.868,37893.551,40.936,77.371,43.67,2.797,2582633.512,11.968
15787,381,10539.366,33025.941,118.25,718.87,0,3.542,4139851.598,10.851
15788,381,10482.485,39133.887,176.614,2659.963,0,5.856,11318519.456,9.204
15789,381,10720.409,36801.962,3.818,49.359,68.491,2.011,1335045.168,4.952
15790,381,10638.343,38847.508,40.875,66.222,56.125,5.724,10811498.912,19.134
15791,381,10789.452,35216.77,253.98,4779.86,0,5.825,11199211.99,10.133
15792,381,10950.615,38324.991,17.551,47.967,45.058,8.071,21495253.379,12.444
15793,381,11113.171,34055.938,198.089,2179.545,0,4.931,8025897.334,11.61
15794,381,11197.188,37204.572,8.444,37.266,90.997,7.52,18664743.413,10.059
15795,381,11201.731,36758.342,91.663,371.751,53.221,5.852,11300480.645,15.584
15796,381,11280.136,34857.314,69.624,216.979,35.458,5.678,10639360.473,15.528
15797,381,11363.944,35346.273,96.927,376.49,24.061,1.314,569494.085,10.514
15798,381,23512.312,28971.71,57.561,112.125,46.343,3.635,4360741.155,15.486
15799,381,26521.394,12966.61,57.908,131.119,38.279,2.102,1458824.156,11.725
15800,381,27055.96,12857.116,142.63,1333.35,0,3.806,4779536.244,9.412
15801,381,27764.022,15361.175,4.681,57.337,51.704,6.588,14324618.505,6.041
15802,381,28206.582,14778.356,63.651,132.842,38.921,4.073,5475283.978,16.571
15803,381,33684.146,27087.653,36.547,53.805,23.364,2.843,2667811.323,13.54
15804,381,34633.736,29355.024,192.86,1722.275,0,4.27,6018005.6,12.417
15805,381,35425.182,28750.424,168.631,1018.324,0,2.524,2101866.653,12.307
15806,381,35440.188,30451.774,2.709,21.841,26.876,2.789,2567652.753,8.279
15807,381,35601.645,27280.505,4.115,24.374,33.313,3.947,5141042.801,8.838
15808,381,35878.468,24928.332,70.539,163.481,14.77,3.767,4682878.728,15.72
15809,381,35872.074,30005.193,48.859,59.907,27.337,1.939,1240724.291,15.453
15810,381,36306.567,25626.272,147.827,946.487,0,2.317,1771579.365,10.753
15811,382,9950.673,39152.596,213.278,3390.904,0,3.38,3769951.072,8.351
15812,382,9990.237,38926.164,64.186,224.996,61.418,4.689,7256101.3,12.11
15813,382,10435.33,39200.709,2.539,22.97,73.538,2.656,2328248.91,7.903
15814,382,10730.845,34744.15,114.645,422.556,33.465,3.643,4379457.398,15.246
15815,382,10710.779,35228.964,100.508,601.218,21.07,4.509,6708891.901,10.809
15816,382,10681.766,36714.88,32.345,25.18,76.606,3.489,4016217.898,22.773
15817,382,10651.023,38797.582,7.966,35.174,59.967,5.731,10838048.397,8.84
15818,382,10995.351,33410.057,101.78,618.449,11.517,3.849,4890307.701,10.154
15819,382,11120.019,37457.685,47.759,87.273,59.056,1.694,946846.868,11.685
15820,382,11117.389,34040.409,169.493,1784.952,0,4.185,5781126.604,10.04
15821,382,11164.473,37124.696,158.551,2605.379,0,2.662,2338504.612,6.623
15822,382,11255.071,36196.608,130.964,1018.799,0,4.735,7399869.801,10.946
15823,382,11213.088,36697.194,148.055,1513.586,0,3.03,3030018.214,8.579
15824,382,11342.883,35801.675,18.971,29.893,42.795,3.623,4332634.334,12.14
15825,382,11364.318,35330.041,144.99,1308.536,0,4.753,7455975.957,10.575
15826,382,22000.507,30313.895,7.326,21.337,57.446,3.234,3451352.21,9.656
15827,382,23541.977,28942.832,32.711,43.537,56.596,5.576,10260368.369,19.935
15828,382,26518.018,12919.768,142.616,1160.637,0,3.11,3191916.242,9.716
15829,382,27195.878,14325.414,7.204,20.776,34.866,2.969,2909162.658,9.512
15830,382,27776.096,15311.006,258.807,5523.484,0,2.848,2676527.41,7.588
15831,382,28204.299,14733.076,185.534,2198.553,0,3.818,4810128.831,9.542
15832,382,34589.045,29328.309,165.889,1134.628,0,3.441,3908351.437,12.372
15833,382,35423.492,28848.758,121.215,535.752,0,1.981,1294489.023,11.609
15834,382,35600.474,27044.908,4.775,26.635,35.604,2.8,2587100.026,7.544
15835,382,36263.297,24666.226,112.624,420.036,0,2.999,2969181.134,13.797
15836,383,9999.717,38880.863,0.577,43.789,69.176,1.362,612021.915,5.017
15837,383,10601.772,33017.021,165.768,1315.454,0,2.886,2749157.228,10.617
15838,383,10753.399,35254.162,175.74,3078.992,0,6.871,15579472.094,8.846
15839,383,10701.961,36621.88,194.137,3479.526,0,3.679,4466650.342,7.472
15840,383,10640.656,38790.239,226.786,4074.225,0,4.736,7400937.044,8.868
15841,383,11040.005,33430.27,7.718,22.301,54.004,3.179,3335816.419,9.416
15842,383,11106.222,37406.204,232.861,4622.703,0,2.137,1506752.831,7.182
15843,383,11101.563,34007.071,87.763,266.718,32.968,5.524,10070266.486,18.416
15844,383,11206.755,34713.122,7.225,16.237,62.043,5.945,11663683.181,16.558
15845,383,11202.592,36688.612,170.829,2086.422,0,2.305,1753464.776,8.009
15846,383,11200.812,37165.003,108.481,989.276,29.851,4.028,5353754.964,8.206
15847,383,11311.918,35378.061,149.559,1495.771,0,3.098,3166435.592,8.789
15848,383,21960.079,30065.187,40.099,41.428,49.474,3.7,4518506.946,20.743
15849,383,22925.082,29267.418,117.39,628.632,6.284,3.84,4866563.844,12.133
15850,383,23553.012,29036.079,109.515,716.048,12.515,4.32,6159937.236,10.562
15851,383,26510.166,12911.926,41.24,37.238,36.158,1.93,1229242.675,17.362
15852,383,26905.963,13917.438,3.69,14.338,47.393,2.588,2210088.297,10.791
15853,383,27113.043,12958.206,7.695,31.957,46.24,4.404,6401740.925,8.312
15854,383,27822.204,15331.298,131.635,1479.026,0,4.788,7565015.355,8.536
15855,383,34612.959,29303.136,175.374,1234.696,0,3.216,3412230.168,12.287
15856,383,35657.215,27136.475,194.493,1980.782,0,4.556,6849939.715,11.692
15857,383,35940.659,29975.928,113.72,584.913,0,3.757,4657788.003,12.113
15858,383,36337.445,24766.418,129.701,568.484,0,2.671,2354908.116,13.046
15859,384,9975.054,38968.52,157.021,2468.051,0,4.482,6630878.91,7.494
15860,384,10400.766,37839.867,2.66,50.987,47.068,4.274,6028163.292,5.42
15861,384,10451.132,39199.747,159.534,2317.17,0,3.418,3855582.99,7.434
15862,384,10708.235,35304.322,342.403,10801.538,0,3.261,3508868.481,7.272
15863,384,10910.705,38273.07,156.753,1612.251,0,7.42,18167345.66,12.829
15864,384,11013.367,33384.688,150.208,1432.07,0,3.224,3430258.068,9.163
15865,384,11115.317,37440.258,206.033,3637.57,0,3.008,2985707.747,7.5
15866,384,11142.216,34117.159,160.623,1611.157,0,4.655,7150466.835,10.436
15867,384,11201.275,37129.58,30.097,74.122,86.124,3.165,3306081.629,9.309
15868,384,11209.933,36719.716,29.941,89.716,49.377,3.216,3412498.175,8.246
15869,384,11435.262,35319.982,6.196,10.752,56.174,7.323,17697256.84,27.339
15870,384,21885.462,30340.153,142.683,1489.339,0,4.611,7016489.763,9.335
15871,384,22855.623,29261.622,56.992,112.674,24.21,2.743,2483601.619,13.606
15872,384,23500.625,28989.448,122.808,1210.518,0,4.478,6617102.269,8.709
15873,384,24017.62,28857.287,108.073,455.466,0,4.202,5827089.903,14.183
15874,384,26479.194,12845.85,2.722,15.544,37.617,4.394,6370249.029,12.754
15875,384,26724.162,13606.022,57.43,94.373,31.433,3.26,3506742.343,16.65
15876,384,27085.598,12914.618,118.362,981.825,0,5.746,10895372.544,10.644
15877,384,27809.441,15289.896,121.015,1257.733,0,5.237,9051076.498,8.812
15878,384,28203.588,14730.246,226.627,3107.679,0,3.099,3170034.175,9.304
15879,384,32317.367,26447.211,134.253,659.439,0,1.999,1318563.07,11.579
15880,384,34639.051,29323.473,2.869,16.92,33.771,2.252,1673036.689,9.213
15881,384,35382.809,28696.261,128.277,562.032,0,2.261,1686923.77,12.395
15882,384,35600.64,27039.735,1.547,40.085,30.597,3.404,3823662.429,5.889
15883,384,35842.505,24955.422,7.255,55.221,25.506,5.406,9645664.317,6.077
15884,384,35896.268,29975.414,126.789,774.156,0,3.185,3346961.768,10.93
15885,384,36339.72,24768.674,96.947,350.838,0,2.33,1791677.148,11.92
15886,385,10005.737,38930.718,77.887,298.906,55.897,7.325,17709320.593,16.759
15887,385,10378.72,37774.952,72.485,141.99,39.595,3.277,3543788.86,16.949
15888,385,10411.934,39194.837,141.991,1693.829,0,5.504,9998545.086,9.094
15889,385,10724.013,35306.597,147.623,2149.017,0,4.335,6202252.89,7.503
15890,385,10686.371,36597.754,192.436,3082.656,0,5.578,10267804.976,9.156
15891,385,10722.893,38770.436,265.238,5722.168,0,5.023,8326833.686,8.891
15892,385,10897.773,38356.181,161.062,1629.93,0,6.194,12661394.512,11.926
15893,385,10999.648,33469.82,137.658,1106.92,0,4.742,7420431.47,11.07
15894,385,11200.601,37122.243,6.112,88.891,85.515,3.324,3645608.127,3.926
15895,385,11226.383,36681.231,116.649,1161.102,0,3.606,4292360.797,7.878
15896,385,11362.841,35266.402,11.158,23.918,52.362,3.743,4623569.411,10.682
15897,385,21998.731,30323.802,7.011,36.094,52.108,2.787,2563840.009,6.571
15898,385,23548.354,28970.861,113.47,1087.136,0,1.993,1311859.823,7.24
15899,385,26585.555,12880.377,131.141,422.93,20.39,3.407,3831251.199,17.916
15900,385,27045.698,12885.553,7.165,19.723,45.363,4.259,5985418.803,11.48
15901,385,27815.043,15273.921,136.461,1537.666,0,5.899,11485488.752,9.505
15902,385,27997.704,14396.716,9.954,53.69,26.278,2.677,2364787.316,5.606
15903,385,28238.157,14801.538,4.016,33.333,44.195,3.663,4427761.041,6.947
15904,385,28528.687,15135.796,184.278,1552.453,0,1.035,353223.444,9.55
15905,385,32816.082,27131.465,78.461,274.23,7.046,2.97,2910533.002,11.494
15906,385,34607.537,29353.651,86.437,157.313,25.646,4.115,5587280.082,22.959
15907,385,35658.698,27062.339,37.511,31.47,28.816,1.739,998446.754,16.972
15908,385,35845.363,24938.537,135.951,990.754,0,4.46,6565146.415,11.468
15909,385,35864.554,29976.114,27.043,29.805,30.868,1.99,1307520.181,13.285
15910,385,36325.022,26085.97,10.189,22.765,38.419,2.158,1536150.08,8.997
15911,386,9983.317,38930.681,72.94,231.367,55.891,5.002,8257640.519,14.678
15912,386,10424.275,39218.22,158.861,2379.404,0,3.869,4940119.017,7.483
15913,386,10722.932,38750.793,152.772,2134.5,0,7.94,20804368.04,10.244
15914,386,10894.162,33088.263,133.352,937.009,0,4.236,5923037.452,11.366
15915,386,10898.463,38288.766,78.526,233.36,37.693,2.178,1565597.053,11.764
15916,386,10993.37,33400.981,117.899,831.049,0,2.565,2171086.716,9.091
15917,386,11120.206,37430.361,23.503,55.978,70.25,6.441,13690504.705,12.258
15918,386,11119.722,34158.658,4.014,49.086,39.901,4.332,6194234.483,5.68
15919,386,11219.852,34747.115,138.768,1492.388,0,4.352,6251366.651,8.803
15920,386,11192.888,37151.187,137.786,2074.84,0,6.2,12687431.426,7.938
15921,386,21941.491,30021.191,151.641,1579.528,0,7.76,19872843.291,12.725
15922,386,21957.849,30318.869,171.103,1591.096,0,4.177,5756745.108,11.001
15923,386,23494.585,29027.373,146.002,1301.966,0,6.369,13386262.32,12.415
15924,386,26488.107,12823.934,191.167,1963.23,0,1.372,621230.343,8.906
15925,386,26723.858,13601.537,163.795,1479.692,0,3.675,4457248.994,10.405
15926,386,26963.118,14075.676,3.482,22.442,40.113,5.105,8599139.393,10.53
15927,386,27039.256,12872.266,8.854,39.914,39.376,4.826,7687343.018,7.642
15928,386,27810.323,15295.774,85.333,261.869,46.242,3.948,5144067.931,14.805
15929,386,28264.431,14800.273,197.464,1766.093,12.165,1.949,1253204.054,10.132
15930,386,32795.96,27147.26,157.192,914.101,0,3.202,3383146.351,12.988
15931,386,34590.39,29369.396,54.173,78.709,32.552,1.567,810667.449,13.974
15932,386,35588.524,27240.67,82.399,163.748,15.042,1.678,928994.845,14.589
15933,386,35873.574,29946.293,99.802,639.842,0,1.796,1064581.358,8.354
15934,386,35916.446,24905.828,94.44,264.361,22.533,3.029,3027858.554,15.06
15935,387,10231.013,38198.513,62.575,218.738,28.361,3.17,3315889.179,10.307
15936,387,10399.355,37761.82,2.447,61.445,43.118,3.258,3502185.578,4.558
15937,387,10467.467,39204.855,5.3,36.952,86.326,6.748,15026231.825,8.652
15938,387,10752.793,35290.283,116.612,857.705,47.895,4.852,7768519.262,10.635
15939,387,10670.278,36434.243,49.558,67.58,53.637,4.994,8231078.685,22.544
15940,387,10717.885,36731.981,7.931,31.466,68.755,3.69,4492728.295,7.912
15941,387,10736.001,38680.79,127.197,1418.865,0,6.741,14996322.547,9.722
15942,387,10887.903,38351.601,140.209,1288.93,0,5.078,8508556.449,10.493
15943,387,11139.094,34737.271,178.181,2259.057,0,4.067,5457522.975,9.071
15944,387,11128.694,37467.243,149.837,2086.368,0,4.353,6252866.63,7.802
15945,387,11218.817,36729.175,69.87,261.947,57.615,4.754,7456945.103,12.237
15946,387,11184.05,37122.98,164.204,3179.611,3.435,4.356,6261617.447,6.698
15947,387,11332.959,35669.669,58.582,98.202,43.701,2.456,1990862.695,14.861
15948,387,22000.816,29835.853,16.66,42.846,44.349,4.898,7917301.476,9.771
15949,387,22802.525,29304.999,72.342,118.775,24.377,3.087,3144722.703,18.74
15950,387,23467.708,28973.494,178.187,2011.854,0,3.079,3127796.981,9.049
15951,387,23701.828,29570.634,0.187,17.696,36.682,7.184,17030001.387,15.609
15952,387,23921.131,28831.377,37.493,58.958,22.949,1.756,1017202.908,11.604
15953,387,26463.18,12891.45,127.464,819.039,0,3.517,4081903.03,10.944
15954,387,26790.306,13637.76,48.584,61.32,39.127,0.725,173515.619,13.327
15955,387,27095.82,12926.193,72.585,202.936,33.749,1.904,1196640.024,11.4
15956,387,27240.63,14073.973,6.182,14.282,43.472,5.109,8615423.756,16.109
15957,387,27811.911,15293.892,93.453,597.965,16.541,5.752,10918498.803,10.958
15958,387,27976.469,14364.378,124.785,739.534,0,1.706,960186.01,9.76
15959,387,28233.042,14806.663,124.373,730.606,14.805,3.827,4833861.898,11.805
15960,387,28563.145,15194.386,128.443,966.223,5.706,2.563,2167973.939,9.183
15961,387,29129.693,15864.484,166.007,871.604,0,3.491,4022382.059,14.987
15962,387,32812.641,27070.467,173.194,1304.248,0,2.478,2026955.387,10.857
15963,387,34587.057,29439.905,1.031,18.32,38.138,3.719,4563693.584,10.2
15964,387,35625.236,27197.92,147.334,1004.537,0,4.086,5511134.521,12.245
15965,387,35907.317,29998.716,81.438,261.328,30.966,5.231,9030854.066,16.12
15966,387,36048.682,24785.311,122.042,845.526,0,3.473,3980934.363,10.091
15967,388,9978.56,38940.592,87.24,455.473,40.382,3.682,4473581.116,10.062
15968,388,10327.859,37839.963,6.358,40.04,55.325,2.622,2269447.836,6.02
15969,388,10430.157,39194.594,315.405,8275.45,0,5.14,8718002.388,8.823
15970,388,10603.262,33441.385,2.848,27.863,39.288,2.213,1616074.676,6.807
15971,388,10735.998,34689.682,54.294,119.967,43.45,3.115,3201443.19,12.849
15972,388,10741.235,35305.666,162.71,2546.457,0,2.227,1637042.501,6.769
15973,388,10893.611,38382.633,123.488,1115.432,0,7.617,19148422.539,12.027
15974,388,10980.909,33446.223,59.963,89.896,36.803,1.355,605864.063,14.078
15975,388,11178.958,37137.116,141.159,2356.473,20.774,2.069,1412614.183,6.029
15976,388,11366.158,35404.9,99.365,733.647,6.248,4.533,6780179.636,9.287
15977,388,21705.579,30475.892,106.368,337.337,19.755,2.136,1505839.755,13.373
15978,388,23446.502,28992.944,22.515,59.722,55.27,3.595,4265483.997,8.607
15979,388,23720.003,29533.496,143.779,913.288,0,3.833,4847652.864,12.328
15980,388,26466.424,12828.758,118.359,938.47,0.767,1.85,1129326.995,8.15
15981,388,26839.435,13670.547,163.073,1043.515,27.994,2.17,1554252.781,11.244
15982,388,27066.857,12876.72,89.742,166.372,39.939,3.245,3474833.923,20.274
15983,388,27929.952,14334.129,79.444,280.043,14.876,1.838,1115111.966,10.394
15984,388,28184.598,14755.773,132.87,897.146,0,4.301,6105111.632,11.737
15985,388,28605.443,15213.47,114.812,974.965,0,7.135,16800678.654,11.493
15986,388,32811.369,27081.194,163.788,1159.548,0,1.645,893119.612,10.199
15987,388,34604.38,29468.168,153.997,1243.849,0,3.191,3360272.642,10.307
15988,388,35563.898,27219.523,98.329,356.222,7.969,3.463,3958054.391,13.617
15989,388,35891.327,29980.708,147.358,1283.236,0,3.815,4802616.681,10.08
15990,388,36161.05,24720.12,3.649,31.153,34.333,2.945,2862993.107,6.801
15991,389,9972.242,38901.655,60.654,150.193,52.912,5.361,9485400.528,16.435
15992,389,10239.905,38191.966,2.527,29.581,54.034,2.352,1825604.078,6.617
15993,389,10360.735,37766.128,6.281,36.606,58.206,3.011,2992025.659,6.508
15994,389,10607.514,33473.245,52.498,91.504,37.268,4.119,5599130.063,16.992
15995,389,10640.181,36479.119,2.353,86.483,48.934,7.461,18370853.226,4.584
15996,389,10678.172,36827.776,197.034,2559.667,0,5.111,8620679.475,10.416
15997,389,10683.754,34701.497,157.308,1798.456,0,4.589,6949519.123,9.342
15998,389,10690.686,38832.737,157.972,2072.393,0,5.892,11457484.055,9.428
15999,389,10737.063,35265.139,88.048,834.548,36.647,3.818,4809664.902,6.992
16000,389,10884.227,38354.641,142.787,1183.683,0,4.983,8193899.048,11.361
16001,389,10963.188,33519.959,5.248,22.737,48.4,2.223,1630244.062,7.969
16002,389,11179.319,37157.213,73.875,312.968,62.142,7.054,16421442.994,14.46
16003,389,11198.844,36732.049,9.449,42.236,66.513,4.573,6902329.075,7.328
16004,389,11264.099,34916.483,66.718,109.559,48.515,2.234,1646660.218,15.713
16005,389,22159.962,29682.485,7.561,19.927,40.267,2.233,1646153.385,9.114
16006,389,23502.462,29027.316,155.685,1572.294,0,4.25,5959540.602,9.818
16007,389,23761.933,29579.331,54.811,93.361,24.377,2.32,1776315.869,13.947
16008,389,26504.531,12842.136,190.804,2052.735,0,2.826,2635130.044,9.526
16009,389,26762.331,13708.621,169.772,1397.773,0,4.673,7205250.553,12.537
16010,389,27039.491,12920.504,25.478,42.496,48.029,6.686,14753027.247,17.195
16011,389,27829.641,15249.062,149.784,1503.516,0,3.699,4515340.841,9.189
16012,389,28193.886,14753.655,36.347,47.682,30.064,2.628,2279106.808,14.205
16013,389,28640.476,15282.315,6.627,39.316,47.705,4.626,7061661.712,7.12
16014,389,29136.436,15821.151,66.651,70.333,22.702,1.759,1021598.293,19.485
16015,389,34601.409,29472.59,71.991,180.084,29.153,4.353,6254369.109,16.202
16016,389,35624.74,27242.6,67.544,92.477,18.972,1.358,608350.019,15.746
16017,389,35856.84,29934.76,46.725,65.242,37.439,1.58,824117.801,13.38
16018,389,36205.19,24776.961,100.476,174.498,24.481,0.62,126746.235,15.669
16019,390,9994.066,38883.471,6.046,35.476,55.471,3.942,5128410.385,7.108
16020,390,10367.461,37815.435,69.298,155.314,52.744,4.418,6441360.958,17.344
16021,390,10523.44,33316.335,166.491,1825.701,0,3.286,3563637.819,8.982
16022,390,10709.658,34689.999,67.803,126.191,41.886,2.986,2943152.628,16.188
16023,390,10743.849,35322.755,167.234,2814.168,0,4.341,6218990.697,7.394
16024,390,10704.609,36037.954,92.557,353.967,20.243,4.65,7136746.622,14.407
16025,390,10715.201,38764.04,61.099,198.059,45.093,3.175,3326366.225,10.687
16026,390,11127.383,34174.483,8.242,15.672,42.052,2.258,1682672.131,10.823
16027,390,11183.606,37178.284,69.204,267.972,57.544,6.871,15581430.343,14.612
16028,390,11197.629,36700.891,71.371,92.836,58.324,2.475,2022128.299,19.913
16029,390,11287.429,34868.351,109.015,662.848,24.038,2.297,1741505.916,9.309
16030,390,11339.044,35709.25,141.32,806.86,12.924,3.072,3115103.708,12.097
16031,390,21965.801,30399.09,204.047,2475.403,0,4.285,6058635.651,10.414
16032,390,22867.552,29283.74,157.958,1102.464,0,2.69,2387814.834,10.973
16033,390,23577.437,28955.953,151.85,1489.168,0,3.602,4281376.066,9.336
16034,390,26514.728,12844.002,128.624,888.201,0,4.484,6635068.228,11.499
16035,390,26763.36,13727.308,48.393,73.949,29.485,3.766,4680426.734,17.092
16036,390,27088.35,14185.535,53.166,85.137,36.788,4.439,6502360.153,19.117
16037,390,27810.252,15245.302,165.044,2034.773,0,2.89,2755452.235,8.093
16038,390,28181.992,14696.407,154.492,1021.292,0,3.538,4131581.972,12.201
16039,390,28561.245,15202.213,4.167,48.949,43.75,6.099,12277068.764,6.481
16040,390,32799.604,27199.846,1.149,54.622,24.454,2.928,2828619.146,4.756
16041,390,34629.957,29416.568,36.892,47.823,45.468,2.592,2216756.191,14.339
16042,390,35419.864,28996.849,91.213,375.044,0,3.882,4973296.77,12.426
16043,390,35598.702,27234.869,168.223,1207.489,0,2.781,2552550.114,11.304
16044,390,36218.377,24842.988,99.099,189.878,16.207,2.063,1403960.003,17.512
16045,391,9945.834,38948.204,65.787,126.585,49.666,4.77,7509043.595,19.811
16046,391,10333.184,38060.268,200.007,2332.49,0,4.057,5430637.007,10.343
16047,391,10375.612,37825.415,65.994,176.276,35.699,4.435,6491113.474,14.694
16048,391,10490.895,33301.234,198.357,2924.77,0,6.31,13138794.926,10.547
16049,391,10706.671,34720.671,177.503,2269.784,0,5.921,11568807.81,10.474
16050,391,10722.803,35323.32,153.755,2104.232,0,6.26,12931634.391,9.223
16051,391,10695.402,36443.464,136.532,1475.422,0,4.115,5589452.935,8.531
16052,391,10663.61,38825.49,179.631,2960.331,0,8.915,26228454.061,10.928
16053,391,11109.349,34074.33,152.612,1560.589,0,5.74,10873434.543,10.921
16054,391,11196.959,37127.162,6.788,81.843,81.553,4.609,7010822.711,4.428
16055,391,11130.966,37460.509,147.052,1635.792,0,2.702,2409079.058,7.954
16056,391,11281.263,35680.387,5.751,55.043,40.104,5.124,8664843.158,5.751
16057,391,21832.616,30081.403,6.931,38.971,45.243,2.999,2967612.289,6.357
16058,391,21975.274,30479.002,50.535,58.387,43.518,2.245,1662662.16,17.085
16059,391,23496.3,29024.725,72.709,174.946,26.826,2.196,1591239.264,12.86
16060,391,26555.931,12794.68,6.311,56.486,48.273,6.826,15378739.555,6.449
16061,391,27049.037,12891.151,112.364,533.355,14.736,3.184,3346161.107,11.958
16062,391,27840.819,15198.915,113.533,1086.464,14.825,5.895,11467479.659,9.416
16063,391,28651.887,15320.482,170.391,1565.155,0,3.676,4459998.174,10.559
16064,391,32274.974,26353.247,124.962,584.62,0,2.481,2032021.927,11.984
16065,391,32794.816,27131.173,66.973,176.054,14.453,2.487,2040387.725,12
16066,391,33493.667,28022.393,90.604,374.656,0,2.267,1696598.891,10.52
16067,391,34601.12,29454.163,64.919,181.096,41.329,4.905,7938314.677,14.843
16068,391,35841.17,25440.259,8.282,32.554,34.936,1.904,1196783.599,6.79
16069,391,36083.778,24872.249,5.993,21.561,27.32,3.717,4559163.827,9.78
16070,392,9957.541,38940.225,127.197,1503.452,0,4.859,7792832.478,8.11
16071,392,10325.473,37918.906,3.71,19.606,50.548,4.219,5874865.432,10.598
16072,392,10422.94,39091.51,92.461,167.049,52.53,4.918,7980685.031,27.449
16073,392,10529.923,33292.48,63.696,93.628,41.707,3.56,4182582.139,20.195
16074,392,10669.87,34721.148,129.188,1059.819,13.228,4.771,7510902.526,10.473
16075,392,10712.16,35296.123,78.317,255.972,51.355,4.316,6147090.745,13.93
16076,392,10638.476,36473.984,99.51,345.754,35.184,2.347,1817977.405,12.434
16077,392,10722.475,36854.654,121.97,627.722,31.715,2.383,1874653.903,11.033
16078,392,10685.987,38704.779,72.868,192.746,58.886,2.916,2805820.704,13.148
16079,392,10984.539,33514.963,44.008,50.752,59.839,5.389,9582876.795,25.561
16080,392,11124.113,34078.86,160.042,1423.042,6.217,2.959,2889935.359,9.738
16081,392,11230.154,34942.147,167.227,1968.832,0,2.948,2868738.072,8.415
16082,392,11201.255,36721.959,8.068,35.377,61.557,4.108,5568084.36,7.62
16083,392,11185.688,37123.164,158.198,3036.653,0,5.509,10016752.952,7.044
16084,392,11359.197,35230.934,135.721,1247.332,0,2.966,2902623.869,8.655
16085,392,11345.444,35717.595,167.69,1604.505,0,5.494,9962900.44,12.033
16086,392,21883.003,29899.993,36.745,51.585,47.953,4.637,7097196.277,17.808
16087,392,23482.268,29041.975,2.247,33.601,48.086,5.091,8553653.244,7.637
16088,392,23759.633,29557.567,2.673,32.767,39.75,3.865,4929291.512,7.013
16089,392,26595.844,12768.06,192.962,2485.195,0,4.273,6027050.456,9.618
16090,392,26826.677,13781.758,156.153,1328.964,0,1.967,1277153.329,9.157
16091,392,27040.678,13016.604,155.818,1675.861,0,4.152,5689037.402,9.339
16092,392,27106.618,14256.1,127.45,881.715,0,1.779,1044586.489,9.101
16093,392,27825.813,15234.091,145.339,1668.561,0,2.766,2524905.114,7.787
16094,392,28157.961,14806.604,6.859,22.137,34.708,2.963,2897314.578,9.034
16095,392,28674.699,15365.962,175.822,1355.746,0,4.73,7382350.224,13.586
16096,392,32312.029,26323.542,126.718,816.419,0,4.051,5416507.539,11.462
16097,392,32758.895,27103.752,125.34,711.844,0,2.564,2169300.831,10.729
16098,392,34353.287,27922.638,2.545,10.426,25.763,2.594,2221250.673,13.236
16099,392,34624.998,29420.264,133.199,983.926,0,3.149,3272016.946,9.939
16100,392,35421.62,30377.008,48.371,70.823,18.633,2.665,2344547.503,15.122
16101,392,35933.911,25433.422,10.786,25.815,35.966,3.083,3137065.562,9.3
16102,392,35915.938,29952.111,124.577,663.706,0,3.096,3163262.414,11.716
16103,392,36083.417,24867.018,8.685,15.405,28.318,2.53,2111818.004,11.482
16104,393,9997.683,38958.903,4.144,59.851,64.125,3.436,3895113.519,4.773
16105,393,10343.173,37858.155,31.363,46.774,51.223,3.424,3870050.186,13.618
16106,393,10484.265,33278.117,9.755,55.783,48.285,4.112,5579027.601,5.944
16107,393,10459.666,39147.701,47.438,59.042,58.65,2.188,1580145.381,15.621
16108,393,10704.764,34749.851,159.648,1920.372,0,5.177,8843629.18,9.551
16109,393,10718.91,35273.955,156.22,2291.679,0,4.59,6953943.638,7.869
16110,393,10670.03,36452.074,58.29,116.34,46.657,4.285,6059180.975,16.67
16111,393,10978.189,33561.138,87.168,332.105,28.37,3.784,4725728.173,12.6
16112,393,11131.189,34048.332,119.124,1226.762,0,4.339,6214014.189,8.214
16113,393,11196.133,37137.605,158.167,3677.728,0,5.619,10418192.866,6.245
16114,393,11201.631,36792.482,22.985,56.692,67.763,5.425,9713538.527,10.775
16115,393,11355.823,35280.349,3.584,24.283,54.683,2.977,2924787.915,7.968
16116,393,21600.368,30520.032,61.522,123.215,24.06,4.996,8236195.378,18.863
16117,393,21954.582,30431.117,183.365,1972.078,0,3.494,4028586.657,9.82
16118,393,23529.364,29084.662,75.449,212.129,34.278,3.629,4345640.405,14.009
16119,393,23679.7,29598.52,4.089,53.575,39.291,5.018,8310306.024,5.625
16120,393,26481.311,12795.35,9.107,91.245,51.297,6.333,13237659.725,4.826
16121,393,26817.892,13783.954,131.001,712.302,10.751,2.03,1359336.181,10.785
16122,393,27069.19,13003.985,33.004,38.444,39.208,2.059,1399296.263,13.745
16123,393,27104.576,14264.876,137.798,1049.296,0,2.824,2631231.907,9.689
16124,393,27836.12,15155.512,39.093,41.54,56.234,3.609,4297953.152,19.75
16125,393,28704.691,15425.405,50.027,88.733,32.141,2.9,2775133.57,13.922
16126,393,32319.903,26356.929,108.634,505.875,0,1.945,1248976.654,10.561
16127,393,32398.961,32718.293,3.212,49.546,12.845,2.524,2102653.826,5.015
16128,393,34667.543,29398.612,50.231,37.48,37.423,3.044,3058657.082,27.128
16129,393,35352.902,30403.639,50.982,79.475,18,2.553,2151465.839,14.671
16130,393,35593.58,27303.524,56.018,88.559,21.454,1.548,791284.09,13.487
16131,393,35831.649,25866.458,129.488,678.013,0,4.997,8241222.942,14.999
16132,393,35879.447,29947.769,128.935,836.06,0,5.263,9141814.416,13.039
16133,393,36384.467,25954.658,75.497,131.814,17.576,2.436,1958591.636,16.691
16134,393,37127.369,25510.53,143.138,833.062,0,4.756,7464851.455,14.495
16135,394,10126.221,38599.985,193.571,2406.163,0,6.021,11961955.468,11.51
16136,394,10342.507,37881.669,152.651,1544.015,0,3.282,3555096.302,8.958
16137,394,10413.392,39116.369,162.399,2119.582,0,8.691,24925524.875,12.012
16138,394,10555.95,33361.85,6.825,70.937,66.506,7.956,20890998.755,5.949
16139,394,10685.187,34690.4,119.863,1212.254,0,2.102,1457571.567,7.269
16140,394,10721.872,35251.709,98.968,687.49,37.983,6.348,13298256.177,11.287
16141,394,10723.257,35640.289,100.026,439.813,28.616,4.339,6212397.166,13.229
16142,394,10682.679,36441.809,142.671,1290.152,0,1.5,742836.581,8.229
16143,394,10641.271,38797.94,1.973,40.099,66.764,4.485,6638822.936,6.398
16144,394,10871.33,33020.395,44.89,56.406,36.684,3.621,4326218.961,18.655
16145,394,10990.424,33578.066,178.272,2189.552,0,4.053,5421860.597,9.257
16146,394,11122.565,34082.267,5.978,26.858,55.357,6.182,12611134.934,10.774
16147,394,11122.881,37438.517,4.848,26.954,70.876,2.991,2952272.093,7.626
16148,394,11230.661,36723.381,60.728,176.75,49.817,2.598,2226639.537,10.803
16149,394,11192.37,37156.681,142.94,2605.319,0,4.92,7987952.535,6.598
16150,394,11308.465,35255.171,196.575,2298.56,0,4.166,5726831.221,10.305
16151,394,11279.033,35839.24,2.067,28.679,50.215,4.315,6144146.552,7.951
16152,394,22000.808,30404.84,6.564,23.661,37.18,3.975,5215258.829,9.555
16153,394,23679.412,29604.029,7.17,26.683,41.264,3.978,5222700.732,8.92
16154,394,26519.64,12805.708,48.454,124.453,37.844,1.947,1250734.899,9.873
16155,394,27056.872,12921.893,151.979,1399.996,0,1.668,918623.533,8.491
16156,394,27099.724,14292.428,55.055,125.049,34.23,3.572,4211119.438,13.398
16157,394,27814.048,15209.398,178.588,2191.196,0,5.628,10452653.291,10.584
16158,394,29057.771,15981.289,47.657,93.644,23.79,3.461,3953705.169,13.544
16159,394,32301.529,26360.052,123.668,596.612,0,2.438,1962156.913,11.634
16160,394,34290.265,28021.103,33.956,34.626,28.85,1.303,560394.429,13.733
16161,394,34639.645,29360.632,8.302,45.042,32.058,5.221,8997417.762,7.125
16162,394,35913.972,29996.84,7.923,19.19,34.624,3.109,3189502.84,10.407
16163,394,36143.977,24707.881,111.376,405.363,4.354,3.514,4074071.405,14.84
16164,394,36120.843,25181.066,70.853,179.104,15.755,1.461,704475.408,11.487
16165,395,9946.65,38932.981,115.277,1065.759,0,4.741,7419716.841,8.909
16166,395,10335.773,37900.705,189.479,2414.226,0,4.074,5477251.817,9.416
16167,395,10631.731,36860.816,123.313,745.01,10.779,2.989,2948575.179,10.623
16168,395,10713.459,34709.559,173.959,2303.474,0,2.821,2625801.298,7.964
16169,395,10727.622,35340.017,72.927,198.11,58.824,3.515,4076293.967,13.862
16170,395,10746.054,35635.097,68.246,169.343,53.541,2.448,1977461.206,12.523
16171,395,10670.203,38906.515,153.24,1849.814,0,6.355,13325943.455,10.178
16172,395,10917.086,33627.118,203.46,2652.444,0,4.662,7172167.202,10.219
16173,395,11115.553,34058.609,43.832,79.057,46.757,3.143,3258991.961,13.266
16174,395,11140.662,37417.646,161.653,1918.382,0,1.975,1286766.256,7.76
16175,395,11200.48,36713.229,6.049,35.007,55.041,4.477,6615528.29,7.512
16176,395,11162.757,37116.066,191.467,3383.879,0,5.09,8551165.36,8.217
16177,395,11325.318,35160.543,107.313,369.22,35.12,4.653,7144675.116,17.412
16178,395,22101.417,30435.777,273.419,3454.671,0,0.812,217780.636,9.394
16179,395,23513.335,29070.81,130.457,908.196,0,4.031,5361210.283,11.051
16180,395,23760.547,29568.786,1.567,16.331,34.353,3.759,4663318.27,11.185
16181,395,26506.34,12778.044,42.495,49.259,40.907,2.55,2145723.359,16.378
16182,395,26809.063,13697.893,158.524,1604.995,0,3.989,5251343.946,9.702
16183,395,27057.593,14156.334,132.467,745.8,10.085,3.625,4337210.709,12.415
16184,395,27090.557,12980.325,133.27,1081.429,0,2.455,1989633.499,8.9
16185,395,27828.831,15216.226,144.173,1327.214,0,2.709,2421127.607,8.795
16186,395,29076.326,15734.26,208.145,2000.09,0,3.112,3195623.749,11.066
16187,395,32296.28,26367.246,122.006,623.256,0,1.683,934678.928,10.461
16188,395,34589.647,29374.812,135.973,884.597,0,5.36,9480552.658,13.661
16189,395,35344.461,30362.115,61.078,126.356,15.558,3.137,3247374.051,14.404
16190,395,35528.923,27416.298,27.847,31.137,26.52,1.296,554047.723,12.279
16191,395,35920.959,30000.617,11.307,28.841,30.214,3.393,3799158.427,9.077
16192,395,36096.812,25136.226,138.925,1030.648,0,4.028,5353533.064,11.025
16193,395,37230.676,25312.066,144.215,872.138,0,4.075,5480160.968,13.133
16194,396,10330.626,37921.394,4.309,27.76,50.257,4.377,6323775.832,8.446
16195,396,10384.971,39217.202,227.882,3941.139,0,5.411,9663525.162,9.637
16196,396,10512.284,33319.179,125.834,1152.448,0,6.317,13169405.281,10.834
16197,396,10733.535,35241.45,93.848,532.497,49.843,6.228,12798952.972,12.585
16198,396,10749.495,35714.511,170.393,2437.268,0,7.619,19158102.739,10.676
16199,396,10692.988,36854.025,139.634,1502.539,0,5.439,9762439.576,9.629
16200,396,10661.584,38811.18,257.157,5280.377,0,4.842,7737407.374,8.883
16201,396,10785.857,36095.262,81.854,257.936,35.754,2.465,2004802.075,11.952
16202,396,11121.642,34035.597,62.031,156.8,42.694,1.977,1290255.66,11.233
16203,396,11122.385,37419.229,36.607,83.151,60.847,4.802,7609548.234,12.457
16204,396,11277.374,36640.943,3.481,27.466,62.908,2.85,2681075.198,7.277
16205,396,11196.775,37068.313,168.021,2426.082,0,6.323,13194146.89,9.494
16206,396,11269.125,34914.72,140.38,1447.271,9.279,2.126,1491284.605,7.834
16207,396,21975.752,29925.972,76.617,245.039,24.036,3.131,3234145.922,12.219
16208,396,23221.099,29880.565,99.862,406.014,11.248,4.244,5942995.193,13.854
16209,396,23761.568,29527.418,5.107,43.977,29.115,4.004,5291371.326,6.08
16210,396,27028.324,12935.641,154.76,1494.517,0,2.523,2101564.267,8.792
16211,396,27819.693,15243.751,56.611,113.829,47.773,3.39,3792007.369,14.521
16212,396,29115.493,15789.248,155.425,1238.84,0,1.997,1315655.751,9.497
16213,396,34320.725,28072.947,3.679,14.979,33.362,1.706,960364.028,9.461
16214,396,34557.359,29360.005,140.042,1283.218,0,4.198,5818572.614,9.74
16215,396,35578.882,27454.85,146.701,754.963,0,1.291,550369.409,11.183
16216,396,35840.587,25749.178,8.752,26.306,30.884,3.294,3580663.065,8.794
16217,396,36094,25049.335,172.524,1128.045,0,2.234,1647751.52,11.542
16218,396,37277.652,25350.002,8.032,46.192,37.274,4.827,7690263.012,6.731
16219,397,10001.128,38913.85,2.017,24.345,54.76,3.453,3934173.113,8.18
16220,397,10232.165,38200.49,164.819,1651.444,0,3.777,4707529.67,9.841
16221,397,10339.662,37825.413,47.867,87.51,52.806,4.149,5679737.502,15.588
16222,397,10404.6,39117.946,6.541,30.652,60.052,3.814,4800420.821,7.846
16223,397,10661.075,36822.827,180.671,2088.93,0,3.589,4250132.911,9.356
16224,397,10718.413,34881.097,4.321,61.106,57.816,7.207,17139271.01,5.971
16225,397,10727.627,35309.183,162.072,2110.777,0,4.195,5806479.569,8.469
16226,397,10720.723,35676.328,4.527,60.831,54.123,4.71,7321941.333,5.113
16227,397,10724.537,36454.694,135.174,1362.371,0,3.79,4739828.301,8.657
16228,397,10640.53,38880.494,1.316,33.704,65.18,4.162,5717188.276,6.976
16229,397,11120.234,37441.107,3.113,34.689,53.747,2.254,1676205.049,6.037
16230,397,11118.11,34000.922,5.834,53.41,46.504,5.775,11006667.621,6.157
16231,397,11233.113,36702.512,51.404,108.682,57.564,2.363,1843189.587,11.834
16232,397,11203.897,37101.317,144.178,1851.519,0,4.717,7342680.573,8.234
16233,397,21683.354,30559.781,7.572,30.593,33.951,2.933,2839292.661,7.46
16234,397,23604.146,29013.019,45.754,84.929,41.515,3.695,4505026.305,14.21
16235,397,26751.105,13679.882,137.062,1203.133,0,6.314,13157932.858,11.924
16236,397,27026.374,12967.467,169.623,2102.783,0,4.568,6886355.397,9.279
16237,397,29039.611,15761.842,7.553,51.371,35.384,4.721,7353863.052,6.129
16238,397,34541.686,29348.497,126.668,875.842,0,4.099,5544849.796,10.959
16239,397,35434.97,28531.811,56.58,77.074,16.093,1.301,558721.624,14.379
16240,397,35868.209,25637.887,27.579,23.451,29.712,3.466,3964882.811,20.028
16241,397,36106.574,25060.011,158.069,748.7,12.026,0.662,144511.765,11.713
16242,397,37269.232,25332.107,53.2,97.656,26.685,1.916,1211984.928,12.521
16243,398,9939.624,38969.282,40.023,50.079,61.411,4.947,8075140.297,21.287
16244,398,10360.112,37839.099,66.468,209.522,45.606,5.385,9568957.989,14.445
16245,398,10406.748,39142.927,138.256,1721.406,0,6.52,14030016.634,9.348
16246,398,10509.291,33329.848,153.002,1773.338,0,6.206,12709449.714,10.357
16247,398,10723.97,34720.753,8.724,53.283,49.326,4.727,7375142.217,6.191
16248,398,10757.591,35326.399,242.225,4465.102,0,8.317,22829799.559,12.135
16249,398,10681.62,35653.508,68.828,152.386,45.825,4.626,7061890.148,17.906
16250,398,10685.219,38725.412,50.574,100.535,61.828,3.237,3457910.973,13.493
16251,398,10750.239,36040.299,51.656,118.791,38.732,4.849,7761048.104,14.853
16252,398,11109.907,34096.46,58.797,120.831,44.294,7.705,19592762.522,24.42
16253,398,11164.722,36765.549,232.33,4454.026,0,3.825,4828300.933,8.077
16254,398,11114.523,37433.919,188.963,2478.254,0,6.687,14755479.93,11.484
16255,398,11200.09,34880.191,0.268,14.172,55.943,5.202,8928802.401,14.996
16256,398,11181.486,37084.984,169.514,2404.721,0,6.323,13195122.032,9.682
16257,398,11282.504,35123.995,5.169,31.027,51.139,1.909,1202042.538,6.499
16258,398,21721.376,30347.892,155.748,1463.11,0,3.786,4730981.211,9.909
16259,398,21946.838,30042.01,145.965,1177.132,0,2.15,1525695.456,9.206
16260,398,23420.024,29117.69,210.274,2384.177,0,3.781,4718799.574,10.632
16261,398,26770.188,13674.248,95.123,315.59,30.051,4.103,5556181.881,15.333
16262,398,27085.978,12960.902,2.824,20.974,53.299,2.86,2698855.027,8.57
16263,398,29088.119,15812.945,95.365,349.161,12.431,4.859,7792718.373,15.589
16264,398,34478.878,29278.707,4.702,26.073,33.082,2.195,1590014.855,7.258
16265,398,35445.521,28544.704,64.143,80.937,20.926,2.507,2074363.126,19.164
16266,398,36040.948,25006.672,124.551,660.538,0,2.784,2557787.79,11.389
16267,398,37280.178,25294.11,42.324,80.552,26.59,3.819,4813843.865,13.616
16268,399,9981.34,38974.521,64.755,140.182,59.953,3.9,5020259.476,15.933
16269,399,10355.74,37835.054,88.911,430.429,30.468,2.473,2017683.657,9.637
16270,399,10319.513,39117.39,8.515,59.436,68.763,5.304,9284408.036,5.95
16271,399,10547.179,33371.721,149.945,1795.679,0,3.948,5143374.181,8.362
16272,399,10718.595,34754.527,211.926,2844.827,0,3.349,3701073.991,9.224
16273,399,10716.512,36478.609,5.484,42.58,47.831,2.805,2595982.493,5.764
16274,399,10693.704,36831.351,128.433,1096.564,0,5.528,10084810.478,10.833
16275,399,10645.7,38252.312,298.061,5442.291,0,5.287,9225728.904,11.123
16276,399,10740.139,35350.187,37.756,35.101,69.159,1.147,433937.249,14.773
16277,399,11121.111,37443.198,8.712,33.235,50.944,1.999,1318984.344,6.83
16278,399,11191.672,34719.185,6.071,32.556,55.804,6.407,13546770.093,9.459
16279,399,11213.426,36758.455,148.888,2140.962,0,7.248,17336809.881,9.34
16280,399,11232.107,37093.63,42.882,55.751,57.775,6.371,13394931.282,25.72
16281,399,11301.265,35083.479,181.464,2043.95,0,5.945,11664491.598,11.746
16282,399,21673.893,30317.21,6.2,23.362,55.589,2.998,2966539.09,8.612
16283,399,23425.963,29091.258,118.384,603.616,11.043,4.246,5948339.955,13.198
16284,399,23716.077,28895.157,146.528,1143.081,0,3.593,4259636.822,10.594
16285,399,26856.403,13757.255,200.634,2325.578,0,5.19,8890093.046,11.554
16286,399,27098.601,12908.573,130.106,1191.328,0,6.627,14493822.173,11.401
16287,399,27379.694,13673.508,31.76,49.776,33.249,1.487,729664.402,10.724
16288,399,27831.242,15234.843,50.543,62.019,38.326,1.838,1114549.541,15.485
16289,399,37257.477,25273.425,81.761,166.593,19.56,3.965,5188885.734,19.701
16290,400,9983.546,38908.809,56.111,133.658,47.463,2.822,2627842.061,12.04
16291,400,10361.405,37833.907,32.276,62.171,56.026,4.104,5558405.309,12.397
16292,400,10340.5,39091.438,47.489,70.001,58.17,1.556,799220.864,13.024
16293,400,10557.999,33409.604,143.329,1439.193,10.957,2.42,1933336.45,8.177
16294,400,10654.281,36859.403,184.921,2472.297,0,3.688,4487958.224,8.717
16295,400,10644.42,38878.882,76.015,148.128,58.62,3.258,3503248.56,17.498
16296,400,10732.054,35344.16,47.129,88.581,69.095,3.209,3399406.863,13.476
16297,400,10912.857,33028.71,117.229,540.258,18.651,2.481,2031655.182,11.644
16298,400,11090.775,37468.235,158.64,1735.162,0,3.25,3486842.229,8.713
16299,400,11183.063,34678.124,144.102,1542.857,0,5.185,8870931.808,9.674
16300,400,11273.735,36763.039,215.839,3285.61,0,6.873,15587366.976,11.498
16301,400,11208.97,37070.465,168.711,2453.618,0,5.487,9934173.709,8.887
16302,400,21501.647,30431.358,124.61,873.92,0,3.331,3661255.381,10.017
16303,400,23699.353,29560.565,153.717,975.701,0,3.954,5160349.056,13.086
16304,400,23783.783,28854.414,149.742,1054.631,0,3.887,4986602.289,11.856
16305,400,26800.245,13759.27,2.315,43.978,40.252,3.015,2999688.194,5.463
16306,400,27050.843,12967.935,136.76,1164.148,0,3.218,3417408.73,9.288
16307,400,27769.618,15249.731,55.199,109.354,39.255,3.069,3107450.777,13.895
16308,400,28027.667,14519.977,125.781,612.859,0,4.692,7264358.498,14.994
16309,400,28448.393,15967.727,142.238,840.01,0,3.562,4186578.975,12.51
16310,400,32247.855,26500.325,43.227,94.11,17.152,1.302,559636.52,9.866
16311,400,34344.401,28056.7,138.239,884.358,0,4.787,7561775.162,13.196
16312,400,35439.395,28640.647,7.413,21.469,30.174,2.131,1498281.742,8.592
16313,400,36287.95,24537.049,57.213,64.504,19.735,3.07,3110000.91,21.367
16314,400,37199.269,25322.22,104.403,415.179,10.471,2.258,1682244.887,11.658
16315,401,10014.139,38924.495,141.947,1060.932,13.097,4.521,6744352.078,11.672
16316,401,10395.893,37840.766,5.625,44.857,58.32,6.308,13130825.831,7.242
16317,401,10414.568,39192.046,103.44,292.977,36.921,2.589,2211909.527,14.948
16318,401,10557.754,33358.633,10.602,72.34,60.682,4.188,5787233.987,5.21
16319,401,10716.75,34900.321,85.495,227.746,47.333,3.825,4828668.647,16.219
16320,401,10670.522,38841.077,132.859,1601.965,0,3.966,5189981.135,7.738
16321,401,10740.38,35327.818,29.689,42.132,71.017,1.866,1148801.678,11.518
16322,401,10916.141,32993.804,190.895,2193.643,0,5.034,8362093.125,11.056
16323,401,10885.932,37998.311,4.468,24.946,50.226,3.669,4442276.375,8.505
16324,401,11004.436,34709.872,144.906,1684.066,0,3.61,4301608.301,8.149
16325,401,11234.177,36727.476,104.368,741.748,20.775,4.616,7032437.858,9.911
16326,401,11200.828,37164.227,120.837,1393.936,0,9.37,28975103.049,11.045
16327,401,21554.274,30430.894,61.841,180.498,29.688,4.9,7925011.547,13.883
16328,401,21912.121,30013.875,12.848,19.817,40.937,4.468,6588640.689,14.368
16329,401,23724.583,28943.314,170.715,1314.214,0,4.159,5707893.042,12.532
16330,401,26809.571,13747.003,96.162,500.33,26.877,3.35,3703189.644,10.387
16331,401,27050.77,12988.352,39.033,74.053,40.92,2.839,2659939.673,11.748
16332,401,27792.304,15302.579,107.312,947.446,0,3.622,4330264.252,8.089
16333,401,28477.903,15917.582,7.502,22.958,32.475,3.359,3723641.849,9.359
16334,401,32255.362,26511.604,138.698,709.398,0,2.066,1408357.412,11.589
16335,401,37126.212,25357.163,74.634,129.13,16.831,1.916,1211935.383,15.498
16336,402,9929.535,39232.447,29.702,38.057,40.741,2.904,2783231.157,13.915
16337,402,10004.831,38922.625,95.957,374.125,33.043,4.65,7135884.438,14.561
16338,402,10096.507,38669.639,71.995,123.638,44.638,2.641,2301314.676,16.905
16339,402,10377.004,37855.563,47.952,115.462,49.091,3.873,4949711.428,12.33
16340,402,10476.603,33119.074,4.218,11.322,48.247,2.366,1847646.832,12.371
16341,402,10637.475,36719.681,6.385,52.437,49.096,5.188,8881257.059,6.061
16342,402,10730.166,34922.249,102.897,512.173,45.569,2.499,2060342.99,10.31
16343,402,10710.365,35355.61,174.97,2747.817,0,4.639,7102841.222,8.12
16344,402,10666.312,38833.939,178.828,2392.585,0,3.837,4859303.252,8.627
16345,402,10833.76,33010.11,152.84,1340.562,0,3.132,3237080.473,9.686
16346,402,11174.564,37130.553,51.87,110.565,55.359,2.648,2314704.473,12.191
16347,402,11122.767,37356.464,8.906,39.129,58.441,1.881,1168206.11,6.227
16348,402,11278.769,36721.001,8.321,62.433,58.808,4.935,8037977.788,5.585
16349,402,21502.543,30463.022,131.518,904.935,0,4.055,5427860.211,11.228
16350,402,23476.519,29004.098,121.579,767.503,0,5.133,8696629.428,12.587
16351,402,23707.678,28886.461,66.481,104.031,23.192,1.457,700185.674,14.619
16352,402,26802.239,13688.064,8.604,41.844,51.127,5.23,9027952.016,7.587
16353,402,27039.381,12946.523,130.202,1181.044,0,1.615,860983.744,7.875
16354,402,27821.434,15274.64,167.505,1844.248,0,4.418,6441697.935,9.858
16355,402,28635.408,15584.027,85.984,203.652,25.662,0.937,289661.256,12.597
16356,402,32277.019,26570.989,68.69,121.37,19.274,1.774,1038887.479,14.36
16357,402,37121.512,25358.808,4.903,19.812,26.225,2.016,1341797.458,8.435
16358,403,9958.717,38982.277,38.515,45.338,50.884,5.334,9387682.544,23.154
16359,403,10065.281,38614.182,122.687,1048.387,0,4.479,6622265.896,9.589
16360,403,10357.038,37837.171,83.238,363.885,34.626,4.368,6297832.109,11.785
16361,403,10483.855,39240.658,5.596,14.65,54.044,4.804,7615094.915,14.914
16362,403,10537.592,33443.823,62.829,149.314,37.19,0.93,285281.478,10.828
16363,403,10710.056,34678,61.628,185.951,40.351,3.852,4896697.251,12.07
16364,403,10684.541,36673.348,136.067,982.793,9.69,5.999,11875286.056,13.423
16365,403,10852.255,33016.231,161.493,1419.627,0,2.969,2908787.863,9.869
16366,403,10907.825,38046.458,136.519,1192.165,0,5.82,11176735.775,11.422
16367,403,11103.229,34076.88,172.61,1847.981,0,2.247,1666495.028,8.652
16368,403,11208.008,36722.947,6.731,30.272,62.357,4.347,6236236.057,8.364
16369,403,11202.529,37066.949,162.885,2414.883,0,3.588,4249021.174,7.511
16370,403,21595.87,30494.683,176.349,1353.677,0,2.194,1588575.499,10.583
16371,403,21716.805,30224.648,217.493,2443.489,0,4.243,5941404.514,11.437
16372,403,21918.672,29921.998,9.179,34.459,49.797,4.592,6958518.868,8.394
16373,403,23646.496,28874.166,128.426,731.065,0,2.198,1594092.284,10.527
16374,403,26788.024,13714.993,87.3,458.233,13.414,3.526,4103298.919,9.895
16375,403,26959.654,12714.71,1.984,24.162,35.065,3.023,3016827.776,7.882
16376,403,27001.261,12953.003,45.17,65.619,44.428,3.841,4869412.682,17.283
16377,403,27854.654,15243.688,151.479,1220.072,7.813,2.039,1372267.777,9.334
16378,403,28461.317,15955.275,111.536,569.19,0,3.095,3161443.396,11.246
16379,403,28559.396,15160.768,3.286,23.956,31.998,3.239,3462141.152,8.212
16380,403,29082.741,15793.772,66.966,112.747,25.789,3.664,4430281.78,19.085
16381,403,29167.901,15978.8,49.166,55.557,27.443,1.915,1210246.406,16.271
16382,403,36317.934,25523.467,9.386,62.484,27.815,3.185,3346820.745,5.189
16383,403,37141.865,25338.005,56.02,108.264,14.884,3.681,4472380.976,15.42
16384,404,10339.711,37864.645,128.474,1415.217,0,3.58,4229645.207,7.822
16385,404,10645.114,36831.761,50.154,86.783,44.559,2.859,2697731.78,14.105
16386,404,10740.068,34936.219,208.681,3166.945,0,5.659,10569678.354,10.154
16387,404,10802.303,32959.12,3.712,27.678,36.835,2.721,2444085.917,7.189
16388,404,10961.186,33597.962,6.442,35.165,41.581,3.936,5111550.462,7.214
16389,404,10962.001,37998.888,3.765,46.549,39.967,3.907,5038695.187,5.687
16390,404,11119.012,33954.555,149.422,1183.699,0,4.2,5820203.384,11.246
16391,404,11120.358,37437.904,5.164,59.097,50.093,3.856,4908066.638,5.01
16392,404,11255.263,36728.612,22.461,35.959,50.615,5.594,10327910.951,15.39
16393,404,21895.892,29958.517,134.741,1380.298,0,4.027,5351600.675,8.703
16394,404,23705.104,28905.176,152.769,1156.768,0,2.299,1744098.867,9.904
16395,404,26485.657,13002.598,78.142,242.292,24.114,2.345,1814504.275,11.621
16396,404,26794.494,13705.799,135.174,1104.831,0,2.199,1595094.876,8.782
16397,404,27039.582,12993.933,3.135,29.96,46.015,3.392,3797418.511,7.182
16398,404,27158.239,14317.47,157.453,1219.221,0,4.455,6550096.537,12.155
16399,404,27848.177,15199.338,10.242,30.909,43.369,4.364,6285273.481,9.199
16400,404,28026.37,14568.618,117.573,329.108,17.641,3.367,3741100.707,18.314
16401,404,28560.063,15180.527,141.149,915.079,0,1.322,576389.848,9.692
16402,404,29122.893,15801.029,150.106,940.352,6.357,1.447,690536.054,10.274
16403,404,32879.162,26558.052,9.341,20.973,31.399,2.862,2704084.386,9.94
16404,404,34689.081,28431.029,44.171,35.135,21.732,1.741,999959.942,18.857
16405,404,36320.851,25518.884,3.9,41.769,28.93,3.858,4912614.116,6.085
16406,404,37154.925,25319.978,102.606,279.922,9.338,2.337,1802238.54,14.755
16407,405,9985.104,38942.579,143.036,1571.546,0,2.061,1402345.77,7.615
16408,405,10353.541,37823.869,181.103,2410.721,0,4.257,5980268.304,9.01
16409,405,10356.517,39223.784,152.316,1515.388,0,3.2,3379473.106,8.982
16410,405,10559.992,33519.219,4.158,47.095,36.913,4.554,6844672.004,5.942
16411,405,10708.819,34852.465,151.149,1789.697,0,5.653,10545452.207,9.662
16412,405,10631.017,38827.568,152.027,1991.005,0,3.104,3178620.453,7.546
16413,405,10727.441,35404.79,39.616,61.143,76.617,2.35,1823165.243,12.785
16414,405,10982.68,33598.18,90.155,270.852,28.133,2.004,1325871.887,12.398
16415,405,11130.401,37387.16,174.165,2278.564,0,3.995,5267957.061,8.71
16416,405,11197.204,37085.976,165.339,1645.687,13.651,2.646,2310309.765,9.049
16417,405,11358.447,35215.049,54.621,141.389,41.114,4.576,6908947.641,13.595
16418,405,21602.716,30583.054,161.254,1143.47,0,2.679,2367736.593,10.991
16419,405,21893.313,29977.385,143.327,1626.674,0,4.453,6543586.166,8.738
16420,405,23728.403,28983.264,70.339,139.511,45.372,4.653,7146045.568,19.934
16421,405,23786.183,29570.592,31.185,32.474,32.18,1.607,851791.687,13.661
16422,405,26468.909,12971.773,118.469,938.839,0,5.22,8991302.067,10.524
16423,405,26789.134,13716.343,116.334,628.764,16.84,3.904,5029114.929,12.061
16424,405,27038.137,13010.384,153.856,1551.298,0,3.968,5196482.076,9.526
16425,405,27147.287,14328.768,119.995,810.577,0,4.162,5717364.975,10.808
16426,405,27497.222,13724.126,53.75,106.976,24.176,4.411,6421163.495,16.148
16427,405,27838.182,15263.32,140.86,1425.432,0,2.739,2475588.207,8.222
16428,405,29090.185,15816.77,125.327,654.188,0,2.308,1758202.813,11.038
16429,405,35828.161,25536.441,117.309,412.179,10.663,2.364,1843836.344,13.647
16430,405,36319.657,25460.462,42.852,45.84,31.642,3.086,3143449.796,18.938
16431,405,37138.12,25310.404,125.189,464.721,0,2.168,1551779.223,13.404
16432,406,9975.467,38917.252,131.512,1311.32,0,5.177,8843344.529,9.552
16433,406,10345.292,37875.014,91.79,617.069,25.724,3.735,4604256.044,8.835
16434,406,10473.148,33545.402,117.266,729.594,0,3.199,3378357.941,10.303
16435,406,10741.35,34767.664,69.229,126.041,49.181,6.626,14487771.784,27.265
16436,406,10727.235,35848.384,181.843,1986.972,0,2.975,2921290.277,9.274
16437,406,10693.02,36525.749,157.712,1235.877,0,2.869,2717085.585,10.364
16438,406,10643.04,38879.731,4.389,51.669,50.117,2.573,2184836.597,4.994
16439,406,10720.792,33036.943,8.073,37.954,39.046,2.435,1956136.37,6.4
16440,406,10905.534,32971.948,22.87,19.622,38.394,1.818,1090879.457,14.672
16441,406,11124.077,37158.453,200.876,3317.676,0,2.577,2191753.667,7.499
16442,406,11115.062,37442.503,7.722,36.669,67.414,6.135,12421995.618,8.814
16443,406,11200.286,34077.622,3.031,25.19,43.955,3.956,5165148.501,8.5
16444,406,11342.377,35265.623,92.787,274.423,32.312,2.106,1464153.37,12.858
16445,406,21643.971,30584.968,123.922,911,0,5.181,8858100.488,11.437
16446,406,21873.791,29961.205,47.39,89.822,52.711,4.581,6924376.486,15.91
16447,406,23760.671,28960.442,1.644,52.955,52.823,4.973,8160056.834,5.486
16448,406,23762.745,29559.396,6.304,26.257,37.873,3.361,3727107.866,8.288
16449,406,26458.598,12951.448,121.452,984.885,0,3.97,5202307.178,9.462
16450,406,27011.325,13019.187,141.513,1326.756,0,2.865,2708166.482,8.7
16451,406,27116.731,14237.505,3.456,38.37,29.296,2.585,2204587.094,5.84
16452,406,27515.066,13750.526,127.842,718.999,0,4.542,6808992.889,13.384
16453,406,27828.712,15287.489,149.461,1530.369,0,1.397,644053.018,7.857
16454,406,29046.922,15802.962,151.48,914.268,0,4.248,5956364.314,13.883
16455,406,34640.262,28481.146,5.639,38.442,23.61,2.709,2422431.761,6.103
16456,406,35649.961,27302.585,110.831,562.478,0,2.433,1953131.806,10.573
16457,406,35853.014,25482.607,197.924,1594.411,0,2.173,1557588.675,10.98
16458,406,36120.97,24571.251,87.001,133.615,18.09,2.313,1765612.59,19.522
16459,407,10006.791,38946.68,173.481,2260.584,0,4.087,5512482.269,8.771
16460,407,10345.542,37875.368,149.123,1968.802,0,4.568,6887239.894,8.175
16461,407,10416.092,39135.978,181.358,2521.446,0,7.421,18176230.427,11.285
16462,407,10715.332,34957.363,7.667,51.523,49.596,6.476,13840813.509,6.99
16463,407,10637.357,38878.948,15.214,43.09,61.563,8.249,22458466.456,12.463
16464,407,10799.603,35359.928,4.464,38.548,72.838,5.461,9841161.019,7.373
16465,407,10808.368,33047.68,111.996,358.101,22.697,3.98,5226690.497,17.43
16466,407,10965.555,33651.19,191.782,1986.202,0,5.918,11556866.508,13.041
16467,407,11146.801,37197.362,191.888,3120.423,0,6.672,14689354.739,9.833
16468,407,11359.25,35251.351,110.185,714.538,9.573,4.743,7423840.835,11.091
16469,407,21681.158,30639.181,4.579,23.428,36.385,2.227,1636649.604,7.734
16470,407,21794.124,30076.885,198.783,2093.572,0,4.566,6880129.043,11.601
16471,407,23752.526,28981.263,96.653,437.803,38.595,3.879,4965830.216,12.05
16472,407,23745.376,29554.019,50.139,95.487,37.206,2.404,1907797.547,12.539
16473,407,26473.962,13030.238,124.95,734.892,0,4.43,6476634.135,12.591
16474,407,26770.908,13720.357,76.709,324.808,15.89,2.373,1858883.437,9.559
16475,407,27040.83,13041.839,6.864,15.067,40.043,1.499,741573.326,9.82
16476,407,27779.766,15324.989,140.603,1538.439,0,2.311,1763206.975,7.659
16477,407,28094.191,15751.022,16.036,29.447,36.331,3.052,3074818.058,10.258
16478,407,29088.382,15791.538,148.758,944.081,0,1.939,1240754.162,10.513
16479,407,35659.612,29634.139,146.65,837.907,0,5.182,8861683.738,15.71
16480,407,35837.965,25360.924,6.291,43.791,29.729,4.692,7264534.412,6.591
16481,407,37128.746,25301.877,158.816,733.915,0,2.732,2463636.662,14.445
16482,408,9986.645,38989.227,95.603,500.636,29.68,3.59,4253841.637,10.535
16483,408,10339.711,37861.714,133.963,1919.605,0,6.135,12422080.846,8.03
16484,408,10376.371,39268.715,145.965,1672.431,0,4.422,6453712.269,8.765
16485,408,10730.073,34866.013,92.663,293.527,41.49,4.925,8005126.052,17.253
16486,408,10715.494,36553.359,5.579,23.283,47.526,4.33,6186658.26,9.807
16487,408,10651.807,38884.223,33.112,54.65,53.914,5.021,8321195.055,15.679
16488,408,10748.252,35365.864,38.954,90.429,58.025,1.923,1220125.745,9.536
16489,408,10768.905,35948.406,152.789,1354.393,0,4.459,6561466.266,10.81
16490,408,10830.979,33038.084,183.159,1768.394,0,4.041,5388131.895,11.081
16491,408,11026.331,33585.268,159.234,895.304,17.21,3.111,3194205.892,13.265
16492,408,11120.425,34241.429,8.593,43.96,42.459,4.278,6039276.764,6.781
16493,408,11170.066,37186.836,96.82,415.254,44.633,4.144,5667620.29,12.901
16494,408,11358.611,35278.324,2.93,54.553,48.788,6.609,14413161.657,6.093
16495,408,21591.553,30508.914,139.886,964.934,0,4.629,7070309.067,12.38
16496,408,23714.726,28998.54,106.434,828.642,28.291,3.318,3632507.384,8.52
16497,408,26977.038,12999.258,156.149,1278.454,0,4.864,7806163.392,12.082
16498,408,27758.077,15265.464,50.178,47.601,46.146,4.906,7943099.141,30.658
16499,408,28421.414,15884.867,142.373,882.124,0,1.909,1202775.791,10.377
16500,408,28505.949,15120.424,25.63,30.355,32.462,2.785,2559219.871,13.887
16501,408,32722.01,33201.558,1.882,23.798,15.548,3.909,5043509.683,8.695
16502,408,32875.866,26580.455,151.795,912.548,0,4.203,5828920.228,13.872
16503,409,10027.614,39014.93,194.501,2740.675,0,6.704,14832005.115,11.118
16504,409,10133.063,38614.267,49.511,74.771,45.493,6.399,13512260.729,24.703
16505,409,10382.52,37878.103,76.096,193.293,52.607,4.213,5857575.243,16.332
16506,409,10398.774,39203.11,3.282,41.332,52.89,8.137,21852669.084,8.513
16507,409,10548.743,33298.859,126.408,995.169,0,4.851,7766553.762,10.703
16508,409,10738.421,35415.439,186.939,2591.014,0,3.49,4019011.969,8.455
16509,409,10692.884,36611.576,201.006,2267.367,0,3.547,4151425.933,10.142
16510,409,10882.445,33030.725,166.056,1697.971,0,2.698,2402578.125,8.961
16511,409,11193.033,34000.594,7.217,24.926,44.17,3.559,4179656.618,8.966
16512,409,11167.444,37136.709,165.027,2699.793,0,3.871,4944848.156,7.251
16513,409,11355.346,35768.375,6.433,32.144,37.539,3.008,2986271.582,7.074
16514,409,21920.706,30236.816,7.536,23.183,50.346,5.047,8406877.186,11.233
16515,409,22881.746,29281.158,10.89,24.395,31.322,4.656,7153398.448,11.586
16516,409,23663.576,28997.866,41.686,54.991,52.976,3.004,2977969.623,15.833
16517,409,26979.5,13010.911,74.255,148.196,34.213,2.015,1340438.706,14.313
16518,409,27545.394,13823.956,123.272,632.011,0,2.365,1845136.254,11.108
16519,409,27815.085,15236.75,122.232,1063.559,0,6.412,13568617.494,11.121
16520,409,28008.352,14454.087,148.246,1032.31,0,3.982,5233083.116,11.985
16521,409,35625.122,29698.125,56.716,77.156,24.436,2.701,2407743.816,17.438
16522,409,37137.499,25314.831,127.397,491.371,0,3.062,3093398.861,14.729
16523,410,10347.001,37891.095,149.378,1957.206,0,6.652,14601682.842,9.611
16524,410,10429.238,39280.47,1.914,21.337,55.358,5.697,10709712.225,11.46
16525,410,10516.065,39047.081,153.321,1819.529,0,4.968,8145771.81,9.224
16526,410,10666.96,36695.303,200.39,2494.064,0,4.484,6634968.158,10.285
16527,410,10701.658,35437.956,185.029,2711.13,0,6.398,13510262.612,10.137
16528,410,10702.213,35961.617,129.81,919.369,0,4.834,7712345.649,11.755
16529,410,10709.381,38835.068,177.275,2152.067,0,5.919,11561498.595,10.879
16530,410,11039.276,33602.413,4.348,58.936,43.42,6.076,12182574.356,5.684
16531,410,10931.728,38011.163,163.112,1576.346,0,4.912,7964753.501,11.089
16532,410,11143.365,34101.944,45.4,54.11,45.391,2.191,1584072.226,15.739
16533,410,11144.236,37044.797,282.122,7201.278,0,6.956,15966356.018,9.524
16534,410,21881.982,30570.88,127.063,936.669,0,3.416,3851422.177,9.89
16535,410,21928.074,30319.918,9.291,36.851,43.519,3.018,3006264.159,7.026
16536,410,22842.129,29266.837,92.29,282.777,11.021,4.836,7716918.867,17.474
16537,410,23695.264,28945.617,204.267,2864.747,0,2.847,2674758.304,8.466
16538,410,23775.585,29538.004,121.968,810.727,3.445,3.206,3392403.633,10.122
16539,410,26703.501,13540.021,138.191,1045.719,0,1.626,872681.46,8.965
16540,410,26775.443,12560.135,143.868,893.774,0,1.909,1202172.206,10.422
16541,410,26998.629,13064.765,72.418,166.746,24.614,4.214,5859449.886,17.037
16542,410,27836.571,15277.785,4.784,21.817,42.063,5.018,8309934.018,10.925
16543,410,27999.716,14489.18,10.793,38.162,30.858,5.802,11109833.133,9.213
16544,410,28934.188,15727.076,67.061,121.716,28.376,3.547,4151980.598,17.733
16545,410,32802.665,26467.978,116.904,571.314,0,1.612,857501.495,10.427
16546,410,37147.664,25325.826,78.646,210.066,7.761,2.768,2527737.673,13.432
16547,411,9943.017,39134.889,76.704,210.708,35.287,1.892,1181353.663,11.845
16548,411,9989.522,38860.922,135.851,1272.392,0,2.422,1936413.124,8.261
16549,411,10329.32,37877.021,185.439,3014.785,0,4.792,7578589.775,8.332
16550,411,10435.09,39252.206,198.617,2855.847,0,6.142,12448549.848,10.612
16551,411,10725.181,34703.305,20.438,33.196,44.719,3.58,4228906.027,11.87
16552,411,10720.318,35357.204,1.895,36.363,60.616,3.645,4384786.629,6.389
16553,411,10719.87,36638.851,4.714,30.767,59.653,5.802,11107773.979,9.051
16554,411,10650.52,38904.11,46.784,96.719,49.489,6.765,15102698.026,18.897
16555,411,10974.67,33643.109,204.669,2017.462,0,6.547,14146489.466,15.182
16556,411,11132.117,34138.491,201.568,2236.815,0,3.948,5143281.444,10.65
16557,411,11119.342,36797.886,7.107,57.906,67.723,6.415,13578860.686,6.284
16558,411,11192.574,37048.077,77.193,162.531,74.256,3.049,3067275.315,16.217
16559,411,21886.462,30121.653,161.181,1355.831,0,4.296,6089535.953,11.46
16560,411,23756.969,29518.993,135.636,958.114,0.327,2.485,2037344.16,9.779
16561,411,26475.805,12927.21,131.158,681.807,0,5.179,8851739.975,15.544
16562,411,26729.537,13569.201,67.909,162.17,35.044,4.078,5486910.332,15.603
16563,411,27041.897,13054.78,121.176,693.899,18.688,3.316,3628587.913,11.221
16564,411,27102.676,14263.414,141.34,847.638,0,2.379,1867528.691,10.956
16565,411,27814.672,15313.646,80.412,211.133,19.774,2.055,1393639.194,12.69
16566,411,28001.861,14544.831,162.761,1050.662,0,4.352,6250449.765,14.073
16567,411,28462.563,15708.227,54.568,98.286,28.453,3.173,3322790.832,14.955
16568,411,28966.055,15758.42,9.991,31.316,29.236,1.834,1109973.571,7.245
16569,412,9908.34,39156.706,132.161,1112.548,0,5.72,10797446.431,11.368
16570,412,10328.403,37916.072,52.406,167.411,60.783,5.973,11774448.391,13.035
16571,412,10663.672,36686.086,127.311,911.428,20.048,2.788,2565514.581,9.575
16572,412,10589.876,38924.701,123.251,1431.871,10.175,2.288,1728151.725,6.894
16573,412,10707.67,35392.829,151.124,2256.242,0,4.55,6833328.622,7.597
16574,412,10801.681,33040.844,4.069,28.09,40.48,3.21,3401498.193,7.471
16575,412,10934.803,33622.31,77.354,121.381,33.655,5.358,9475289.97,28.756
16576,412,11122.873,33921.784,7.112,46.548,35.022,4.379,6329307.65,6.309
16577,412,11165.814,37015.448,52.198,129.104,64.567,5.297,9258948.688,14.845
16578,412,13392.553,10501.443,65.767,141.543,7.804,1.69,942657.043,12.375
16579,412,21687.214,30378.713,168.948,1418.532,0,4.364,6285369.598,11.938
16580,412,22927.898,29221.973,60.488,100.176,25.085,1.87,1153630.012,14.136
16581,412,23798.298,28927.585,158.42,1974.201,0,6.586,14314848.43,10.372
16582,412,23757.912,29539.271,182.237,1545.794,0,5.555,10183514.463,14.147
16583,412,26760.952,13589.407,111.14,582.698,25.147,1.958,1265522.248,9.999
16584,412,27140.226,14271.558,42.962,50.241,30.265,2.103,1459288.134,15.338
16585,412,28391.812,15683.696,164.361,1588.734,0,3.211,3402425.343,9.589
16586,412,28791.441,16142.506,179.207,1187.954,0,2.431,1950692.287,11.936
16587,412,32282.315,26599.955,88.132,358.511,0.432,4.935,8035896.188,13.702
16588,412,35529.59,29643.4,139.801,906.332,0,3.754,4650863.942,11.83
16589,412,35803.659,25572.283,63.963,106.625,20.026,1.227,496522.148,13.506
16590,412,37105.681,25394.131,76.059,241.728,8.006,2.311,1762093.228,11.24
16591,413,10330.664,37892.415,152.574,2115.43,0,7.63,19212813.039,10.063
16592,413,10629.737,36698.778,57.069,119.658,49.295,2.19,1582953.557,12.307
16593,413,10546.418,38949.195,252.624,5336.882,0,8.706,25011204.007,11.56
16594,413,10674.767,34768.649,136.993,1621.019,0,4.822,7673177.269,8.48
16595,413,10721.071,35406.986,153.601,2374.443,0,4.111,5578095.546,7.297
16596,413,10722.282,36081.352,5.817,40.889,40.32,4.58,6923688.474,6.77
16597,413,10832.225,33043.207,197.276,2665.352,0,6.059,12115955.906,10.992
16598,413,10927.224,33586.769,158.472,1456.838,0,3.065,3100083.923,9.563
16599,413,11092.272,34123.867,64.523,172.873,32.46,3.282,3555209.866,12.655
16600,413,11159.715,36999.658,195.966,2949.42,0,5.07,8483365.799,9.313
16601,413,11277.911,36640.151,3.514,19.316,64.965,4.778,7534919.109,11.412
16602,413,21647.322,30449.461,204.352,2036.777,0,5.149,8748705.393,13.066
16603,413,22863.874,29305.022,342.624,4188.489,0,2.573,2185626.75,12.333
16604,413,23769.856,29553.655,181.38,1405.334,0,4.58,6922680.068,13.628
16605,413,23860.723,28923.164,94.961,541.253,23.086,3.518,4084079.879,9.858
16606,413,26740.793,13617.95,58.195,120.727,27.33,1.157,441875.116,11.397
16607,413,27083.387,14250.175,138.118,1314.565,0,4.995,8235222.351,10.057
16608,413,27152.46,12992.859,74.566,202.845,16.079,6.08,12199278.312,19.079
16609,413,27973.702,14526.806,56.809,109.318,25.368,1.373,622510.234,11.94
16610,413,28404.584,15765.026,7.792,33.181,45.639,5.061,8451263.988,8.632
16611,413,28493.4,15152.504,60.309,83.717,28.596,3.427,3875188.921,19.961
16612,413,29005.328,15889.595,139.004,955.756,0,4.504,6695929.231,12.199
16613,413,34457.655,29232.594,110.41,538.805,0,5.502,9989946.015,14.871
16614,413,37162.298,25396.809,74.945,254.308,8.527,2.032,1362032.334,10.466
16615,414,10072.171,38532.228,73.386,264.195,24.635,2.189,1581084.874,10.127
16616,414,10089.683,38972.752,17.127,37.92,58.079,6.907,15743731.699,13.378
16617,414,10572.462,33793.312,55.716,82.509,28.316,5.564,10215598.768,24.481
16618,414,10515.795,39064.589,158.335,2017.378,0,3.703,4524661.263,8.172
16619,414,10619.857,36716.523,31.549,51.404,49.556,4.294,6085288.684,14.238
16620,414,10637.886,38798.376,4.997,58.122,54.6,4.968,8143519.195,5.4
16621,414,10973.569,33575.09,114.243,841.528,0,3.53,4112138.961,9.355
16622,414,11153.961,34072.794,76.819,179.792,29.001,2.591,2215570.8,14.151
16623,414,11118.432,37152.751,59.288,159.909,63.046,2.235,1647881.161,10.813
16624,414,11281.595,36720.559,4.691,40.418,64.828,6.05,12080183.164,7.512
16625,414,26553.472,12960.232,7.21,26.224,32.605,2.307,1756904.172,7.704
16626,414,27065.716,14243.228,30.532,37.588,31.648,1.459,702862.333,12.116
16627,414,27116.747,12968.41,10.029,27.73,37.406,3.797,4757297.047,9.306
16628,414,28022.796,14535.007,68.655,137.47,18.03,1.939,1240169.847,13.562
16629,414,28502.636,15168.177,73.287,195.094,22.41,3.459,3949437.607,14.013
16630,414,29059.56,15893.262,126.404,1016.071,0,6.147,12468765.75,11.843
16631,414,32359.078,26675.083,132.318,862.311,0,2.807,2599631.354,10.398
16632,414,32788.558,26353.526,163.719,992.711,0,2.429,1947303.128,11.939
16633,414,34499.661,29230.956,88.705,214.768,22.455,3.535,4124053.429,17.178
16634,414,34710.95,28449.396,76.397,198.007,14.107,2.433,1952926.912,12.956
16635,414,36192.396,24560.54,129.935,531.812,0,3.183,3342982.462,14.54
16636,414,36320.254,25757.477,6.847,26.731,25.096,1.231,500050.221,7.026
16637,414,37197.213,25313.276,37.543,49.392,25.665,3.104,3179612.76,15.332
16638,415,10084.043,38560.299,2.51,36.727,50.063,2.798,2584426.267,6.007
16639,415,10350.969,37880.637,128.093,1175.859,34.714,4.203,5828986.862,9.185
16640,415,10509.016,33738.048,53.138,80.775,27.505,1.421,666095.05,13.28
16641,415,10481.752,39118.62,4.018,33.73,63.995,7.122,16738104.604,9.356
16642,415,10711.919,35444.13,7.247,37.469,84.218,9.226,28092932.123,11.077
16643,415,10659.781,36644.238,30.592,75.77,56.176,3.052,3073420.021,9.231
16644,415,10607.043,38840.334,255.259,4521.2,0,4.921,7990602.08,9.856
16645,415,11139.015,34102.612,88.885,366.621,31.193,5.388,9581300.803,14.313
16646,415,11196.956,37121.062,2.412,40.612,74.096,5.413,9668297.279,6.856
16647,415,11215.008,36711.715,68.9,152.918,49.651,6.166,12547353.346,21.625
16648,415,21600.184,30079.983,0.231,28.998,35.81,2.086,1435568.768,6.49
16649,415,21628.486,30624.704,73.757,141.214,19.787,2.728,2455150.683,16.11
16650,415,21921.198,29992.137,5.804,35.101,33.378,3.324,3646431.022,6.768
16651,415,23937.709,28893.289,111.098,341.709,35.153,1.696,949251.725,13.311
16652,415,26783.707,13650.526,152.783,1021.458,0,2.15,1525977.156,10.532
16653,415,27153.481,13031.315,138.964,894.626,0,4.396,6376115.138,12.654
16654,415,28017.353,14569.297,63.97,101.4,26.996,2.724,2449385.719,16.856
16655,415,28500.999,15236.432,166.755,1321.127,0,3.167,3310766.409,10.948
16656,415,28556.906,15690.255,7.092,21.502,42.225,5.058,8442375.676,11.774
16657,415,29108.937,15910.851,138.251,884.727,0,4.068,5462272.845,12.238
16658,415,32356.147,26619.676,134.813,808.886,0,4.013,5314413.585,12.52
16659,415,34715.383,28399.099,7.158,33.223,22.288,1.832,1107683.656,6.499
16660,415,36383.776,25771.431,171.826,1070.905,0,2.401,1903291.013,12.053
16661,415,37280.556,25283.121,9.847,72.306,25.195,4.665,7181337.01,5.231
16662,416,10332.794,37880.024,162.022,2496.158,0,6.341,13267352.197,8.83
16663,416,10709.12,34743.582,155.927,1753.104,0,2.962,2894808.143,8.311
16664,416,10734.497,35405.572,83.844,401.73,61.825,2.873,2723691.235,9.691
16665,416,10833.173,33035.709,161.613,1193.657,0,4.095,5534262.545,12.342
16666,416,11061.529,37405.88,37.884,51.294,53.514,3.248,3481628.205,15.381
16667,416,11155.497,34076.436,94.271,313.855,34.553,1.659,908754.776,11.582
16668,416,11119.985,37119.825,0.97,65.494,67.638,4.056,5429913.512,4.522
16669,416,11194.18,36754.759,31.184,22.599,54.922,3.102,3174605.132,22.195
16670,416,21674.343,30087.784,182.363,1696.189,0,4.312,6136359.157,11.644
16671,416,22876.309,29281.843,6.84,40.92,27.796,3.801,4767634.342,6.526
16672,416,23601.979,29681.587,4.925,27.739,31.641,5.617,10412805.106,9.679
16673,416,23805.017,28863.744,37.162,32.403,49.334,3.329,3657686.219,21.504
16674,416,26515.563,12932.193,112.834,849.218,0,2.794,2576624.657,8.668
16675,416,26815.375,13672.378,174.566,1427.205,0,3.836,4856528.93,11.797
16676,416,28480.469,15756.051,5.273,21.022,39.7,4.792,7577343.062,11.08
16677,416,28490.525,15258.441,148.186,1235.715,0,2.416,1926688.822,9.277
16678,416,36343.001,25680.144,38.927,47.247,31.171,3.703,4524819.149,18.031
16679,416,37198.36,25281.19,4.687,38.154,27.545,3.119,3210525.676,6.189
16680,417,10319.428,37919.843,4.845,58.856,76.08,7.525,18685833.397,6.341
16681,417,10398.689,39257.413,41.005,41.939,42.688,3.853,4900421.998,21.67
16682,417,10693.041,35471.487,143.337,2030.094,0,4.672,7203558.639,7.665
16683,417,10674.854,36664.583,148.676,1396.52,0,1.766,1029203.146,8.345
16684,417,10764.087,33010.576,169.097,1428.288,0,3.771,4692443.399,11.218
16685,417,10911.738,33595.426,222.057,2604.395,0,3.75,4641101.631,10.744
16686,417,11150.695,34083.858,34.825,56.818,51.176,5.214,8969987.705,16.543
16687,417,11141.879,37116.06,99.464,500.697,49.424,5.797,11089644.421,13.845
16688,417,11205.108,34488.326,170.264,1555.381,6.356,3.823,4823516.288,10.738
16689,417,11294.435,34857.902,81.909,349.43,22.869,3.953,5156071.544,11.386
16690,417,11364.573,35320.59,136.24,1230.758,0,4.326,6177053.549,9.763
16691,417,21962.115,29899.094,142.675,1382.193,0,5.985,11822047.404,11.063
16692,417,23191.014,29265.117,45.773,81.44,31.483,2.643,2305044.042,12.881
16693,417,23880.037,28882.054,33.479,15.248,38.664,1.846,1124998.704,24.976
16694,417,26527.638,12989.789,99.76,677.677,0,2.853,2685409.009,8.63
16695,417,27975.349,14540.627,138.54,997.599,0,3.523,4095351.62,10.708
16696,417,28402.392,15839.683,5.797,43.703,35.218,3.482,4002301.197,5.969
16697,417,28497.901,15189.327,32.575,41.511,32.765,3.198,3374675.67,15.001
16698,417,29035.191,15913.829,10.163,47.326,38.048,2.123,1488087.122,5.883
16699,417,32365.087,26563.868,116.1,500.309,0,3.221,3423361.811,13.086
16700,417,36103.491,24632.316,115.127,423.393,0,2.974,2920142.204,14.086
16701,417,36298.329,25592.393,25.915,34.078,34.599,3.21,3399688.445,13.694
16702,417,37169.845,25350.56,124.469,547.679,0,3.279,3549129.149,13.594
16703,418,10398.849,39271.369,8.176,37.527,49.49,4.201,5825316.953,7.404
16704,418,10648.206,36641.802,9.284,39.162,53.371,4.118,5596791.636,7.388
16705,418,10621.085,38839.869,58.997,123.495,48.752,5.52,10054154.17,18.865
16706,418,10757.579,33059.815,45.546,52.61,35.83,1.771,1034748.304,15.17
16707,418,10912.144,33533.588,72.715,119.875,36.368,4.176,5753775.998,22.161
16708,418,10910.806,38195.563,135.135,1196.71,0,5.975,11781646.46,11.373
16709,418,11154.566,34056.514,93.181,462.059,25.235,4.852,7770177.967,12.164
16710,418,11108.72,37124.591,23.509,37.594,77.398,3.711,4545574.913,12.418
16711,418,11227.728,34564.936,57.855,138.381,43.982,4.653,7144735.31,15.09
16712,418,11272.809,35331.553,201.678,2348.264,0,3.235,3453248.002,9.696
16713,418,23095.842,29219.44,172.347,1295.176,0,2.545,2137636.14,10.904
16714,418,26583.226,12992.141,47.602,75.466,40.124,3.575,4217968.745,16.048
16715,418,26876.772,13762.27,3.295,23.277,31.259,2.516,2089824.832,7.808
16716,418,28006.22,14558.413,162.267,1439.808,0,6.266,12957036.589,13.389
16717,418,28451.392,15151.991,92.418,455.228,10.088,5.392,9594856.451,12.826
16718,418,29038.96,15959.268,183.859,1520.983,0,1.556,799305.547,9.905
16719,418,34648.469,28455.631,33.141,31.074,22.505,3.07,3110376.133,18.555
16720,418,36089.378,24585.941,72.85,100.478,14.75,1.786,1052645.759,17.318
16721,418,36317.923,25597.327,8.343,27.709,26.022,3.243,3471610.91,8.352
16722,419,10319.633,37960.54,172.685,2717.602,0,6.04,12041328.328,8.898
16723,419,10678.361,34809.404,27.198,29.166,53.469,3.419,3857069.685,16.57
16724,419,10662.185,36690.962,49.23,82.015,52.653,2.495,2054412.897,13.69
16725,419,10600.178,38754.084,79.523,172.323,46.958,2.23,1640946.29,14.51
16726,419,10912.639,37945.282,139.018,1361.336,0,6.138,12432638.173,10.908
16727,419,10910.488,38237.829,134.15,1369.403,0,3.86,4915994.134,8.591
16728,419,11120.965,37447.356,7.649,30.952,56.735,6.41,13561350.728,10.312
16729,419,11144.922,34077.569,31.982,38.668,42.063,2.145,1519103.106,13.427
16730,419,11173.53,37008.992,70.394,211.981,60.606,3.756,4656911.393,12.962
16731,419,11170.076,34488.739,49.966,35.832,50.025,2.916,2806083.98,27.205
16732,419,11328.967,35386.912,120.711,972.662,0,5.264,9143829.054,10.574
16733,419,11278.248,36639.892,122.062,982.006,0,1.978,1291154.118,8.275
16734,419,21881.049,30072.311,201.212,1815.518,0,2.294,1736336.373,10.471
16735,419,23136.774,29193.229,114.444,776.836,0,2.649,2316677.177,9.198
16736,419,23648.256,28926.831,148.217,1211.56,0,2.402,1903331.717,9.378
16737,419,23760.244,29525.664,9.034,38.94,31.678,4.549,6829376.508,7.635
16738,419,26644.137,12960.399,9.391,38.646,39.44,3.048,3065276.141,6.859
16739,419,26797.575,13841.751,8.157,22.754,34.251,3.204,3387772.247,9.433
16740,419,28020.28,14552.318,117.202,793.308,0,3.956,5165266.579,10.429
16741,419,28125.07,15596.163,119.191,796.614,0,1.744,1003325.207,8.933
16742,419,28482.026,15188.323,146.818,1015.931,0,3.595,4264420.347,11.5
16743,419,29129.708,15946.155,211.762,1935.545,0,3.251,3487019.516,11.722
16744,419,35796.984,25614.657,56.371,84.893,28.556,1.415,660679.386,13.718
16745,419,36336.489,25674.187,163.48,1239.917,0,4.136,5644276.593,12.259
16746,419,37203.869,25405.65,46.208,59.23,20.98,3.58,4228532.091,18.549
16747,420,9921.774,39199.972,4.966,41.41,51.141,6.723,14915127.688,7.839
16748,420,9998.526,38957.693,3.062,38.29,61.124,4.258,5984505.665,6.56
16749,420,10147.817,38594.83,88.74,248.625,30.003,2.253,1674582.763,13.172
16750,420,10405.978,39278.806,8.497,37.009,48.497,6.65,14595276.248,9.392
16751,420,10718.96,35360.168,3.726,62.122,63.824,6.866,15559241.35,5.707
16752,420,10636.235,38772.506,62.974,153.895,53.973,2.627,2277381.873,12.338
16753,420,10765.44,34582.93,68.139,132.349,37.698,6.171,12565991.677,24.092
16754,420,10906.899,33539.62,134.267,1173.28,0,5.556,10187215.958,11.018
16755,420,11145.498,37054.522,165.035,2430.357,0,3.3,3594810.61,7.468
16756,420,11212.302,34541.313,153.378,1657.442,0,3.563,4190275.406,8.803
16757,420,11256.945,35386.935,190.129,2309.419,0,3.553,4165767.137,9.334
16758,420,23133.468,29276.661,112.65,265.109,23.267,1.633,880254.709,15.625
16759,420,23797.262,29509.855,55.76,67.008,24.889,4.226,5894409.412,24.149
16760,420,26547.411,12980.062,219.141,2593.217,0,2.403,1905843.036,9.454
16761,420,28440.195,15160.538,44.717,61.696,28.842,5.674,10625186.844,22.945
16762,420,28636.222,15837.821,6.811,41.328,34.109,5.604,10364150.714,7.492
16763,420,35772.25,25670.449,229.144,1558.786,0,1.078,383259.233,12.011
16764,420,36019.572,24429.009,222.223,2609.211,0,2.926,2826099.127,9.983
16765,420,36336.502,25668.38,118.18,659.14,0,3.882,4974101.263,11.897
16766,420,37214.494,25396.473,116.848,501.115,0,3.9,5020171.918,14.272
16767,421,9896.781,39225.906,90.806,388.153,33.085,5.046,8403892.677,13.632
16768,421,9996.117,38976.912,46.967,111.634,52.121,3.946,5139008.849,12.408
16769,421,10299.577,37982.506,123.08,1564.981,0,3.775,4702336.938,7.068
16770,421,10413.797,39278.497,148.991,1456.16,0,4.982,8190482.632,10.387
16771,421,10634.496,36758.84,183.136,1751.483,0,2.962,2894975.128,10.105
16772,421,10631.13,38822.726,183.674,2504.087,0,4.912,7961418.703,9.426
16773,421,10804.01,33044.973,7.861,21.141,37.377,2.729,2457255.882,9.325
16774,421,11199.871,34157.19,1.323,43.487,42.672,2.696,2398627.143,5.359
16775,421,11190.165,37099.457,51.408,63.247,60.501,2.658,2331615.319,17.604
16776,421,11224.054,34532.031,151.996,1530.594,0,1.597,841807.233,8.065
16777,421,11277.877,34924.13,48.722,78.8,42.545,3.763,4673666.959,16.428
16778,421,23758.157,28955.971,8.499,52.656,43.179,5.955,11704680.616,6.786
16779,421,23738.416,29519.043,62.986,95.351,26.31,1.819,1092086.292,15.162
16780,421,26635.722,12985.877,29.817,47.363,45.164,3.176,3328937.188,12.428
16781,421,26872.21,12618.653,162.626,980.583,0,2.514,2086470.649,12.035
16782,421,27041.083,14167.052,3.734,35.819,32.039,4.676,7215155.758,7.177
16783,421,28071.531,15584.857,130.497,883.707,0,4.756,7464944.731,12.101
16784,421,29115.904,15939.827,55.81,130.249,29.975,3.666,4434463.285,13.391
16785,421,35755.707,25519.37,79.881,169.664,24.83,2.225,1634348.773,14.727
16786,421,36055.996,24392.779,120.718,696.401,0,3.833,4848883.516,11.727
16787,421,36367.977,25638.884,126.74,698.404,0,3.905,5032486.716,12.606
16788,421,37159.674,25470.929,53.969,87.125,23.964,1.559,801922.446,13.104
16789,422,9918.998,39201.115,3.088,45.627,60.984,6.49,13898710.694,6.909
16790,422,10132.462,38591.046,132.666,1225.828,0,4.666,7184569.485,9.718
16791,422,10316.305,37961.788,171.03,2497.732,0,7.308,17623146.394,10.286
16792,422,10419.439,39231.06,132.169,1086.954,0,4.474,6606961.748,10.342
16793,422,10675.067,36639.53,53.233,76.975,47.207,3.22,3421706.629,17.395
16794,422,10660.348,38810.511,141.43,1765.421,0,3.206,3392899.613,7.493
16795,422,10795.596,34642.896,6.682,26.98,48.872,0.99,323646.817,6.891
16796,422,10752.986,35380.27,65.095,150.613,56.119,3.186,3349019.457,13.915
16797,422,10964.352,33628.935,56.845,150.27,27.819,4.247,5953664.681,13.213
16798,422,10957.834,38031.706,127.609,793.478,11.346,4.432,6480884.932,12.272
16799,422,11125.358,34074.931,3.296,18.88,40.978,3.886,4982701.838,10.407
16800,422,11120.989,37123.405,6.942,63.958,70.642,9.128,27494403.694,6.981
16801,422,11258.278,36718.208,52.568,75.944,51.563,3.466,3963835.658,17.917
16802,422,21520.44,30557.518,1.877,25.69,31.579,3.119,3210825.88,7.638
16803,422,23693.494,28915.084,139.361,1114.539,0,3.385,3782421.407,9.912
16804,422,26682.189,12955.457,61.565,129.916,37.248,2.722,2445773.483,13.559
16805,422,26853.523,12545.507,121.052,571.705,0,2.376,1863522.772,11.569
16806,422,26851.693,13804.884,87.992,279.72,14.893,3.91,5045362.918,14.657
16807,422,27019.981,14132.687,202.259,2051.111,0,4.243,5940342.546,11.69
16808,422,28548.724,15220.764,52.512,101.041,27.12,1.397,643861.025,11.54
16809,422,29083.164,15939.948,100.42,618.668,0,6.656,14619990.914,12.884
16810,422,32709.843,26131.462,42.591,34.138,24.007,1.437,681280.302,17.571
16811,422,35420.2,30403.29,111.082,472.919,0,3.371,3752521.495,13.041
16812,422,35694.06,27914.024,159.951,925.567,0,2.139,1510321.812,11.776
16813,422,36031.969,24475.07,35.71,31.237,31.45,3.987,5244970.345,23.489
16814,422,36362.801,25613.883,147.058,899.638,0,2.998,2966213.142,11.766
16815,423,9942.238,39152.937,161.436,1827.748,0,5.98,11803678.105,10.76
16816,423,10291.782,38015.792,128.185,1507.619,0,3.29,3572164.574,7.372
16817,423,10348.399,39281.247,144.948,1682.517,0,7.073,16510149.333,10.657
16818,423,10699.04,36662.624,176.537,1825.167,0,2.85,2680320.68,9.333
16819,423,10662.415,38790.176,99.27,387.486,35.66,2.793,2574485.34,12.087
16820,423,10759.692,34642.759,28.217,22.427,50.958,1.72,976294.747,15.891
16821,423,10979.523,33626.916,68.777,104.8,33.891,5.273,9174211.087,26.669
16822,423,11189.075,37022.819,39.14,60.089,66.47,2.857,2694590.154,13.573
16823,423,11269.424,36690.635,57.693,159.913,42.084,1.441,684902.309,9.883
16824,423,21595.567,30444.71,195.254,1574.069,0,3.859,4913641.03,12.9
16825,423,22239.67,29595.24,4.446,19.999,30.088,4.289,6069809.93,10.668
16826,423,23602.396,28972.962,179.359,1401.425,0,5.168,8814678.609,14.309
16827,423,26667.342,12989.353,77.6,159.463,22.917,2.169,1552866.687,14.687
16828,423,26832.266,12531.637,78.081,248.216,13.429,4.723,7362330.194,14.875
16829,423,27003.538,14130.612,130.411,902.947,0,2.938,2848383.06,10.038
16830,423,28554.946,15804.885,45.211,42.03,32.529,2.904,2783338.019,20.988
16831,423,29125.408,15860.603,118.779,880.363,0,3.41,3838880.801,9.451
16832,423,32354.111,26548.816,101.243,626.039,0,4.722,7360279.639,10.819
16833,423,32639.942,26082.466,4.307,38.12,23.166,0.799,210556.907,5.487
16834,423,35416.165,30413.062,70.116,170.409,11.187,2.358,1834940.064,12.753
16835,423,35770.722,25495.217,88.683,490.476,12.83,3.684,4478914.995,9.785
16836,423,36021.122,24516.949,90.204,274.449,5.76,2.4,1901303.537,12.835
16837,423,37184.831,25379.666,111.687,449.011,0,2.568,2176750.96,12.437
16838,424,9968.514,39212.366,47.532,66.691,53.999,2.254,1677080.761,14.592
16839,424,10263.229,38029.659,186.856,3202.565,0,6.708,14847545.163,9.293
16840,424,10415.985,39240.211,142.551,1580.758,0,3.95,5150084.942,8.515
16841,424,10622.105,38821.757,238.506,3814.433,0,3.503,4049411.017,8.996
16842,424,10687.322,34867.363,153.444,1395.349,0,3.428,3877211.822,9.726
16843,424,10723.811,35492.68,185.654,2757.525,0,5.976,11785921.918,9.727
16844,424,10694.27,36656.515,98.875,276.803,31.845,3.517,4083171.937,16.573
16845,424,10827.363,33046.173,167.183,1441.697,0,4.797,7593107.313,12.132
16846,424,10892.996,38032.333,38.546,28.76,47.884,2.268,1697389.201,20.336
16847,424,11139.481,34104.843,134.705,1079.323,0,5.502,9990303.92,11.73
16848,424,11113.672,37146.457,238.508,4972.21,0,5.096,8569306.192,8.514
16849,424,11281.892,36711.688,80.225,349.881,37.958,5.235,9042912.729,12.562
16850,424,22266.373,29578.502,113.472,558.036,1.9,4.018,5327695.626,12.837
16851,424,23119.856,29203.089,5.193,46.616,29.703,4.216,5864949.252,5.954
16852,424,23786.376,29501.733,102.499,468.947,0,2.586,2206727.912,10.916
16853,424,26829.736,12574.728,46.24,85.446,29.137,5.248,9089371.204,17.365
16854,424,26833.252,13645.431,154.157,1032.922,0,2.01,1333739.607,10.454
16855,424,26954.074,14110.26,129.474,909.353,0,5.35,9444947.859,12.412
16856,424,27950.505,15447.889,149.464,1119.805,0,4.753,7454129.979,12.365
16857,424,29119.948,15881.594,1.486,26.853,36.241,1.304,561305.823,6.498
16858,424,30858.464,34845.336,107.191,394.858,0,4.653,7144558.676,16.485
16859,424,32366.822,26588.658,61.736,72.272,29.924,3.831,4842506.384,24.776
16860,424,32692.209,26188.368,46.608,47.643,25.227,1.776,1040780.42,16.56
16861,424,33467.844,27880.212,163.765,1040.015,0,3.88,4968949.908,13.56
16862,424,34580.488,28417.507,62.234,61.903,19.359,1.636,882797.454,19.084
16863,424,35798.476,25507.015,96.795,509.633,5.889,3.141,3256112.729,10.157
16864,424,36001.077,30040.228,2.323,29.406,20.799,2.878,2732889.534,6.897
16865,424,36360.221,25570.892,97.718,409.264,0,4.474,6605913.781,13.698
16866,424,37305.531,25326.548,108.729,426.764,0,3.839,4863202.636,14.381
16867,425,9972.912,39148.523,165.302,1542.966,0,3.449,3925361.994,10.04
16868,425,10343.574,38028.328,198.357,3919.381,0,4.45,6534278.55,7.478
16869,425,10416.164,39221.522,197.643,2496.177,0,3.678,4463910.326,9.423
16870,425,10651.769,38744.386,150.083,1759.534,0,5.857,11320464.085,9.844
16871,425,10785.386,33080.754,35.593,21.106,44.921,0.996,327457.928,18.313
16872,425,10892.637,33601.125,8.24,24.884,41.48,3.412,3842824.946,9.101
16873,425,10935.069,38204.198,178.321,2095.256,0,3.015,3000236.528,8.793
16874,425,11118.787,34646.515,6.887,38.516,46.457,5.082,8521618.03,7.56
16875,425,11159.265,37046.962,184.486,3318.56,0,3.678,4465457.486,7.23
16876,425,12858.778,10181.521,105.367,436.264,0,4.216,5865160.606,14.141
16877,425,21581.694,30464.408,143.569,883.564,0,1.382,630360.214,10.091
16878,425,23086.74,29193.047,73.807,197.669,31.143,3.799,4762791.018,14.606
16879,425,23545.403,29000.211,130.24,951.8,0,3.823,4823194.646,10.474
16880,425,26832.317,12539.812,111.204,654.613,0,4.175,5752952.157,11.327
16881,425,26953.251,14044.335,70.942,209.253,25.243,0.889,260947.243,10.21
16882,425,27842.147,15191.447,10.232,30.407,39.896,3.723,4573709.561,8.726
16883,425,27996.821,15438.541,3.067,20.98,39.155,2.837,2656388.527,8.574
16884,425,29087.65,15873.235,196.097,1893.727,0,4.605,6998185.702,12.284
16885,425,32397.685,26527.385,28.789,30.361,22.143,4.11,5573691.452,18.902
16886,425,32719.726,26240.109,1.097,32.505,26.235,2.294,1737410.4,6.177
16887,425,35794.729,25562.978,123.15,847.54,0,2.876,2729306.546,9.687
16888,425,35920.857,30040.897,128.957,726.799,0,2.773,2537638.408,11.18
16889,425,36367.685,25535.901,74.749,147.978,17.066,2.344,1813404.89,15.064
16890,425,37362.261,25359.583,9.822,56.624,28.036,4.124,5613743.281,5.905
16891,426,9904.231,39176.328,53.632,84.007,35.595,4.123,5610186.885,18.723
16892,426,10379.543,39193.675,215.257,3417.029,0,6.246,12874177.472,10.545
16893,426,10730.077,35407.613,155.558,1781.941,0,5.904,11503146.436,10.315
16894,426,10645.835,36648.552,4.648,13.16,54.316,2.587,2209425.897,11.624
16895,426,10631.756,38785.703,58.042,128.283,50.454,3.739,4613068.843,14.374
16896,426,10812.273,33078.638,53.917,70.982,42.95,2.686,2381487.839,17.305
16897,426,10958.073,33597.359,11.406,50.177,33.774,3.621,4328172.582,6.481
16898,426,10950.769,38063.338,46.603,54.108,50.263,5.865,11351801.415,28.05
16899,426,11169.993,37157.328,175.496,2685.051,0,5.553,10175499.357,8.855
16900,426,12806.978,10150.81,99,386.56,3.269,3.211,3401960.534,12.62
16901,426,21577.585,30462.382,178.414,1281.407,0,4.511,6715565.825,14.145
16902,426,23192.514,29171.295,161.632,1483.676,0,3.402,3820283.148,9.967
16903,426,23597.43,29035.639,6.392,51.268,32.999,3.409,3835769.855,5.462
16904,426,26807.858,12547.681,67.664,181.318,18.02,2.724,2448471.134,12.226
16905,426,26959.321,14075.738,7.617,32.882,35.944,2.905,2784070.327,7.126
16906,426,27840.357,15202.385,7.984,61.089,41.601,3.261,3508819.294,5.078
16907,426,29151.056,15790.657,130.844,830.293,0,4.796,7591071.134,12.773
16908,426,32340.139,26541.729,136.154,874.573,0,2.551,2147293.816,10.436
16909,426,32673.824,26237.589,134.576,492.773,7.167,1.864,1146677.535,13.632
16910,426,36425.407,25422.431,32.27,41.965,24.385,1.902,1193868.384,12.505
16911,426,37314.429,25318.543,88.63,212.274,16.895,3.97,5200220.344,18.392
16912,427,10309.229,37979.866,153.714,2049.145,0,3.808,4785100.529,7.857
16913,427,10400.909,39201.04,1.883,54.637,54.625,2.796,2579929.452,4.746
16914,427,10583.133,38749.669,219.243,2850.506,0,1.799,1068316.72,8.622
16915,427,10722.161,35477.816,145.453,1593.64,0,4.029,5356097.391,8.742
16916,427,10690.669,36040.915,52.487,69.92,28.774,3.558,4177702.785,19.308
16917,427,10691.285,36679.383,153.936,1414.43,0,3.302,3598977.048,9.581
16918,427,10788.866,33037.395,11.233,44.586,41.291,4.557,6852204.99,7.488
16919,427,11118.584,34079.798,2.098,16.496,39.106,2.478,2025727.949,9.526
16920,427,11199.41,37120.247,3.066,61.436,76.052,3.972,5205779.233,4.761
16921,427,11292.372,35323.09,95.006,334.297,23.901,2.021,1348339.87,11.633
16922,427,22972.295,29741.541,35.773,29.278,31.584,0.902,268797.606,15.152
16923,427,23678.782,29042.71,9.181,29.211,33.03,1.677,928067.072,7.285
16924,427,26641.003,13037.321,7.779,19.947,41.745,2.669,2350940.749,9.598
16925,427,26960.703,12560.57,9.347,32.662,28.346,3.737,4608419.106,8.088
16926,427,26942.942,14045.757,51.388,53.288,28.862,2.854,2687689.401,20.577
16927,427,27908.697,15482.244,176.843,1443.596,0,3.532,4117490.493,11.554
16928,427,29122.496,15820.56,118.741,508.213,0,2.445,1973141.517,12.243
16929,427,30842.586,34915.751,107.14,337.115,0,2.71,2423016.384,14.465
16930,427,32386.491,26583.078,104.333,295.196,16.848,2.467,2009098.203,14.803
16931,427,35416.848,30402.586,85.537,213.831,11.585,2.537,2123988.144,14.35
16932,427,35901.583,30020.309,52.643,96.08,19.949,3.343,3687092.109,14.844
16933,427,36379.515,25470.82,147.817,944.694,0,0.833,228899.7,9.773
16934,427,37278.995,25357.156,7.558,37.73,21.014,1.453,696333.261,6.011
16935,428,10231.23,38715.168,8.11,18.92,58.579,3.314,3624103.567,10.835
16936,428,10278.846,38034.418,73.114,323.21,43.041,3.931,5100893.656,10.341
16937,428,10388.435,39260.273,54.388,89.076,43.956,4.994,8230859.173,20.517
16938,428,10657.929,36702.149,160.125,1380.729,0,3.26,3506876.305,10.189
16939,428,10711.212,34619.031,133.923,1056.475,0,2.045,1379615.919,8.829
16940,428,10754.471,35419.149,64.878,104.493,41.075,4.065,5454372.313,20.532
16941,428,10709.554,38679.972,29.904,52.947,46.07,6.731,14951511.073,17.233
16942,428,10848.686,33131.929,32.383,42.769,43.465,5.352,9452929.034,19.427
16943,428,10881.067,38160.225,3.291,51.909,53.282,5.713,10769432.01,5.957
16944,428,10955.496,33610.645,169.039,1773.434,0,1.037,354793.6,8.155
16945,428,11229.542,36764.334,51.999,73.815,49.138,4.982,8189682.444,22.427
16946,428,11198.148,37086.961,144.383,1967.82,0,8.569,24231852.391,10.469
16947,428,11354.617,35280.129,0.266,23.858,42.677,5.703,10732946.332,10.393
16948,428,23785.887,28905.913,78.279,174.524,23.285,1.951,1255673.269,13.658
16949,428,26701.642,12976.823,139.038,924.089,0,3.474,3982067.965,11.269
16950,428,26685.087,13229.41,66.932,136.904,21.902,3.419,3858537.297,15.924
16951,428,26822.818,12559.376,149.65,1090.079,0,2.326,1785172.429,10.035
16952,428,27836.328,15197.172,4.422,23.819,39.425,3.508,4061373.511,8.628
16953,428,27918.065,15473.534,115.022,691.089,0,4.028,5354100.713,11.257
16954,428,28693.312,15345.741,37.584,27.293,37.693,5.904,11503491.922,38
16955,428,32400.848,26560.962,3.77,36.924,25.933,2.663,2340905.992,6.028
16956,428,33392.235,27818.597,130.933,571.069,0,1.961,1268804.763,12.204
16957,428,35420.593,30397.007,58.059,94.593,20.036,1.227,496630.37,13.064
16958,428,35585.339,27774.827,50.442,107.988,15.868,2.622,2268443.456,11.954
16959,428,35882.802,28238.971,2.739,19.657,25.817,2.896,2767372.935,8.965
16960,428,37376.727,25357.564,66.741,98.173,16.96,1.657,906234.91,15.578
16961,429,10286.337,38031.667,130.544,1634.13,0,5.985,11819722.244,8.596
16962,429,10354.843,39241.658,192.53,2742.316,0,3.063,3096636.483,8.218
16963,429,10637.928,36717.523,4.277,35.372,47.242,3.417,3852302.992,6.584
16964,429,10809.04,33070.846,96.065,260.882,34.082,3.334,3669283.298,16.209
16965,429,10883.381,38160.756,5.252,36.342,49.99,4.565,6877893.331,7.242
16966,429,10947.52,33619.294,180.135,1603.054,0,3.764,4675608.136,11.285
16967,429,11278.799,36721.079,10.078,49.641,44.878,5.054,8428592.044,6.952
16968,429,11213.704,37002.781,106.598,920.955,8.148,3.492,4024416.273,8.094
16969,429,22054.527,30122.135,177.511,1645.085,0,3.779,4713260.283,10.886
16970,429,23244.57,29106.12,126.61,849.054,0,5.19,8890985.514,12.452
16971,429,23602.939,29279.383,9.818,23.703,39.194,2.738,2473467.777,9.19
16972,429,23801.848,28907.972,127.499,830.429,0,2.924,2821966.994,10.277
16973,429,26692.163,13146.396,125.98,755.706,0,5.296,9257140.852,13.656
16974,429,26829.057,12546.372,111.153,609.582,0,4.854,7775485.006,12.759
16975,429,27839.198,15200.128,4.108,56.109,37.337,1.933,1233687.864,4.628
16976,429,28613.742,16079.636,67.247,107.883,18.813,2.366,1847454.063,16.335
16977,429,28719.449,15423.167,243.833,2662.767,0,5.258,9125352.919,14.083
16978,429,29152.23,15748.577,116.098,520.702,0,2.954,2880227.548,12.368
16979,429,32321.242,26522.968,2.739,10.487,26.951,1.907,1200262.518,11.908
16980,429,32719.501,26233.657,8.3,28.984,26.197,3.03,3029250.075,7.942
16981,429,33536.706,26940.996,134.741,749.355,0,2.619,2263472.635,11.408
16982,429,35401.813,30407.315,127.807,640.506,0,2.825,2634163.28,12.049
16983,429,35939.179,28216.072,44.782,70.609,23.632,1.398,644776.471,12.037
16984,429,35889.375,30061.2,175.432,1253.828,0,4.553,6840510.328,14.088
16985,429,37121.004,25764.609,10.142,47.164,21.014,3.041,3051974.979,6.215
16986,429,37412.164,25457.378,172.134,872.03,0,2.641,2302690.649,14.157
16987,430,10273.348,38025.957,66.897,220.891,72.324,4.328,6182906.793,12.507
16988,430,10396.771,39248.969,184.659,2628.248,0,3.891,4996673.044,8.494
16989,430,10698.084,35385.837,111.354,550.29,26.519,4.76,7477419.909,13.682
16990,430,10644.543,36637.303,7.489,19.46,39.748,1.918,1213913.902,8.946
16991,430,10803.146,9658.61,108.165,501.344,0,3.975,5215952.798,12.906
16992,430,10841.711,33055.301,166.659,1840.352,0,5.057,8439278.816,10.357
16993,430,10937.768,33635.427,135.96,909.219,6.207,1.066,375077.457,9.237
16994,430,10887.278,38152.426,79.614,186.772,39.017,5.047,8405911.66,20
16995,430,11210.648,34550.9,143.316,1064.02,6.022,2.405,1908217.513,9.739
16996,430,11214.378,37100.61,178.099,2477.572,0,5.924,11580114.142,9.865
16997,430,11285.112,35799.67,6.289,31.634,34.949,4.777,7529496.268,8.346
16998,430,11274.051,36680.979,150.762,1228.272,0,3.067,3105256.226,10.008
16999,430,23226.078,29829.927,200.274,1553.644,0,1.964,1272952.722,11.102
17000,430,23364.684,29199.344,4.738,26.629,43.013,7.358,17868052.427,11.8
17001,430,23596.901,29364.171,88.945,184.988,31.122,3.668,4440935.53,19.696
17002,430,23806.812,28907.019,117.01,684.366,0,2.822,2627758.002,10.348
17003,430,26889.993,13520.685,8.201,15.882,33.492,2.568,2176592.449,11.147
17004,430,26968.169,14043.223,72.503,110.618,29.948,3.585,4240237.149,21.471
17005,430,27443.284,14817.541,84.526,112.592,28.134,0.85,238354.701,16.897
17006,430,27886.181,15184.518,37.762,36.068,34.118,2.021,1347675.836,16.345
17007,430,28573.903,16085.451,152.494,838.278,0,4.068,5461008.283,14.64
17008,430,32398.833,26640.328,2.001,26.106,32.548,2.586,2206663.27,7.223
17009,430,33537.096,26938.002,89.137,294.818,9.317,2.398,1898110.88,12.093
17010,430,35377.432,30364.707,76.637,116.213,16.53,3.002,2973675.287,20.368
17011,430,35920.775,28240.361,0.682,26.944,26.615,2.655,2326192.503,7.074
17012,430,35999.336,30077.272,3.158,40.586,27.548,5.819,11173814.998,7.155
17013,430,36307.22,25329.919,138.178,789.538,0,2.059,1398520.582,10.824
17014,430,37399.781,25518.334,61.742,145.368,11.351,1.242,509335.218,11.001
17015,431,9916.618,39218.12,130.783,926.889,7.346,2.878,2733861.169,9.861
17016,431,10312.73,37985.303,123.295,1353.068,0,5.028,8344451.823,8.459
17017,431,10373.48,39270.683,158.59,2199.596,0,3.905,5032676.49,7.862
17018,431,10717.62,34963.202,109.603,343.425,28.74,1.911,1204564.54,13.368
17019,431,10823.358,9593.786,121.751,531.636,0,2.476,2023475.717,12.313
17020,431,10831.176,33035.375,138.267,1168.569,0,5.568,10231078.031,11.552
17021,431,10919.707,38124.647,146.021,1479.88,0,4.037,5378557.703,9.231
17022,431,11172.85,36980.115,52.989,68.368,50.52,2.129,1495685.644,15.997
17023,431,11283.485,36650.642,38.046,53.999,46.336,3.678,4463597.145,15.783
17024,431,11293.615,34542.346,120.228,885.276,0,2.565,2171938.98,8.958
17025,431,11278.266,35201.943,2.318,23.891,47.979,1.279,539440.875,6.948
17026,431,21574.968,30414.265,192.889,1504.658,0,2.825,2633746.671,11.728
17027,431,23252.316,29782.752,198.268,1803.23,0,5.021,8318144.84,13.517
17028,431,23359.313,29121.844,5.491,31.934,44.265,3.129,3231255.588,7.024
17029,431,26962.257,14077.555,9.912,61.001,26.868,3.329,3657536.438,5.387
17030,431,27435.398,14863.225,6.98,29.407,38.246,1.432,676913.58,6.767
17031,431,28651.515,15304.757,100.061,321.176,21.249,4.71,7321312.855,17.594
17032,431,29066.558,15888.695,68.427,85.388,22.39,2.468,2010237.904,19.958
17033,431,32394.16,26639.407,3.573,18.31,27.638,1.578,821723.209,8.318
17034,431,32879.485,32481.632,10.367,38.247,14.201,2.343,1811207.821,6.761
17035,431,35922.747,28189.499,124.776,806.168,0,3.433,3890297.151,10.674
17036,431,36278.241,25273.62,79.407,124.834,22.52,1.696,949314.212,16.527
17037,431,37231.833,25811.465,139.979,787.786,0,3.499,4040102.109,12.709
17038,432,9938.157,39203.183,35.037,59.895,45.359,2.446,1974369.572,11.534
17039,432,10359.163,39235.779,147.622,1494.158,0,4.644,7118364.149,9.782
17040,432,10714.451,35522.065,9.583,44.571,43.218,2.903,2781683.766,6.265
17041,432,10771.903,35246.247,155.352,1465.416,0,2.579,2195528.142,8.968
17042,432,10791.186,9682.508,146.118,616.6,0,2.103,1460044.849,13.481
17043,432,10881.226,33038.124,8.421,37.613,36.642,3.983,5234292.165,7.309
17044,432,11117.808,34326.65,10.575,32.985,40.137,2.81,2605352.979,7.697
17045,432,11171.496,37005.329,159.837,2029.018,0,5.193,8898759.068,9.214
17046,432,11202.576,36801.156,7.257,61.041,54.88,6.616,14446960.752,6.159
17047,432,11299.44,35331.931,171.748,1667.962,0,2.944,2859901.457,9.611
17048,432,12292.52,10665.311,105.911,351.918,0,2.951,2873437.196,14.263
17049,432,21438.094,30309.708,122.466,590.011,0,2.746,2488759.55,11.939
17050,432,23281.647,29114.724,12.519,56.393,44.835,3.868,4937441.118,6.36
17051,432,23283.329,29757.205,10.406,38.192,40.266,5.682,10653554.593,8.978
17052,432,23681.244,29503.618,146.948,906.856,1.175,3.382,3773585.683,12.168
17053,432,27437.955,14882.541,5.015,25.147,38.353,2.816,2617023.29,7.867
17054,432,28639.646,15272.376,5.545,43.583,34.483,3.811,4794191.07,6.086
17055,432,32359.948,26529.457,60.252,62.017,26.552,3.219,3420245.212,24.324
17056,432,36283.498,24639.714,2.691,15.398,26.66,3.15,3275040.984,10.907
17057,432,37224.803,25774.901,78.514,136.682,13.453,3.533,4118916.778,20.295
17058,433,9998.086,39203.594,9.277,26.935,51.332,2.595,2221689.331,8.226
17059,433,10310.352,37979.887,134.829,1500.362,0,4.429,6474672.742,8.497
17060,433,10553.287,39115.061,8.033,18.851,57.854,4.39,6360709.512,12.4
17061,433,10703.729,35319.098,112.417,641.498,15.592,4.239,5928775.622,11.736
17062,433,10720.523,36720.548,1.361,31.626,43.289,3.602,4281067.394,6.941
17063,433,10878.715,33039.917,6.867,47.788,37.671,1.766,1029017.224,5.282
17064,433,10987.403,33775.337,157.977,1306.6,0,6.143,12452752.032,13.707
17065,433,10960.456,38014.253,160.879,1333.015,0,6.654,14612927.716,14.584
17066,433,11121.423,36998.773,67.505,161.839,50.901,2.95,2871543.478,13.484
17067,433,21923.041,30231.365,11.062,26.507,36.645,3.367,3740778.875,9.503
17068,433,23271.376,29052.854,152.512,1261.049,0,2.798,2584030.41,9.765
17069,433,26881.751,13619.748,153.948,898.394,0,3.293,3578988.997,12.911
17070,433,26975.52,14089.841,59.315,86.096,26.154,1.404,650815.348,14.343
17071,433,28570.56,15210.874,186.854,1719.207,0,2.645,2309068.049,10.199
17072,433,28903.009,15548.106,134.545,838.9,0,5.341,9414787.395,13.982
17073,433,32359.314,26542.79,96.012,337.119,18.728,4.091,5524384.525,14.77
17074,433,35431.259,30398.941,53.682,89.836,17.836,2.252,1673024.172,13.838
17075,433,35518.593,27784.159,175.811,1221.704,0,2.414,1923285.537,11.44
17076,433,35871.015,30030.045,60.358,100.601,16.992,3.012,2994132.3,16.386
17077,433,36125.366,24432.436,76.676,257.898,0,2.876,2730695.537,11.517
17078,434,9902.351,39221.037,137.942,1243.944,0,3.163,3301770.914,8.969
17079,434,10361.711,37899.186,143.984,1639.756,0,4.022,5338905.572,8.467
17080,434,10623.555,36721.141,101.158,386.782,21.735,3.182,3341060.737,12.936
17081,434,10707.426,35514.96,70.686,173.129,38.488,1.279,539814.323,11.514
17082,434,10676.483,36276.642,0.864,11.821,41.512,2.079,1426324.288,11.138
17083,434,10642.22,38826.286,90.372,222.205,40.661,5.946,11668521.921,23.72
17084,434,10970.221,33739.224,24.248,32.19,40.739,2.45,1981097.537,12.186
17085,434,10941.74,38028.098,169.393,1664.437,0,4.695,7274694.043,11.029
17086,434,11198.946,37118.842,3.221,22.531,69.839,4.933,8029868.752,10.261
17087,434,11282.579,35225.031,136.5,1255.02,0,4.055,5426523.997,9.444
17088,434,23219.781,29097.929,134.317,1010.69,0,3.819,4814028.353,10.474
17089,434,23306.874,29797.886,127.786,834.929,0,3.654,4405353.608,10.982
17090,434,23813.273,28915.864,244.902,2245.547,0,4.479,6621839.017,14.83
17091,434,26879.443,13598.91,5.742,25.289,34.276,2.939,2850243.893,8.05
17092,434,26945.611,14115.947,88.856,263.745,13.328,2.749,2494783.191,13.453
17093,434,27115.288,13043.472,4.808,43.709,25.491,7.205,17129467.931,7.785
17094,434,27918.085,15439.279,5.075,19.352,34.362,2.429,1946880.102,8.94
17095,434,28989.734,15622.019,114.78,695.936,0,2.792,2572054.905,9.979
17096,434,32259.752,26501.619,123.308,637.571,0,3.405,3825395.018,12.264
17097,434,35513.626,27781.277,126.531,714.711,0,2.384,1875679.475,10.654
17098,434,36395.195,25849.123,84.039,167.906,18.614,3.216,3413169.757,18.244
17099,435,9908.401,39204.389,169.296,1557.027,0,3.715,4555645.459,10.544
17100,435,10364.214,37889.249,111.631,702.412,31.664,4.353,6253082.899,11.022
17101,435,10639.953,38800.171,4.796,48.284,57.729,3.882,4973743.265,5.646
17102,435,10832.122,33032.083,161.404,1506.606,0,2.879,2735849.956,9.438
17103,435,10960.231,33626.59,179.454,1955.241,0,3.222,3425956.687,9.396
17104,435,11117.119,37032.075,5.869,23.747,61.534,3.258,3503825.821,8.682
17105,435,11214.418,34872.587,55.707,67.085,41.746,2.272,1703412.361,17.574
17106,435,11252.214,36670.027,47.408,81.883,46.104,1.802,1071059.443,12.161
17107,435,21977.523,30325.458,94.083,295.082,15.193,2.982,2934824.795,13.81
17108,435,23279.623,29088.991,47.642,50.712,33.463,2.604,2238042.47,18.57
17109,435,23764.75,28908.713,68.858,132.609,21.373,2.356,1831198.138,14.652
17110,435,26847.93,13588.567,97.131,547.913,0,3.03,3029667.342,9.653
17111,435,26995.111,14140.016,150.162,913.216,0,5.076,8504167.357,15.05
17112,435,27864.164,15358.091,89.515,267.883,20.035,3.469,3971167.116,14.673
17113,435,28561.703,15121.666,7.62,39.261,33.776,5.859,11330174.842,8.141
17114,435,28588.536,16064.231,59.207,111.472,22.836,2.736,2470058.381,14.344
17115,435,28955.543,15625.766,41.007,69.646,31.712,4.322,6165408.881,15.526
17116,435,29124.875,15896.474,53.788,61.834,33.764,3.262,3511805.883,20.942
17117,435,32320.894,26555.52,2.733,41.355,44.928,3.972,5206477.759,6.077
17118,435,33518.634,27991.879,7.006,18.539,26.824,2.94,2853235.941,10.179
17119,435,35412.638,30324.945,116.526,542.858,0,2.938,2848753.853,12.07
17120,435,36129.286,24447.099,38.887,53.824,19.352,2.555,2154873.394,13.963
17121,435,36056.538,30194.096,39.86,31.878,21.151,2.591,2215352.076,20.838
17122,435,36385.807,25836.955,51.091,65.015,24.338,3.15,3275209.391,18.482
17123,435,36450.541,27789.939,136.853,669.981,0,2.182,1571770.279,11.937
17124,436,10347.856,37942.516,171.615,1948.992,0,5.284,9214298.504,10.568
17125,436,10491.338,39110.864,211.896,2736.985,0,5.258,9123703.2,11.166
17126,436,10638.521,36639.705,8.991,59.144,33.995,5.304,9285477.995,6.058
17127,436,10754.04,32991.712,63.983,49.488,38.009,2.151,1526289.793,25.443
17128,436,10721.191,35321.671,171.977,1905.356,0,3.366,3740017.998,9.16
17129,436,10693.572,35632.953,138.839,1421.374,0,3.199,3378185.654,8.35
17130,436,10601.083,38750.726,34.645,31.511,53.092,3.146,3265532.438,19.569
17131,436,10957.915,33677.82,1.719,35.379,43.19,5.258,9123558.58,7.429
17132,436,11165.641,37011.247,111.688,936.871,15.965,4.194,5804885.727,8.934
17133,436,11277.97,36237.756,7.329,72.521,37.627,3.401,3816167.012,4.55
17134,436,11284.063,36605.706,140.114,1194.243,0,4.824,7678731.133,10.828
17135,436,22024.015,30342.773,149.834,975.75,0,3.116,3204078.621,11.567
17136,436,23242.739,29074.11,118.443,999.954,0,7.307,17621902.443,11.991
17137,436,23191.137,29641.36,108.33,289.009,23.302,2.858,2695039.988,16.647
17138,436,26639.142,13113.75,11.039,36.008,37.803,1.752,1012867.752,6.882
17139,436,26842.582,13594.631,136.538,856.265,0,3.62,4325665.197,11.754
17140,436,26961.935,14155.249,4.106,40.579,26.006,4.883,7869355.951,6.734
17141,436,27838.714,15388.668,31.13,76.323,35.56,4.118,5595924.159,10.316
17142,436,28511.302,15102.975,106.678,681.038,0,5.011,8287900.167,11.25
17143,436,28937.359,15576.234,128.83,840.961,0,5.919,11562653.75,13.843
17144,436,29129.175,15909.994,10.643,13.784,32.886,4.123,5609031.949,16.778
17145,436,32398.966,26572.555,152.073,1532.081,0,4.224,5888127.405,9.662
17146,436,35521.521,27755.754,6.091,30.454,26.17,4.458,6557488.522,8.28
17147,436,36173.238,24540.469,128.135,732.516,0,2.123,1487336.046,10.423
17148,436,36371.009,25893.437,128.695,1029.433,0,3.354,3712194.913,9.411
17149,436,36483.2,27797.419,68.965,118.8,15.778,1.275,536554.124,13.823
17150,436,37144.634,25281.589,86.978,280.144,0,2.781,2552403.224,12.63
17151,437,10393.795,37873.731,143.274,1773.389,0,5.044,8397685.693,8.611
17152,437,10480.086,39116.338,186.489,2207.678,0,5.265,9147665.215,10.862
17153,437,10630.414,36675.387,101.083,398.488,25.494,3.91,5044134.513,13.753
17154,437,10660.237,35454.509,202.529,2771.03,0,5.501,9987118.701,10.581
17155,437,10712.515,33122.049,5.657,15.967,52.135,4.626,7062097.299,13.61
17156,437,10919.966,33697.081,55.485,52.147,40.515,3.353,3711028.965,25.414
17157,437,11174.474,37004.133,213.864,3045.61,0,5.683,10658087.73,10.857
17158,437,11261.836,34932.154,58.5,64.1,44.791,2.011,1335107.75,18.444
17159,437,11315.807,35219.719,258.405,3634.331,0,3.549,4157522.218,10.328
17160,437,11266.565,36675.6,134.17,1307.972,0,4.391,6361939.167,9.227
17161,437,21458.817,30362.234,125.302,734.607,0,3.743,4624092.372,11.778
17162,437,21989.433,30386.878,199.64,1645.164,0,2.717,2435803.583,11.448
17163,437,23119.39,29757.216,3.604,27.146,37.19,4.383,6340931.863,8.485
17164,437,26753.755,12622.976,106.587,413.98,9.578,1.741,1000660.833,11.41
17165,437,26844.551,13625.082,133.362,690.654,0,3.703,4525091.11,13.339
17166,437,27200.373,13120.66,6.698,36.343,32.788,1.988,1304579.682,6.172
17167,437,27498.185,14969.078,139.893,1021.276,0,4.205,5836368.054,11.395
17168,437,27840.063,15360.205,0.544,31.613,30.75,3.468,3968922.205,6.843
17169,437,28560.038,15119.228,2.994,39.251,39.435,2.681,2372282.263,5.764
17170,437,29134.074,15883.45,134.743,836.537,0,4.88,7860372.058,13.381
17171,437,32363.998,26559.352,118.054,1045.639,0,3.035,3040567.954,8.201
17172,437,33501.281,27977.099,38.377,42.545,20.815,1.826,1099874.751,14.56
17173,437,36192.917,24537.512,87.502,181.206,13.08,1.993,1311040.438,15.31
17174,437,36359.251,25948.765,94.006,364.196,19.036,2.042,1376234.919,10.946
17175,438,9943.146,39175.089,59.475,47.588,45.048,2.91,2795036.799,27.76
17176,438,10368.637,37835.135,13.627,36.281,55.252,1.002,331477.124,7.156
17177,438,10369.338,39228.334,55.316,88.886,41.07,5.991,11843328.801,23.964
17178,438,10634.831,36647.976,14.542,45.202,49.724,7.919,20692778.856,11.297
17179,438,10561.45,38868.42,8.156,19.747,56.057,4.064,5449889.628,11.538
17180,438,10738.731,35311.982,184.426,2286.151,0,4.267,6009969.65,9.573
17181,438,10714.768,35599.506,9.764,43.8,58.504,3.358,3720973.341,6.569
17182,438,10718.197,36318.915,9.723,77.597,43.697,5.535,10111214.817,5.24
17183,438,10759.982,33154.036,112.604,683.185,15.742,3.15,3274383.155,10.17
17184,438,10906.462,38189.159,241.164,2953.007,0,3.463,3958162.821,10.734
17185,438,10969.574,33618.775,148.545,1175.071,0,3.93,5096274.179,10.928
17186,438,11155.832,37063.007,157.634,1984.855,0,4.027,5351722.384,8.402
17187,438,11234.058,34579.704,39.175,55.109,50.122,5.133,8693414.148,19.568
17188,438,11239.81,36182.016,52.331,43.912,45.325,3.364,3734454.611,26.899
17189,438,21435.899,30368.121,94.207,446.687,3.28,3.413,3844968.213,10.968
17190,438,23275.22,29059.755,150.904,1222.775,0,4.874,7840531.004,11.893
17191,438,23486.586,29604.656,62.067,102.518,29.535,2.996,2961374.117,16.729
17192,438,26805.278,13521.573,7.742,22.686,27.473,3.551,4160741.69,9.704
17193,438,26984.002,14160.081,134.521,672.626,0,1.328,582161.584,10.878
17194,438,27278.094,14639.954,8.824,38.229,24.057,1.664,914127.149,6.224
17195,438,28518.384,15115.223,125.322,794.835,1.747,1.072,378919.585,9.115
17196,438,31041.266,34722.587,4.322,20.866,18.13,2.552,2149886.758,8.517
17197,438,32364.351,26607.953,123.622,1166.688,0,3.125,3222113.176,8.155
17198,438,35833.738,24952.156,55.065,109.749,18.566,2.498,2059853.564,12.908
17199,438,36165.924,24423.187,146.544,647.317,4.475,3.046,3061060.388,14.693
17200,439,9929.427,39221.691,97.766,429.84,27.72,1.455,698285.509,9.961
17201,439,10090.081,38905.273,67.769,116.351,43.709,4.508,6705251.179,21.415
17202,439,10377.592,37873.8,60.74,141.356,47.213,2.996,2962433.955,13.019
17203,439,10528.524,39075.786,122.88,1169.218,0,4.679,7226155.222,9.063
17204,439,10636.903,36721.929,90.307,227.614,41.526,3.598,4272257.906,17.023
17205,439,10719.797,35414.317,217.121,3051.684,0,2.851,2682051.75,8.767
17206,439,10714.837,35718.291,155.769,1779.532,0,5.175,8838578.896,9.74
17207,439,10695.021,36114.914,65.434,169.519,35.368,1.333,586539.822,10.8
17208,439,10627.132,38765.811,45.562,68.359,49.838,2.424,1939357.783,13.991
17209,439,10898.418,38113.527,59.929,78.171,37.649,3.397,3808519.614,20.761
17210,439,10966.111,33617.89,153.641,1202.228,0,2.28,1715541.778,9.733
17211,439,11159.101,37120.271,2.285,22.412,60.454,5.318,9333244.961,10.615
17212,439,11219.57,36689.028,155.308,1591.81,0,5.493,9957314.325,10.805
17213,439,11255.241,34616.123,156.566,1642.266,0,5.005,8268200.82,10.241
17214,439,13090.674,10257.902,35.67,30.901,20.245,3.057,3083931.533,20.258
17215,439,22932.301,29255.344,123.714,724.65,0,1.715,971177.214,9.785
17216,439,23282.671,29758.023,169.332,1186.774,0,4.133,5636916.463,13.298
17217,439,23294.777,29060.323,153.239,1454.425,0,3.469,3972473.214,9.487
17218,439,26722.593,12558.499,7.669,30.592,27.916,3.981,5231440.259,8.226
17219,439,26774.981,13571.274,125.731,750.784,0,1.226,495665.458,9.491
17220,439,27316.247,14608.829,102.931,497.905,0,3.902,5024279.323,12.02
17221,439,28957.386,15589.198,145.36,853.558,0,3.982,5234597.815,13.352
17222,439,32370.605,26617.123,118.035,876.083,0,2.023,1350117.376,8.522
17223,439,32973.23,32530.994,58.835,81.333,10.607,2.464,2003606.833,16.984
17224,439,33558.578,28044.098,111.849,456.854,0,3.317,3631033.955,13.397
17225,439,35833.393,24909.151,0.767,15.245,29.128,3.523,4095484.268,11.362
17226,439,36157.171,24394.207,7.96,28.567,30.16,3.277,3543730.305,8.123
17227,439,37228.317,25771.533,112.168,596.28,0,4.298,6102145.009,12.405
17228,440,9898.653,39168.679,160.564,1468.467,0,4.346,6232004.035,10.827
17229,440,10391.189,37899.242,140.691,1576.643,0,5.134,8699400.809,9.178
17230,440,10468.502,39208.638,15.374,33.15,47.813,5.586,10297120.819,12.095
17231,440,10478.481,38797.497,6.144,34.333,54.116,5.333,9384523.929,8.244
17232,440,10608.346,36689.646,130.17,1066.921,0,5.748,10903469.615,11.502
17233,440,10742.904,35304.562,157.75,1699.647,6.15,2.281,1717657.418,8.216
17234,440,10725.6,35635.98,224.661,3141.082,0,3.983,5235176.329,9.823
17235,440,10798.077,33149.272,33.046,57.395,48.955,4.552,6838087.152,14.234
17236,440,11142.084,37175.377,85.964,389.634,30.209,3.995,5267740.913,11.302
17237,440,11282.712,36639.04,12.729,42.724,52.086,5.841,11258324.965,9.132
17238,440,21441.407,30399.011,4.411,43.298,29.638,1.681,932853.035,5.29
17239,440,23333.374,29031.659,107.086,569.522,4.42,2.739,2475279.046,10.343
17240,440,26714.807,13540.742,114.988,648.97,0,1.975,1287826.208,9.778
17241,440,26761.201,12528.002,128.247,646.057,0,5.184,8869422.673,15.676
17242,440,27272.461,14589.982,134.782,737.523,0,2.428,1946100.092,11.318
17243,440,27875.519,15367.593,37.666,30.716,30.413,1.713,967817.81,17.236
17244,440,29101.561,15797.835,143.671,920.692,0,2.43,1948354.41,10.674
17245,440,32351.581,26575.49,85.265,305.621,31.904,3.595,4265708.307,12.702
17246,440,33573.296,28049.711,110.819,437.482,0,1.863,1145445.221,11.671
17247,441,10598.119,36758.649,49.658,47.323,43.687,3.697,4510336.983,24.919
17248,441,10579.393,38900.631,132.017,1429.961,0,4.195,5807381.417,8.389
17249,441,10733.6,34869.738,36.888,45.187,45.272,3.026,3021917.664,15.838
17250,441,10682.875,35596.462,3.085,25.713,64.724,7.985,21044283.813,12.49
17251,441,10815.947,33153.227,78.796,201.57,32.076,4.733,7391228.052,17.774
17252,441,10891.468,38187.695,63.573,106.234,43.388,2.457,1992465.5,15.589
17253,441,11184.096,37115.817,219.657,3981.821,0,6.245,12869222.067,9.688
17254,441,11267.679,34563.748,30.681,45.823,47.51,5.145,8736709.137,16.75
17255,441,11198.544,34799.266,6.978,49.328,52.435,4.162,5715340.736,5.96
17256,441,11274.844,36680.286,59.462,173.263,51.84,3.546,4149830.828,11.73
17257,441,23807.787,29538.017,150.448,940.377,0,1.862,1143911.274,10.609
17258,441,26765.627,12546.995,121.807,525.391,0,4.513,6721630.655,15.751
17259,441,26737.641,13535.261,91.432,379.125,12.932,2.883,2742384.574,11.168
17260,441,27834.183,15366.338,7.084,17.942,31.656,4.425,6463004.418,12.574
17261,441,29071.766,15826.493,160.867,1157.544,0,3.205,3389207.943,11.437
17262,441,31039.902,34779.951,1.112,19.669,17.537,2.777,2544521.326,8.731
17263,441,32334.716,26581.678,47.088,37.694,40.598,1.386,633528.08,18.244
17264,441,33528.302,27992.727,136.721,756.523,0,2.742,2481183.099,11.688
17265,441,35783.314,24947.314,1.342,11.714,35.121,4.805,7620868.251,16.747
17266,442,10000.979,39116.062,2.425,30.048,43.749,1.966,1275900.703,6.386
17267,442,10399.287,37948.292,2.479,33.58,51.113,7.041,16361069.589,9.106
17268,442,10402.363,39276.91,8.02,49.414,56.421,6.574,14260481.795,7.346
17269,442,10729.173,34912.338,165.742,1390.11,15.678,1.677,928525.24,9.365
17270,442,10699.398,35488.444,142.117,1653.826,0,5.321,9344961.068,9.131
17271,442,11143.214,37401.686,156.864,1461.668,0,2.227,1636716.574,8.867
17272,442,11230.594,36672.7,139.67,1417.706,0,7.192,17068270.957,11.627
17273,442,11185.988,37069.602,165.649,2227.935,0,6.779,15163674.014,10.27
17274,442,22913.666,29267.31,91.944,452.545,0,4.484,6635317.588,11.686
17275,442,23279.942,29038.166,6.521,52.499,39.077,3.282,3554793.005,5.36
17276,442,23598.535,29516.986,5.148,26.212,43.438,3.096,3162832.847,7.885
17277,442,26773.72,12533.321,120.37,555.103,0,2.18,1568249.274,11.483
17278,442,26812.972,13551.518,53.016,77.89,26.91,6.135,12420251.55,25.642
17279,442,27841.954,15404.617,84.388,339.456,20.047,2.412,1919620.538,10.412
17280,442,28620.608,15352.854,146.076,1008.562,0,4.286,6061210.951,12.314
17281,442,28992.537,15643.053,196.551,1796.182,0,5.901,11491031.907,14.653
17282,442,31000.698,34738.662,65.216,127.405,11.854,2.751,2496647.29,14.81
17283,442,32311.13,26498.746,89.637,392.433,23.447,1.019,342456.168,9.345
17284,442,33550.121,28010.972,114.543,516.598,0,2.818,2621399.537,12.046
17285,442,35837.275,24955.062,5.732,39.945,25.592,1.516,758554.123,5.616
17286,442,36109.55,24384.849,114.486,472.07,0,3.674,4455467.301,14.097
17287,443,10399.572,39277.817,6.704,68.388,59.253,4.653,7144986.293,4.955
17288,443,10636.887,36714.512,7.266,57.194,45.216,4.352,6249666.531,5.53
17289,443,10715.761,34925.684,53.926,181.791,42.295,4.859,7791945.399,11.415
17290,443,10698.734,35645.929,152.788,1895.039,0,10.514,36480411.62,13.62
17291,443,10729.014,35369.006,8.938,29.378,68.415,2.351,1823472.166,7.569
17292,443,10879.546,33160.628,3.335,19.849,39.161,4.471,6598323.783,10.75
17293,443,10935.523,38173.276,155.696,1312.246,0,2.296,1739885.012,9.401
17294,443,11134.599,37347.003,63.148,148.692,35.117,4.044,5398005.987,14.993
17295,443,11234.462,34867.431,54.994,141.682,43.826,1.597,841559.56,10.171
17296,443,11257.302,36683.398,126.624,1286.639,0,5.524,10069342.866,9.441
17297,443,21654.137,30571.777,108.746,168.487,24.532,2.119,1481317.403,21.659
17298,443,23225.653,29104.368,213.103,2042.279,0,3.868,4937825.358,12.145
17299,443,26783.297,12512.383,54.449,57.694,20.494,1.222,492958.244,16.159
17300,443,26831.975,13554.161,59.762,132.472,24.811,1.312,567653.054,11.251
17301,443,27476.762,14923.989,130.198,646.815,0,2.758,2510289.94,12.172
17302,443,27839.189,15405.092,146.259,1002.723,0,2.527,2107012.395,10.441
17303,443,29001.122,15666.811,145.563,1065.211,0,5.721,10801465.798,13.607
17304,443,31001.603,34752.62,90.518,265.59,0,4.468,6589435.204,17.029
17305,443,32432.698,33424.894,126.799,416.623,0,4.219,5874976.202,19.331
17306,443,33580.965,28065.798,117.026,528.541,0,2.962,2896088.944,12.384
17307,443,35829.153,24942.608,27.747,39.918,28.748,3.305,3604710.877,13.241
17308,443,36109.953,24406.685,136.112,608.563,0,4.769,7506805.062,17.169
17309,444,10013.56,38996.948,67.887,122.955,37.196,2.774,2540007.637,16.028
17310,444,10328.005,37995.73,14.614,44.8,49.684,6.197,12673294.192,9.811
17311,444,10417.943,39235.189,122.187,1512.231,0,3.552,4162617.381,7.062
17312,444,10630.926,36761.619,145.438,1208.95,0,4.28,6044275.455,10.757
17313,444,10717.65,34880.798,5.55,67.411,49.215,5.687,10672271.001,5.178
17314,444,11234.453,35698.962,89.123,294.28,35.767,2.137,1507611.751,11.792
17315,444,11264.686,34911.49,164.513,1685.894,0,4.692,7265311.338,10.485
17316,444,23321.139,29033.402,144.279,1415.903,0,4.169,5736882.999,9.459
17317,444,23939.106,29461.88,155.574,1002.688,0,3.088,3146867.488,11.895
17318,444,26745.534,12554.053,113.415,459.886,0,2.91,2795404.959,12.966
17319,444,27314.477,14621.879,123.687,709.898,0,4.567,6882663.554,12.912
17320,444,27961.48,14521.275,122.066,599.13,0,4.245,5948106.236,13.868
17321,444,27950.234,15553.678,101.156,548.561,0,2.917,2808934.843,10.036
17322,444,28966.28,15608.642,11.541,34.524,37.279,4.597,6973322.986,9.103
17323,444,32287.364,26378.394,169.679,1136.131,0,3.689,4490537.38,13.099
17324,444,33560.331,28045.986,147.684,768.34,0,3.133,3238640.19,13.339
17325,444,35678.856,29715.407,49.947,80.181,23.107,1.743,1002862.368,12.927
17326,444,36525.297,27769.583,75.791,128.418,12.966,2.205,1605041.066,16.502
17327,444,37088.221,25705.364,102.134,528.989,0,3.797,4758165.975,11.286
17328,445,10417.84,37941.556,24.489,38.62,57.925,5.054,8429844.094,14.855
17329,445,10443.999,39215.077,177.12,2148.264,0,5.334,9390188.127,10.347
17330,445,10645.798,36694.558,182.217,1962.842,0,2.811,2608631.859,9.25
17331,445,10685.507,34961.567,2.338,26.549,72.874,3.626,4338125.193,7.872
17332,445,10732.359,35444.057,164.443,2623.32,0,3.375,3760342.686,7.136
17333,445,11091.877,37366.931,64.002,93.566,36.296,2.276,1710035.71,16.677
17334,445,11109.878,34004.801,7.617,19.615,32.584,4.208,5844466.674,11.611
17335,445,11119.914,36965.989,5.622,44.322,49.093,2.523,2100383.421,5.556
17336,445,11285.921,34845.83,38.647,48.744,54.915,2.535,2120209.888,14.78
17337,445,11242.465,36697.753,129.169,1270.827,0,5.537,10117623.439,9.809
17338,445,21521.658,30526.157,44.15,70.971,28.458,4.75,7446152.619,17.802
17339,445,23310.023,29054.569,85.152,317.836,28.45,2.29,1731280.466,10.831
17340,445,26806.425,13628.512,33.824,47.826,25.552,2.465,2005737.963,12.881
17341,445,27034.588,12945.615,169.214,1301.18,0,3.333,3665728.642,11.453
17342,445,27317.185,14637.393,120.046,660.265,0,3.358,3722146.587,11.506
17343,445,28649.798,16141.65,207.075,1618.402,0,3.987,5246581.107,13.951
17344,445,28880.229,15594.329,9.419,36.966,48.695,4.879,7855898.149,8.26
17345,445,32352.626,26407.663,137.8,1051.544,0,2.832,2647183.927,9.683
17346,445,33559.897,28040.104,111.203,557.815,0,4.326,6175136.967,12.901
17347,445,34311.829,27927.643,126.156,633.18,0,1.841,1118427.056,10.892
17348,445,35656.128,29652.487,100.33,402.569,13.851,3.107,3185426.032,12.354
17349,446,10343.933,37966.841,71.702,173.35,46.137,3.88,4967323.268,15.62
17350,446,10477.313,39194.541,10.904,60.533,59.252,5.824,11194539.208,6.591
17351,446,10633.258,36672.98,207.453,2540.537,0,4.02,5334108.518,10.22
17352,446,10924.131,38090.679,141.024,711.571,19.25,3.1,3172227.296,13.163
17353,446,11137.296,33974.591,137.189,1025.654,0,2.49,2046328.817,9.52
17354,446,11223.9,34860.018,121.296,1175.396,0,4.373,6310732.228,8.67
17355,446,11251.258,36680.272,71.096,225.007,37.367,2.765,2523766.52,11.345
17356,446,21487.838,30507.106,118.982,732.88,0,4.19,5794566.649,11.496
17357,446,23324.095,29038.867,141.531,1119.393,0,4.527,6762770.802,11.191
17358,446,23954.911,29458.823,102.241,784.234,0,3.138,3249831.706,8.295
17359,446,27010.347,12886.74,257.882,2948.636,0,2.015,1340444.807,10.29
17360,446,27357.56,14637.921,10.107,47.828,27.833,4.513,6721189.794,6.845
17361,446,28001.63,14559.328,9.206,19.871,33.048,3.219,3420444.309,10.707
17362,446,28866.074,15578.997,172.661,1704.102,0,4.728,7376402.425,11.176
17363,446,32388.388,26357.728,46.699,57.335,34.814,1.78,1045263.752,14.795
17364,446,33579.303,28018.815,83.154,254.798,11.464,1.645,893429.564,11.352
17365,446,34321.383,27917.958,10.23,31.82,27.201,2.033,1363785.329,7.328
17366,447,9989.561,39001.046,128.458,1043.096,0,2.854,2688251.429,8.961
17367,447,10399.836,37919.893,0.64,42.541,56.848,3.135,3243857.899,5.557
17368,447,10489.83,39135.012,164.724,1700.198,0,4.506,6700109.046,10.271
17369,447,10639.895,36665.152,34.795,52.805,54.073,5.121,8652806.865,17.344
17370,447,10718.192,34956.584,4.252,37.798,58.467,6.387,13461697.532,8.06
17371,447,10707.496,35401.918,144.421,1927.834,0,5.66,10572408.184,8.595
17372,447,11145.441,33965.735,146.248,960.674,0,2.95,2872595.055,11.145
17373,447,11144.526,37351.908,42.483,59.515,37.068,3.935,5110638.506,17.431
17374,447,11248.836,34914.57,140.018,1476.719,0,4.059,5438241.224,8.77
17375,447,11208.156,35631.868,30.724,64.534,41.684,3.691,4496611.945,10.958
17376,447,11256.302,36663.5,176.101,2042.444,0,3.587,4245823.657,9.187
17377,447,23235.417,29070.467,142.058,989.238,0,3.601,4278620.686,11.213
17378,447,23923.055,29423.941,82.955,243.353,24.889,3.409,3834436.711,14.061
17379,447,24119.118,28930.73,138.57,674.923,0,2.493,2050753.617,12.455
17380,447,27853.173,15312.038,186.257,1355.364,0,3.914,5054353.228,13.51
17381,447,28860.291,15547.716,56.892,113.42,39.203,4.492,6658159.338,16.874
17382,447,28993.41,16091.106,144.36,803.099,0,5.363,9490462.908,16.18
17383,447,33591.406,28034.308,56.799,88.01,17.587,2.29,1730244.68,15.053
17384,447,35599.384,29601.903,4.693,41.044,27.279,4.018,5326563.374,6.313
17385,447,37066.47,25588.034,88.248,174.111,12.004,2.02,1346562.324,15.925
17386,448,10000.339,39045.466,5.732,25.532,44.564,2.14,1511010.039,7.463
17387,448,10001.956,39312.091,2.468,8.753,41.302,3.813,4799229.645,18.505
17388,448,10357.062,37959.675,116.751,1300.157,0,7.748,19810306.02,9.855
17389,448,10520.199,39115.051,58.132,98.004,37.728,5.207,8948638.815,21.524
17390,448,10630.085,36695.135,121.339,913.484,9.178,3.632,4354190.703,9.655
17391,448,10740.7,35548.919,187.231,2525.999,0,4.059,5437219.769,8.985
17392,448,10888.936,33099.346,78.555,211.995,19.265,3.311,3617055.481,14.235
17393,448,11240.032,36683.699,103.677,633.591,14.981,0.853,240367.247,8.394
17394,448,21712.272,30673.634,46.675,63.566,21.775,2.53,2113078.454,15.313
17395,448,23163.667,29311.102,132.544,979.795,0,4.093,5528097.24,10.777
17396,448,23305.074,29069.718,138.682,931.439,0,4.075,5480640.982,11.86
17397,448,27074.996,12926.536,54.794,79.275,33.018,4.268,6011925.761,20.641
17398,448,27813.958,15318.522,119.148,629.563,0,3.187,3351770.63,11.56
17399,448,28776.897,15475.607,71.038,203.726,26.774,5.974,11776517.473,17.413
17400,448,31000.08,34768.929,71.603,168.757,8.292,3.414,3846555.577,14.98
17401,448,32444.487,26289.726,138.159,844.784,0,3.105,3181703.803,11.437
17402,448,32669.431,26135.402,79.642,188.939,14.298,2.57,2180003.272,14.292
17403,448,33522.306,28019.641,107.905,458.298,0,3.191,3360348.14,12.565
17404,448,37204.543,25681.505,7.133,22.364,26.651,5.383,9563101.835,11.854
17405,448,37376.3,25971.242,52.927,92.388,14.706,2.248,1667052.492,13.369
17406,449,9994.424,39032.309,7.856,13.469,42.205,1.127,419144.014,10.347
17407,449,10284.848,38032.941,91.099,391.843,35.973,5.414,9672667.614,14.135
17408,449,10628.784,36682.371,142.454,1296.079,0,1.85,1129501.986,8.338
17409,449,10695.563,34928.403,146.84,1473.025,0,4.886,7879628.253,10.011
17410,449,10732.112,35472.297,47.31,97.628,54.836,3.868,4936906.71,13.673
17411,449,10778.245,33094.818,157.944,1228.337,0,4.637,7095807.328,12.369
17412,449,10894.337,38179.996,178.599,1828.472,0,3.126,3224550.963,9.666
17413,449,11030.342,37430.234,27.214,35.761,44.753,4.916,7974454.793,17.37
17414,449,11277.557,34879.523,5.29,34.075,59.655,4.291,6077685.565,7.4
17415,449,11239.726,36764.435,2.542,9.71,51.31,4.775,7524319.504,19.777
17416,449,21698.901,30615.31,178.047,1241.257,0,5.165,8806003.6,15.553
17417,449,23288.562,29069.827,144.686,1149.639,0,3.215,3411111.776,10.04
17418,449,24090.019,29085.663,62.05,69.197,22.82,3.325,3649293.799,23.714
17419,449,26803.09,13677.191,5.972,38.56,28.81,2.52,2095727.399,6.062
17420,449,26870.627,12584.02,53.736,56.366,26.81,2.68,2370778.951,20.315
17421,449,27058.238,13010.74,146.778,973.642,0,2.497,2057679.988,10.648
17422,449,27916.083,14410.758,28.64,49.093,30.682,1.729,986348.45,10.089
17423,449,28765.62,15419.401,126.451,1130.406,0,4.969,8149966.87,9.879
17424,449,31052.398,34765.084,49.754,79.643,10.881,2.409,1914982.736,13.975
17425,449,32402.544,26248.014,7.119,17.175,28.624,2.224,1632808.342,9.87
17426,449,35842.666,29118.459,3.496,32.322,20.238,3.87,4942243.015,7.157
17427,449,35927.169,25002.35,35.878,51.307,21.167,2.013,1336948.827,12.403
17428,449,35957.287,30131.778,132.691,750.366,0,2.359,1835963.726,10.921
17429,450,9908.557,39157.217,57.574,108.853,22.451,2.841,2664535.135,14.274
17430,450,10305.711,38026.846,199.33,2642.883,0,3.244,3472511.109,8.88
17431,450,10448.638,39154.6,99.477,234.514,37.452,4.133,5637931.517,20.731
17432,450,10613.976,36672.969,152.74,1466.911,0,3.155,3284020.347,9.165
17433,450,10736.721,35485.275,188.81,2966.183,0,6.239,12846288.312,9.643
17434,450,10817.822,33154.319,180.525,1523.951,0,2.725,2450280.218,10.607
17435,450,11111.637,37324.843,164.396,1625.061,0,5.086,8535106.222,11.145
17436,450,11104.444,33996.801,208.639,1926.897,0,3.474,3983293.654,11.793
17437,450,11208.527,35707.985,92.297,333.85,25.414,3.177,3331395.337,12.67
17438,450,21662.391,30625.635,133.923,976.602,0,3.922,5075857.318,10.78
17439,450,23255.82,29101.807,105.717,660.01,9.163,2.868,2715385.065,9.4
17440,450,24042.187,29035.439,114.967,647.968,0,3.134,3242290.81,10.783
17441,450,26844.286,12553.9,116.95,586.264,0,4.323,6167691.617,13.363
17442,450,27119.099,13031.194,7.867,31.1,36.52,4.377,6322920.327,8.495
17443,450,27541.334,13771.149,57.706,91.472,23.886,2.267,1695716.978,14.912
17444,450,28726.857,15400.359,137.952,1379.083,0,3.943,5129862.674,8.917
17445,450,30998.917,34745.426,89.175,255.33,0,2.73,2461918.85,13.777
17446,450,32401.539,26294.696,1.829,13.848,30.614,2.815,2615509.1,11.138
17447,450,32640.238,26077.845,2.619,56.203,24.43,5.294,9247643.702,5.433
17448,450,33072.794,32768.6,81.497,232.738,2.863,2.614,2255270.125,12.899
17449,450,33286.647,26721.763,8.104,46.981,24.979,3.237,3457785.871,5.947
17450,450,35878.714,29156.722,113.872,477.154,0,3.01,2990029.359,12.861
17451,450,35925.367,25079.506,210.499,1684.54,0,3.733,4599276.766,13.478
17452,451,10238.939,38113.377,103.47,409.612,31.724,3.584,4238050.037,13.415
17453,451,10423.959,39300.911,108.76,715.59,0,5.094,8564634.926,11.238
17454,451,10629.317,36657.639,62.539,163.298,41.779,1.953,1258990.862,11.043
17455,451,10724.632,34718.146,276.773,3930.61,0,3.936,5112434.395,11.134
17456,451,10732.26,35397.666,183.777,3098.935,0,2.521,2097038.557,7.033
17457,451,10717.453,36161.731,7.892,26.089,37.475,5.665,10590740.251,11.062
17458,451,10954,33652.509,146.444,985.534,0,3.519,4086586.086,11.611
17459,451,11132.118,37321.273,154.438,1315.494,0,6.532,14081363.156,13.65
17460,451,11192.429,36715.725,5.749,25.042,69.568,2.107,1465713.668,7.532
17461,451,21684.897,30635.593,46.266,78.826,35.672,1.813,1084825.339,12.14
17462,451,23278.26,29121.09,6.056,49.309,51.646,5.5,9984133.443,6.419
17463,451,24073.726,29021.365,93.227,300.14,17.943,5.022,8321713.783,17.308
17464,451,27125.331,12970.312,7.958,27.105,34.381,2.616,2259161.193,7.906
17465,451,27477.232,14926.661,102.497,496.473,0,3.14,3253530.524,11.094
17466,451,27842.118,15361.932,6.308,41.182,27.454,4.232,5910225.041,6.631
17467,451,28601.859,16146.405,131.011,642.951,0,1.964,1273166.583,11.389
17468,451,28743.901,15399.497,109.257,708.611,0,5.997,11870072.292,12.396
17469,451,30956.428,34782.754,86.459,175.393,8.023,1.515,757536.824,14.516
17470,451,32378.315,26295.307,114.338,378.097,9.073,0.696,160023.563,12.009
17471,451,33394.043,26723.829,123.588,647.045,0,3.522,4095171.34,12.331
17472,451,35781.881,25191.737,43.463,34.385,20.933,2.717,2436421.787,22.445
17473,451,35958.472,30125.514,97.452,399.821,0,1.611,856461.423,10.438
17474,452,9918.636,39310.082,55.346,111.852,23.077,2.757,2508270.352,13.219
17475,452,10432.298,39227.945,55.516,72.531,48.669,6.034,12014063.321,28.989
17476,452,10654.334,36676.654,86.538,250.493,37.016,5.443,9775716.747,18.788
17477,452,10694.511,34935.287,51.817,104.062,44.689,3.527,4104220.148,14.062
17478,452,10717.825,35276.678,4.995,28.79,68.105,7.725,19691579.962,11.492
17479,452,10797.131,33152.387,187.866,1518.541,0,1.911,1205436.465,10.41
17480,452,11236.365,34927.071,225.61,2626.863,0,5.634,10476159.607,13.116
17481,452,21633.446,30589.467,71.533,314.839,25.86,4.186,5782129.359,10.478
17482,452,23307.406,29038.425,172.462,1708.445,0,5.323,9349656.69,11.775
17483,452,24078.077,28963.62,8.23,36.171,27.702,3.582,4235292.391,7.212
17484,452,26843.747,12592.226,109.066,195.374,22.55,1.91,1203590.877,18.957
17485,452,27165.225,13029.792,133.078,902.127,0,3.237,3458248.685,10.578
17486,452,27762.572,15279.205,7.902,31.242,25.978,3.758,4661018.856,7.994
17487,452,28752.38,15458.647,116.076,1179.845,0,6.545,14137700.096,9.619
17488,452,29013.554,16094.209,42.022,56.36,23.85,3.815,4803598.956,17.625
17489,452,32607.719,26089.372,112.027,535.941,0,3.085,3143419.633,11.753
17490,452,32880.258,32641.024,0.911,36.695,18.323,4.194,5806174.292,6.593
17491,452,35929.117,29126.805,148.684,552.632,11.759,1.963,1271614.267,14.496
17492,452,35995.393,30214.051,36.162,30.225,25.583,0.847,236892.085,14.955
17493,453,10321.173,38956.982,3.233,25.931,54.061,2.389,1882706.015,7.229
17494,453,10441.974,39257.988,143.433,1228.42,0,6.803,15272304.859,13.152
17495,453,10687.72,35038.678,2.706,25.846,59.206,3.399,3812447.562,7.874
17496,453,10716.055,35559.416,102.099,622.155,30.356,3.995,5266473.688,10.287
17497,453,10771.437,33082.773,89.983,195.442,24.54,3.545,4146180.104,18.855
17498,453,11201.81,34880.814,5.518,49.208,50.694,1.776,1040724.535,5.056
17499,453,11192.511,36751.675,181.718,2734.659,0,5.984,11815537.911,9.492
17500,453,11316.471,36056.694,151.293,1249.386,0,2.399,1898944.421,9.43
17501,453,21630.57,30608.465,107.475,739.722,0,2.984,2939473.079,9.021
17502,453,23307.503,29016.836,35.815,50.534,44.499,4.35,6244152.805,16.878
17503,453,24041.106,28948.834,58.308,100.379,25.171,3.358,3720399.577,16.463
17504,453,26840.142,12548.983,108.958,532.164,0.321,3.449,3926094.769,11.823
17505,453,28737.109,15486.648,177.533,2221.737,0,2.165,1546960.984,8.007
17506,453,32984.947,32758.568,141.572,501.851,0,1.886,1173634.619,14.36
17507,453,34190.001,28327.908,46.836,55.256,26.78,2.032,1362959.361,15.722
17508,453,35368.545,30478.922,3.777,20.75,23.02,2.627,2276859.327,8.535
17509,453,35920.606,24478.342,7.451,52.807,21.975,4.091,5521899.689,5.748
17510,454,9947.036,39293.749,70.886,107.886,26.486,1.783,1049647.606,16.028
17511,454,10332.99,37965.224,162.396,2102.934,0,5.041,8384953.308,9.077
17512,454,10482.782,39196.545,6.256,37.497,36.566,3.868,4937712.657,6.845
17513,454,10639.404,36718.895,5.009,56.114,40.498,4.197,5812855.468,5.263
17514,454,10726.36,33126.951,10.018,53.016,41.17,3.468,3969192.574,5.93
17515,454,10662.91,35016.905,1.661,21.702,65.97,4.002,5285080.284,9.361
17516,454,10800.601,35357.161,9.077,41.031,66.94,6.65,14594494.875,8.829
17517,454,11266.972,36418.407,24.703,26.044,52.091,3.678,4464735.331,17.033
17518,454,11222.7,36755.544,135.861,1640.584,0,5.034,8363465.271,8.449
17519,454,21599.723,30553.089,4.296,10.954,36.653,1.646,893852.71,11.434
17520,454,23277.023,29073.8,63.173,171.04,35.087,4.636,7093216.143,14.474
17521,454,23472.112,29689.31,55.882,109.347,20.907,2.773,2537963.408,13.604
17522,454,23918.651,29489.102,83.006,189.447,18.762,2.192,1586366.147,14.322
17523,454,23992.234,28885.628,10.03,20.991,36.594,2.491,2048330.701,9.741
17524,454,26774.6,13705.236,107.388,409.867,11.625,1.72,975780.904,11.55
17525,454,26844.68,12562.319,133.446,887.822,0,2.735,2469283.44,10.254
17526,454,27105.934,13038.66,55.29,109.829,27.352,2.638,2295882.336,13.176
17527,454,28759.472,15425.513,120.612,1115.306,0,2.809,2604293.527,7.975
17528,454,32384.784,26219.719,88.743,382.817,0,3.657,4413085.897,11.536
17529,454,35463.279,30424.742,84.203,171.07,14.774,2.898,2771549.422,17.213
17530,454,35854.515,29227.395,103.641,430.643,0,3.884,4978625.127,13.427
17531,454,35975.778,24505.309,117.487,538.804,0,2.255,1677391.038,11.441
17532,454,36006.571,30109.583,121.399,530.35,0,2.88,2737107.196,12.839
17533,455,9921.421,39042.764,4.415,41.007,44.818,4.068,5460002.737,6.308
17534,455,10240.06,38041.122,4.56,20.574,51.794,4.096,5536135.313,10.236
17535,455,10403.287,37837.713,175.997,1803.692,0,3.998,5275943.547,10.316
17536,455,10509.854,39023.851,235.598,2920.035,0,3.678,4463491.55,10.696
17537,455,10638.942,36613.268,140.077,1202.513,0,6.039,12034720.841,12.03
17538,455,10675.217,34691.313,144.469,1349.143,0,4.094,5531648.25,9.727
17539,455,10688.557,35051.811,48.016,73.102,55.279,4.576,6910348.596,19.072
17540,455,11054.455,33743.235,128.801,843.632,0,2.251,1672350.848,9.751
17541,455,11335.917,35062.757,179.994,1994.143,0,5.592,10319216.976,11.452
17542,455,21922.04,30496.069,58.001,105.469,28.476,4.244,5944421.281,17.776
17543,455,23355.253,29037.894,3.712,15.383,46.749,3.88,4968000.71,12.194
17544,455,23487.882,29686.545,77.459,241.131,15.35,4.154,5694967.604,14.075
17545,455,23958.179,29427.084,170.553,1087.01,0,3.283,3556308.6,12.999
17546,455,24070.421,28958.958,5.883,7.028,28.067,3.757,4657877.949,23.523
17547,455,26684.188,13079.116,70.263,163.474,26.11,4.057,5431724.469,16.231
17548,455,26827.932,12535.653,75.951,168.525,14.022,1.899,1190231.435,13.395
17549,455,27120.612,13041.716,3.677,49.243,39.438,3.559,4180991.641,5.363
17550,455,27789.633,14187.824,116.883,655.733,0,4.416,6435825.645,12.423
17551,455,27825.65,15333.655,133.193,676.316,0,3.376,3762283.817,13.023
17552,455,28694.741,15357.385,129.936,1344.036,0,6.034,12013858.112,9.884
17553,455,32395.873,26160.82,5.589,19.965,25.205,3.582,4233716.479,10.073
17554,455,33321.217,26625.901,51.754,70.833,17.454,4.089,5519145.968,20.295
17555,455,35786.099,25301.028,154.668,794.072,0,1.972,1283060.868,12.206
17556,455,36040.417,30187.195,55.329,59.526,18.827,2.879,2736234.949,20.993
17557,456,9959.714,39279.438,2.48,37.84,39.927,2.488,2043540.345,5.786
17558,456,10319.142,37995.882,7.559,33.564,50.979,5.786,11048183.715,9.096
17559,456,10477.609,39042.287,6.66,76.665,40.717,3.587,4245461.476,4.372
17560,456,10662.238,36605.236,166.295,1958.959,0,1.994,1312084.428,7.919
17561,456,10674.381,35006.948,162.63,2069.661,0,5.852,11301549.451,9.811
17562,456,11274.415,36715.007,8.875,39.054,58.668,4.417,6439142.362,7.496
17563,456,11341.496,35039.415,84.009,284.226,30.643,1.371,620025.57,10.581
17564,456,21977.374,30519.294,125.807,727.172,0,2.407,1911514.472,10.492
17565,456,23435.293,29041.968,9.84,30.272,38.957,2.709,2421208.741,7.864
17566,456,23517.54,29660.438,73.884,177.583,19.875,2.182,1571821.691,12.964
17567,456,26777.962,12545.687,79.047,144.277,19.319,2.786,2561799.076,17.545
17568,456,27193.183,13120.889,15.868,60.423,41.881,5.464,9852698.444,7.749
17569,456,28764.141,15410.018,74.715,218.84,34.72,2.114,1474659.38,11.481
17570,456,34092.25,27749.344,109.128,613.565,0,4.196,5812007.842,11.578
17571,456,35723.805,29232.774,129.29,634.214,0,3.347,3697109.108,13.033
17572,456,35929.782,24544.369,128.175,536.457,0,1.832,1107331.798,12.201
17573,456,37120.882,25361.872,51.164,48.661,19.675,3.478,3992665.461,24.472
17574,457,9919.787,39274.722,6.343,55.542,38.118,3.794,4749925.453,5.318
17575,457,10281.798,38039.838,207.806,2690.183,0,5.044,8394865.214,10.782
17576,457,10479.721,39040.364,2.205,34.957,48.122,3.991,5256763.691,6.756
17577,457,10637.14,36641.982,160.433,1627.407,0,1.927,1225152.297,8.405
17578,457,10640.044,38839.822,2.617,32.225,49.806,3.848,4885588.464,7.076
17579,457,10720.291,33038.979,8.924,29.106,35.037,4.145,5669750.909,8.99
17580,457,10718.989,35040.533,6.68,60.78,58.952,6.538,14104486.465,6.048
17581,457,10727.136,35483.583,141.325,1448.663,0,4.175,5753989.919,9.07
17582,457,10699.893,36430.163,92.058,618.952,3.44,6.169,12557218.419,10.827
17583,457,11234.16,36785.531,189.895,2717.75,0,7.991,21075641.35,11.962
17584,457,11267.964,34903.916,127.395,999.949,8.981,3.959,5172675.855,9.961
17585,457,23439.287,28964.258,5.912,32.215,33.428,2.518,2092691.805,6.724
17586,457,23945.983,29398.799,124.735,687.246,0,4.112,5580261.913,12.751
17587,457,26791.221,12578.314,127.245,683.213,0,1.609,854057.353,10.351
17588,457,26801.295,13673.159,4.971,23.913,34.695,2.264,1690946.593,7.719
17589,457,27259.221,13204.693,51.98,51.513,31.146,3.168,3313093.9,22.65
17590,457,27468.901,14688.391,117.096,328.876,17.577,3.308,3610334.685,18.058
17591,457,34056.338,27752.307,100.57,279.432,16.021,2.27,1700751.035,14.285
17592,457,35810.552,29850.335,85.342,174.867,18.607,3.238,3460900.458,18.153
17593,457,35868.298,29223.317,83.362,298.81,0,5.162,8794067.281,14.898
17594,457,35991.51,30089.448,58.74,74.795,24.251,1.658,907538.562,15.922
17595,457,37199.64,25274,7.952,36.99,21.163,3.581,4232295.298,7.051
17596,458,10386.137,37812.207,60.512,118.716,35.881,3.102,3176443.89,14.803
17597,458,10480.238,39202.104,154.286,1343.678,0,4.726,7369862.662,11.3
17598,458,10668.779,36605.749,178.24,2202.503,0,3.537,4129234.321,8.856
17599,458,10671.056,33029.505,163.91,1423.596,0,3.193,3365228.458,10.231
17600,458,10660.316,38914.222,149.186,1326.967,0,2.981,2933188.728,9.349
17601,458,10749.685,35267.566,155.759,2523.852,0,3.067,3104872.491,6.742
17602,458,11201.574,36717.351,4.966,48.496,66.158,6.359,13345288.763,6.759
17603,458,11276.794,34847.242,53.864,78.236,52.397,2.8,2587742.103,16.415
17604,458,21681.547,30479.93,4.067,37.38,33.277,3.117,3206591.192,6.2
17605,458,23479.584,28945.402,135.801,946.488,0,5.69,10682969.474,13.373
17606,458,23484.754,29657.973,89.972,426.679,7.078,3.589,4250081.973,10.84
17607,458,26764.283,12533.215,51.61,63.987,26.161,2.723,2447247.037,17.725
17608,458,27469.215,14638.648,162.926,1075.759,0,1.651,899236.228,10.578
17609,458,32318.923,26224.913,6.908,29.235,21.943,1.659,908467.688,6.863
17610,458,32752.562,33089.914,44.095,44.991,13.67,1.718,973993.814,16.028
17611,458,35432.735,28147.978,112.475,563.527,0,2.836,2654104.626,11.155
17612,458,35469.215,30426.424,116.737,507.716,0,3.512,4069388.438,13.492
17613,458,35876.955,24372.227,32.609,28.79,23.215,4,5279358.798,22.46
17614,458,35870.638,29215.924,121.409,658.697,0,1.299,556969.596,9.849
17615,458,35869.897,29882.366,119.304,600.526,0,3.543,4142846.418,12.407
17616,458,35991.772,30114.323,51.881,70.365,28.334,2.623,2270142.669,16.438
17617,458,37106.176,25303.784,66.742,170.807,12.729,2.272,1703735.411,11.913
17618,459,9931.512,39081.386,67.952,164.983,30.442,3.446,3918964.24,14.253
17619,459,10240.188,38100.278,173.437,1630.513,0,4.428,6470592.461,11.285
17620,459,10393.47,37848.18,10.585,32.556,39.505,2.5,2063223.086,7.568
17621,459,10482.637,39069.479,62.06,88.982,39.507,1.981,1295585.878,15.911
17622,459,10696.353,34936.342,63.798,174.449,49.078,5.625,10440785.129,16.162
17623,459,10729.096,35390.117,192.322,3025.148,0,6.138,12431462.206,9.687
17624,459,10678.85,36375.543,138.976,1017.215,0,2.673,2358201.111,9.855
17625,459,10959.071,37999.095,6.411,58.782,34.521,4.009,5304170.168,5.21
17626,459,11204.62,36713.062,9.093,38.905,54.811,3.631,4350964.867,7.085
17627,459,11242.457,35385.011,40.017,40.207,54.615,3.654,4407002.057,21.03
17628,459,11265.251,34922.016,73.365,186.868,37.658,3.968,5195572.246,15.419
17629,459,21679.765,30560.242,1.783,48.203,35.086,3.362,3730461.707,5.258
17630,459,23450.578,29647.578,152.16,909.99,2.761,1.618,864272.738,10.745
17631,459,26787.718,13640.069,21.661,38.208,34.962,4.169,5736504.655,12.045
17632,459,27930.307,15482.532,124.887,670.307,0,3.777,4707468.68,12.542
17633,459,28705.048,15442.629,52.374,65.787,37.647,3.951,5151471.347,21.45
17634,459,32678.985,26080.351,2.815,18.572,30.933,3.982,5231824.802,10.586
17635,459,34351.748,28296.413,53.572,91.032,21.769,2.956,2882829.511,14.983
17636,459,35440.184,28158.473,9.753,92.256,27.531,4.068,5460948.989,4.355
17637,459,35504.267,30390.343,148.965,953.814,0,2.505,2071124.978,10.985
17638,459,35788.49,29213.056,131.077,734.446,0,2.364,1845041.607,10.909
17639,459,35920.656,24555.1,8.805,25.194,22.671,2.363,1843285.468,8.277
17640,459,35864.298,29892.847,122.195,955.49,0,6.817,15338021.798,12.523
17641,459,37118.816,25285.003,8.627,39.367,21.9,3.878,4962400.213,7.073
17642,460,9925.789,39279.563,5.029,24.633,38.536,5.989,11837641.823,11.07
17643,460,10017.211,38988.109,45.288,25.3,45.042,3.764,4676606.932,37.461
17644,460,10318.718,38008.074,6.361,22.798,42.2,1.966,1275411.77,7.969
17645,460,10478.621,39118.131,2.84,39.613,51.446,5.331,9379407.078,6.968
17646,460,10695.334,34935.902,134.144,1555.203,0,1.762,1025006.709,7.057
17647,460,10700.587,35544.696,61.423,205.249,51.903,2.577,2191161.227,9.964
17648,460,10685.573,36365.684,54.939,64.534,44.584,3.69,4494637.332,22.378
17649,460,10914.175,33167.527,105.137,625.482,0,7.141,16829857.618,14.345
17650,460,10984.471,33599.961,228.774,2733.072,0,3.144,3261647.549,10.244
17651,460,11238.482,36906.69,70.668,173.171,51.814,5.608,10378605.622,18.961
17652,460,11277.731,34856.074,63.693,184.79,38.13,2.892,2760292.861,11.428
17653,460,21672.731,30608.189,34.372,54.152,31.401,3.039,3047059.592,12.925
17654,460,21930.929,30510.236,153.991,1024.703,0,4.025,5347365.061,12.764
17655,460,23392.988,28963.054,162.343,1309.579,0,1.532,774055.488,9.381
17656,460,27396.498,14720.832,126.422,927.097,0,3.9,5020649.781,10.322
17657,460,28005.627,15509.611,49.175,56.46,31.666,4.307,6122557.385,23.454
17658,460,28738.01,15428.135,62.757,145.251,25.881,1.258,521862.751,11.2
17659,460,32667.621,26138.647,135.755,842.05,0,6.277,13004336.346,15.571
17660,460,32884.165,32977.715,29.909,27.65,16.194,1.52,762465.724,14.327
17661,460,35448.425,28219.804,85.859,162.82,11.984,1.055,367265.188,14.326
17662,460,35510.528,30315.105,7.584,13.462,29.922,2.848,2676994.769,12.747
17663,460,35927.761,29991.99,136.885,1225.01,0,4.89,7890276.962,10.349
17664,460,37161.116,25313.097,122.337,474.004,0,1.953,1258329.641,12.587
17665,461,9917.597,39063.586,139.543,1436.404,0,3.891,4996929.511,8.778
17666,461,10368.214,37859.197,59.134,100.842,39.034,2.945,2862572.905,15.781
17667,461,10688.596,36290.893,140.395,1022.739,0,4.568,6887502.907,11.855
17668,461,10738.472,36615.959,50.696,59.361,41.053,2.776,2542791.215,18.439
17669,461,10798.214,35523.805,7.316,50.2,69.885,7.741,19773255.583,7.765
17670,461,11140.39,36771.028,164.622,1924.803,0,5.383,9561743.681,10.13
17671,461,11244.037,35315.89,163.046,1842.635,0,3.454,3937529.296,8.813
17672,461,21678.613,30566.275,8.976,43.595,26.838,2.178,1566118.393,5.97
17673,461,23175.951,29160.954,54.93,90.199,28.458,3.741,4619702.538,17.361
17674,461,23375.596,28993.94,0.469,21.974,35.727,3.539,4132904.351,8.774
17675,461,26699.353,12609.817,130.95,653.833,0,4.812,7641809.289,15.369
17676,461,26861.033,13744.494,129.757,719.981,0,5.474,9887202.199,15.123
17677,461,27293.118,13196.919,116.577,643.226,0,1.792,1060054.003,9.851
17678,461,29044.122,15943.272,55.614,77.685,21.058,3.015,2999472.3,17.747
17679,461,32514.584,26155.435,352.802,4373.835,0,1.523,765571.744,11.292
17680,461,35689.17,29310.792,40.676,51.752,27.253,3.088,3147301.756,16.255
17681,461,35840.276,26530.787,1.328,36.354,21.755,5.379,9548262.749,7.339
17682,461,35915.516,29986.735,150.22,1367.774,0,5.097,8573373.439,11.112
17683,461,37096.564,25376.281,92.032,349.05,0,2.938,2848399.152,11.943
17684,462,9937.334,39002.369,85.404,303.437,45.678,4.536,6791258.829,14.224
17685,462,10313.205,38028.64,145.634,1114.03,9.126,4.391,6363055.352,11.538
17686,462,10320.834,37920.376,1.374,28.92,48.25,6.427,13631149.818,9.614
17687,462,10696.979,35476.856,152.41,1896.99,0,4.123,5609012.726,8.345
17688,462,10654.932,36451.953,219.512,2239.426,0,5.067,8472158.597,13.431
17689,462,10821.214,33051.457,159.547,1274.731,0,3.018,3006441.486,10.448
17690,462,11168.614,36813.951,136.6,1149.74,0,2.901,2777794.015,9.121
17691,462,11279.77,36558.233,6.029,52.271,51.404,4.582,6928660.768,5.772
17692,462,11285.517,34959.448,81.224,234.15,35.545,5.673,10622112.088,18.479
17693,462,21601.645,30563.813,7.959,35.134,27.398,3.853,4899459.893,7.464
17694,462,21956.821,30477.854,76.734,158.003,20.276,2.059,1399439.494,14.374
17695,462,22095.249,29703.43,131.29,766.587,0,4.185,5778610.684,12.767
17696,462,26694.313,12613.286,118.539,375.688,14.684,1.815,1086983.835,13.742
17697,462,27296.963,13213.41,92.717,216.172,19.706,3.262,3510514.494,17.511
17698,462,27395.443,14794.947,51.752,78.822,32.949,3.018,3005495.624,16.015
17699,462,28008.418,15492.319,130.684,741.242,9.244,4.231,5909070.506,13.063
17700,462,29112.555,15998.341,8.947,33.768,23.185,2.174,1559247.467,6.891
17701,462,32516.955,26144.527,192.808,1199.663,0,2.126,1492075.902,12.575
17702,462,35700.642,29271.838,120.087,902.697,0,5.472,9881180.075,11.299
17703,462,35920.198,29977.524,122.354,1099.903,0,2.785,2559717.833,8.162
17704,462,37133.755,25359.787,127.013,551.326,0,2.141,1513097.055,12.243
17705,463,9962.46,39008.625,113.233,643.082,22.367,3.676,4459087.288,11.192
17706,463,10395.221,37919.755,2.091,23.189,44.88,3.182,3341756.221,8.23
17707,463,10477.797,39098.912,76.321,162.714,34.827,5.651,10539543.425,22.69
17708,463,10682.855,36391.834,43.54,50.367,41.538,3.811,4793061.656,20.145
17709,463,10880.793,33122.774,3.58,25.395,39.733,3.891,4997419.417,8.463
17710,463,11231.588,36497.956,161.406,1655.124,0,4.48,6624324.803,10.153
17711,463,11201.623,36717.161,9.486,38.45,45.218,3.425,3871513.059,7.106
17712,463,21574.145,30595.563,143.214,878.146,0,1.603,848113.37,10.243
17713,463,23205.408,29164.208,159.928,1400.335,0,4.054,5423463.773,10.832
17714,463,27723.09,15267.274,114.982,649.699,0,6.091,12244013.586,14.494
17715,463,28019.947,15584.975,56.996,77.194,28.446,5.668,10600517.732,27.253
17716,463,32516.98,26134.515,209.185,2066.764,0,4.396,6376845.144,12.387
17717,463,35933.261,29993.294,32.102,52.388,43.971,4.071,5468500.248,13.929
17718,463,36188.793,24611.72,58.553,88.792,18.495,3.07,3110390.092,17.374
17719,464,9889.808,39220.037,115.21,772.143,0,5.029,8347558.095,11.47
17720,464,9960.151,38996.12,156.002,1404.638,0,3.086,3142809.521,9.612
17721,464,10344.692,37873.801,73.479,187.01,34.944,1.806,1076081.588,12.013
17722,464,10456.23,39148.314,137.693,1321.633,0,4.26,5988344.425,9.383
17723,464,10700.102,35180.303,89.446,321.22,36.315,4.509,6708842.329,14.521
17724,464,10742.611,35521.956,189.225,2693.298,0,2.899,2774160.727,8.053
17725,464,10955.229,33602.913,9.68,52.032,44.115,4.99,8215934.698,6.609
17726,464,11184.899,35839.152,92.792,221.709,39.783,1.533,775278.889,13.735
17727,464,11220.991,36816.647,162.035,1387.168,0,3.473,3979862.195,10.512
17728,464,11286.809,34984.478,81.233,181.878,38.724,2.867,2712623.136,15.642
17729,464,21599.352,30607.151,40.317,23.29,29.77,2.171,1556110.659,24.491
17730,464,21946.864,30511.379,60.547,130.672,17.469,2.703,2411012.828,13.206
17731,464,23202.641,29201.953,4.717,20.377,32.087,2.674,2360135.874,8.816
17732,464,26767.899,12585.104,102.516,514.579,0.702,4.331,6190079.821,12.204
17733,464,27281.609,13215.232,76.564,217.14,20.295,2.255,1678763.746,12.03
17734,464,27729.148,15288.546,44.66,64.9,27.947,5.241,9066017.432,20.747
17735,464,28611.197,16102.615,71.629,186.898,21.163,3.242,3468521.021,13.65
17736,464,32520.165,26107.33,131.808,943.441,0,5.389,9582720.74,12.442
17737,464,35652.7,29229.795,65.168,113.557,30.814,1.945,1247999.341,14.378
17738,464,35990.041,24720.77,6.335,26.323,22.895,4.056,5429402.776,8.88
17739,464,35970.701,30023.028,153.344,1042.07,0,3.452,3933478.073,11.809
17740,464,36220.855,25614.768,55.039,34.145,28.728,3.024,3017689.432,33.236
17741,465,10336.614,37984.05,202.646,2698.622,0,5.783,11036795.076,11.069
17742,465,10686.617,34998.136,196.734,2553.228,0,4.338,6210836.87,9.745
17743,465,10710.453,35460.682,88.491,375.446,32.265,7.051,16407122.142,16.517
17744,465,10751.248,36388.423,192.916,2037.826,0,2.248,1667975.878,9.284
17745,465,10796.549,33033.222,5.702,34.538,35.164,3.57,4205478.803,6.959
17746,465,10946.98,33653.456,30.134,30.032,36.968,2.708,2419611.373,16.206
17747,465,11252.517,36512.773,56.954,75.895,40.873,4.696,7278473.361,24.114
17748,465,11220.438,36712.885,35.118,50.009,47.467,6.109,12317738.467,20.715
17749,465,11267.124,34956.587,164.471,1908.287,0,4.724,7366290.492,9.635
17750,465,21997.443,29920.593,3.539,23.955,33.464,5.149,8750372.809,10.067
17751,465,23233.985,29239.025,44.77,62.893,27.577,3.528,4106633.21,16.883
17752,465,27201.699,13241.174,3.491,26.006,32.754,4.026,5348716.418,8.426
17753,465,27379.546,14735.112,99.336,515.205,0,3.214,3409071.011,10.485
17754,465,27768.459,15318.081,38.568,67.499,30.107,2.056,1395036.63,11.336
17755,465,28710.203,16162.762,107.742,513.736,0,2.947,2867102.157,11.339
17756,465,28844.37,15479.385,150.68,928.152,0,2.436,1958884.364,11.254
17757,465,34321.349,28474.718,5.059,19.554,33.692,1.651,899317.619,8.258
17758,465,34932.178,29925.842,92.447,278.553,14.641,2.168,1551649.51,12.77
17759,465,35445.852,29519.831,8.59,32.753,29.159,2.475,2021626.661,7.095
17760,465,35544.566,29241.594,104.663,503.083,0,3.826,4831430.177,12.111
17761,465,35918.301,29922.097,5.612,47.902,32.587,3.636,4363986.418,5.676
17762,466,9941.624,39286.359,80.453,173.536,24.807,1.973,1284766.452,14.19
17763,466,10002.774,38924.885,89.886,227.47,23.965,5.219,8990394.904,21.029
17764,466,10406.491,37823.451,62.288,113.423,40.753,2.846,2672727.92,15.326
17765,466,10413.137,39286.984,86.593,225.866,25.034,3.097,3165068.934,15.096
17766,466,10561.92,36558.934,3.308,32.032,45.353,3.13,3232314.257,6.75
17767,466,10708.43,34990.496,182.831,2440.109,0,4.196,5809715.265,9.007
17768,466,10764.071,35163.423,71.017,97.996,62.292,2.107,1464588.174,17.932
17769,466,10762.607,35555.39,142.989,1468.721,0,4.452,6540608.282,9.331
17770,466,10886.051,32952.333,8.349,27.134,30.7,4.098,5542036.328,9.237
17771,466,10944.164,37952.755,61.014,98.804,33.057,3.517,4081972.277,18.124
17772,466,11282.607,34893.761,42.847,97.181,50.697,4.764,7489057.523,13.397
17773,466,21609.887,30591.624,55.719,52.238,24.586,3.758,4661305.45,27.451
17774,466,21964.577,29804.909,104.097,681.962,0,2.251,1672386.106,8.667
17775,466,27263.02,13216.395,42.968,52.256,28.056,3.252,3489752.691,17.682
17776,466,27390.199,14658.749,56.629,179.353,52.344,4.269,6015123.747,11.59
17777,466,27769.298,15337.509,103.94,320.154,6.853,3.549,4157473.439,16.055
17778,466,28821.191,15684.197,47.251,60.008,33.269,2.523,2101329.572,16.142
17779,466,32561.035,26079.478,6.809,70.809,23.871,4.235,5919607.405,4.75
17780,466,34960.457,29918.953,9.542,48.669,21.433,3.292,3575738.419,6.088
17781,466,35915.799,29997.542,4.326,25.364,38.174,1.642,890276.554,7.046
17782,466,36317.88,25678.591,6.574,43.383,23.246,2.778,2545962.042,5.829
17783,467,9952.402,39007.968,155.66,1397.27,0,4.558,6856599.485,10.952
17784,467,10449.46,33309.385,74.423,231.483,12.673,3.507,4059855.071,12.753
17785,467,10528.101,39053.682,129.269,924.162,0,4.852,7768934.281,11.66
17786,467,10701.496,35013.491,162.406,2191.265,0,6.371,13395726.083,9.779
17787,467,10690.661,36477.232,38.676,56.314,40.406,2.686,2381147.145,13.695
17788,467,10854.715,33028.615,146.378,1116.373,0,1.93,1229518.45,9.378
17789,467,11204.563,36734.815,44.542,58.494,41.978,2.732,2462657.656,15.782
17790,467,11271.203,34920.248,40.222,52.141,55.479,6.727,14933317.821,25.936
17791,467,11303.512,35226.945,136.357,1342.408,0,3.495,4030658.785,8.643
17792,467,21679.655,30632.193,4.713,28.591,36.582,4.491,6655800.305,8.427
17793,467,21955.247,29870.602,125.226,771.993,8.375,2.097,1451079.146,9.828
17794,467,23529.462,28970.573,67.792,105.142,22.837,2.837,2655454.866,18.035
17795,467,27269.687,13253.169,39.443,71.401,24.179,2.475,2021915.373,11.695
17796,467,32474.187,26134.052,110.386,475.899,0,1.853,1133452.793,11.056
17797,467,34208.366,27747.558,161.748,1067.055,0,3.059,3087920.215,11.974
17798,467,35821.163,25198.877,58.86,65.402,23.253,2.434,1955604.013,19.69
17799,467,35942.776,30094.975,133.188,1162.169,0,3.907,5037134.623,9.508
17800,468,9934.663,39312.99,73.268,184.297,22.257,2.49,2046006.308,12.979
17801,468,9958.739,38947.756,43.074,77.611,45.509,4.007,5299266.345,14.634
17802,468,10348.291,37934.8,45.325,115.33,55.289,3.125,3222821.897,10.683
17803,468,10487.483,33229.649,159.089,1295.788,0,3.529,4109948.224,10.792
17804,468,10718.119,36415.501,189.187,1777.574,0,2.277,1711044.285,9.85
17805,468,10767.146,35221.745,99.129,577.461,44.058,5.426,9714615.397,11.897
17806,468,10847.172,33039.276,2.333,11.28,41.401,3.168,3312337.326,13.643
17807,468,11244.519,36464.242,84.421,352.542,28.181,5.065,8466886.731,13.217
17808,468,11286.49,34907.981,33.913,60.823,55.687,4.624,7056979.826,14.153
17809,468,21599.457,30599.687,3.154,18.528,31.321,4.129,5627623.566,10.845
17810,468,27333.656,14749.865,111.587,565.012,1.562,1.765,1027711.715,10.079
17811,468,28036.265,15663.074,78.784,184.441,23.488,2.985,2941025.469,15.114
17812,468,28844.439,15695.937,202.771,1913.401,0,3.896,5009237.428,11.898
17813,468,29040.697,16076.617,4.234,35.206,29.323,5.713,10771872.056,8.024
17814,468,32555.519,26076.418,6.163,28.809,20.156,1.731,989000.791,6.835
17815,468,34192.242,27733.858,113.915,608.615,0,2.687,2382305.347,10.647
17816,468,34908.748,29915.921,115.175,447.231,0,3.319,3635967.592,14.153
17817,468,35927.809,30027.293,91.394,242.16,31.468,2.728,2456306.868,14.73
17818,469,9920.62,39283.596,3.721,38.958,36.686,4.24,5931596.688,6.536
17819,469,10360.716,37838.154,2.275,17.584,52.614,3.944,5133163.319,10.905
17820,469,10452.222,33284.474,50.994,68.315,34.039,3.054,3078460.363,17.517
17821,469,10458.134,39048.218,63.71,90.746,41.468,2.704,2412616.736,18.078
17822,469,10643.81,36734.05,164.859,1720.634,0,5.519,10051838.362,11.157
17823,469,10701.423,35098.683,170.611,2593.32,0,4.533,6781640.899,8.102
17824,469,11108.391,34038.098,61.913,71.339,42.039,7.691,19520387.65,43.142
17825,469,11281.935,36556.66,7.606,64.787,43.194,2.104,1461258.711,4.624
17826,469,11207.804,36919.804,59.74,112.873,30.261,2.79,2569070.151,14.483
17827,469,11310.857,34918.524,136.171,1295.392,0,2.231,1641941.733,8.107
17828,469,23852.154,29485.33,61.211,77.074,27.045,2.129,1495868.071,17.569
17829,469,26900.296,13963.07,104.295,278.766,10.895,4.088,5514191.897,19.305
17830,469,27410.298,14689.161,128.351,686.815,0,4.272,6021777.352,13.52
17831,469,28030.799,15658.991,55.564,80.955,19.651,2.876,2730327.764,16.855
17832,469,28724.119,15428.939,124.991,764.874,0,4.052,5419885.638,11.776
17833,469,30003.95,35502.591,58.354,94.821,10.226,2.529,2110528.113,15.29
17834,469,34198.833,27749.154,81.715,278.922,12.952,5.834,11234050.933,16.445
17835,469,35396.908,29581.342,120.237,657.911,0,5.851,11298434.595,15.017
17836,469,35841.296,25283.924,9.221,23.396,28.102,3.87,4943387.031,10.302
17837,469,35934.214,30072.401,131.99,1059.636,0,2.59,2213465.666,8.991
17838,470,9910.671,39279.531,121.475,646.342,1.675,3.71,4542157.368,12.299
17839,470,9971.942,38944.352,136.853,919.463,0,2.977,2924338.403,10.571
17840,470,10397.913,37843.613,3.991,15.219,46.165,1.803,1073309.856,9.512
17841,470,10561.662,36795.604,9.296,46.266,42.433,3.769,4688477.577,6.446
17842,470,10722.28,35077.611,173.31,2416.142,0,6.144,12456719.323,9.828
17843,470,10734.959,35402.407,155.489,1878.402,0,7.284,17512174.255,11.079
17844,470,10878.409,33025.725,135.865,961.42,0,3.256,3499717.166,10.44
17845,470,11025.5,33949.195,167.319,1816.321,0.482,2.397,1896048.273,8.515
17846,470,11041.21,37835.746,7.711,61.804,35.754,3.5,4042405.854,5.071
17847,470,11207.666,36841.718,193.964,1913.626,0,7.324,17702844.85,15.638
17848,470,11298.684,34901.526,44.32,102.921,52.859,4.142,5661149.202,12.51
17849,470,21944.493,29916.137,42.541,62.739,28.404,2.677,2365667.38,14.154
17850,470,21980.471,30160.751,194.462,1726.064,0,2.049,1384942.902,10.165
17851,470,23814.249,29467.371,123.986,780.778,0,4.109,5571071.206,11.543
17852,470,26920.752,14028.909,122.983,612.7,0,3.551,4160300.834,12.76
17853,470,27222.339,13241.171,136.924,692.893,0,5.359,9477297.164,16.753
17854,470,27399.02,14672.049,103.094,535.867,0,3.677,4462800.354,11.194
17855,470,27987.022,15624.237,82.177,330.195,4.455,3.681,4471627.877,11.572
17856,470,28693.219,15338.775,169.24,1101.976,0,2.812,2608901.361,12.115
17857,470,28809.401,16129.157,160.757,1357.023,0,3.022,3013420.411,10.14
17858,470,29998.928,35517.417,4.14,23.01,17.79,2.295,1738534.44,7.806
17859,470,34195.648,27752.274,34.325,49.615,27.994,1.56,802609.297,11.586
17860,470,35811.723,25271.867,129.121,674.153,0,3.878,4963600.982,13.229
17861,470,35929.141,24452.701,134.457,514.772,1.36,0.599,118345.242,12.018
17862,470,35929.221,30090,168.668,1284.365,0,2.819,2621715.106,10.946
17863,471,9972.422,38929.968,109.783,815.721,0,4.763,7487707.691,10.059
17864,471,10233.504,38177.948,31.289,28.179,39.24,1.475,718130.159,14.669
17865,471,10322.498,37921.186,5.761,38.908,42.72,5.433,9741663.955,7.514
17866,471,10625.129,36540.786,141.922,1189.77,0,3.8,4765661.522,10.078
17867,471,10731.429,35392.934,91.285,327.541,39.67,1.737,995672.677,10.98
17868,471,10724.15,35197.472,9.691,49.631,62.57,4.103,5556607.964,6.391
17869,471,10834.876,33002.687,141.241,875.756,0,2.608,2245134.965,10.956
17870,471,11050.863,37875.493,105.767,747.973,0,6.702,14825886.235,12.048
17871,471,11203.875,36478.047,4.486,27.544,40.296,3.792,4746423.483,8.048
17872,471,11279.991,36787.543,7.922,40.978,48.121,4.69,7258236.01,7.208
17873,471,11263.149,34915.18,65.913,77.995,42.192,1.481,723383.93,17.24
17874,471,21556.061,30534.131,173.513,1112.873,0,4.144,5666540.463,14.462
17875,471,23795.519,29447.462,126.64,938.315,0,2.513,2084118.691,9.158
17876,471,26720.989,13594.045,8.052,35.802,30.699,2.876,2730497.913,6.829
17877,471,27245.718,13304.637,29.357,17.712,31.099,2.85,2680777.268,23.914
17878,471,28791.797,16135.677,66.568,83.692,25.123,3.519,4086224.808,23.358
17879,471,30081.127,35516.128,6.143,20.821,17.245,2.287,1726783.292,8.616
17880,471,34197.624,27771.158,140.714,959.577,0,4.719,7351358.067,12.655
17881,471,35929.334,30071.581,65.375,161.166,14.393,2.64,2299459.87,12.542
17882,471,36019.708,24368.312,116.373,420.667,0,2.446,1975415.377,13.466
17883,471,36319.041,26719.807,5.665,29.493,26.918,5.032,8356114.628,8.868
17884,472,9846.959,39363.335,6.65,28.913,38.393,2.97,2911252.087,7.574
17885,472,9993.897,38944.626,123.199,841.516,0,3.592,4257463.607,10.355
17886,472,10320.829,37922.921,4.368,48.304,53.988,3.118,3209263.753,5.342
17887,472,10626.181,32951.73,142.073,905.034,0,6.008,11913968.538,15.361
17888,472,10700.45,35014.252,126.007,1323.605,10.589,4.843,7740027.033,8.72
17889,472,10726.244,35438.389,8.083,48.507,54.227,5.989,11836408.07,7.13
17890,472,11072.856,33972.095,173.401,1710.339,0,2.952,2874913.679,9.58
17891,472,11197.751,36472.344,10.005,35.992,39.801,4.03,5359250.091,7.946
17892,472,11282.926,34997.77,47.537,66.411,49.664,1.897,1187976.557,13.983
17893,472,21568.319,30535.422,49.259,29.085,28.765,1.296,554302.071,22.138
17894,472,23919.902,29361.249,2.638,58.505,29.861,2.436,1958858.844,4.527
17895,472,26526.377,12680.634,109.102,410.184,0,1.741,999813.661,11.773
17896,472,26718.306,13516.904,10.726,28.809,32.616,2.389,1884134.773,8.107
17897,472,27279.621,13296.006,54.554,105.515,21.414,2.728,2455376.972,13.459
17898,472,27352.913,14708.057,207.543,1739.219,0,2.263,1690669.921,11.117
17899,472,27625.979,14097.084,85.498,258.853,16.649,3.806,4781023.805,14.716
17900,472,27995.393,15615.279,107.197,442.165,0.515,2.56,2163454.558,11.928
17901,472,28608.353,16051.28,56.571,91.465,20.181,3.598,4273311.316,17.524
17902,472,30108.175,35489.746,83.414,223.525,1.62,3.911,5046926.85,16.056
17903,472,34141.262,27753.526,64.643,109.666,18.221,1.963,1271672.201,14.589
17904,472,35840.492,25518.323,2.6,25.552,27.621,4.478,6616991.494,8.826
17905,472,35999.764,30192.095,33.927,51.861,28.097,2.504,2068930.142,12.317
17906,473,9899.613,39320.298,103.13,368.727,10.515,2.312,1763765.489,12.426
17907,473,9960.598,38964.8,89.782,216.334,23.902,2.537,2124403.393,15.146
17908,473,10222.267,38177.292,145.824,1153.135,0,5.668,10602536.066,12.76
17909,473,10368.773,37893.782,142.08,1465.494,0,4.805,7620240.792,9.535
17910,473,10387.859,39407.184,39.044,45.271,33.226,7.416,18147614.884,30.545
17911,473,10672.466,32970.085,147.517,1184.636,0,5.087,8539040.666,12.024
17912,473,10722.157,35235.008,124.005,1156.948,15.857,5.93,11603330.383,10.236
17913,473,10738.989,35479.451,92.04,264.985,49.164,3.402,3819759.714,15.236
17914,473,10832.234,32978.472,122.722,883.609,0,6.351,13311900.979,12.865
17915,473,10962.254,34558.764,4.133,31.426,51.512,2.471,2014851.517,6.577
17916,473,11037.866,33884.056,174.491,1182.464,17.124,3.291,3573891.85,12.669
17917,473,11007.757,37877.055,161.948,1479.18,0,3.22,3422028.564,9.856
17918,473,11235.257,36375.305,145.968,1093.047,0,1.689,941140.672,9.317
17919,473,11207.506,36841.523,202.897,2021.095,0,3.491,4022939.254,11.022
17920,473,11280.303,35201.213,1.487,29.714,54.586,4.789,7569294.647,8.07
17921,473,11512.216,9512.477,4.296,13.443,24.296,3.338,3677628.202,12.649
17922,473,22882.721,30102.262,82.81,152.009,27.319,2.592,2216529.978,17.474
17923,473,23759.538,28890.984,47.375,91.953,24.093,2.455,1988496.988,12.121
17924,473,23966.415,29381.209,75.394,189.548,20.138,2.983,2936606.767,14
17925,473,26718.981,12712.483,6.708,27.134,21.497,1.982,1296002.836,7.275
17926,473,26885.269,13891.063,90.253,200.214,14.189,3.996,5268713.05,19.859
17927,473,27364.544,14646.46,8.979,33.132,30.699,1.986,1301566.478,6.887
17928,473,27680.36,14081.062,7.942,27.891,30.606,2.67,2352408.123,7.801
17929,473,34272.363,28486.069,116.864,613.013,0,1.929,1228038.602,10.252
17930,473,35420.668,27770.463,129.458,628.343,0,3.506,4057432.538,13.381
17931,473,35509.271,30403.493,5.411,16.156,24.73,1.953,1258432.204,9.564
17932,473,35952.979,25404.489,40.267,28.263,28.178,3.711,4543912.591,28.543
17933,473,35994.228,30154.799,8.402,20.046,30.432,4.173,5747339.115,11.653
17934,473,36320.398,26639.228,8.779,35.002,25.909,5.176,8842194.866,8.651
17935,474,9998.054,38971.645,144.685,980.662,9.274,0.837,231001.317,9.381
17936,474,10394.208,37871.006,238.269,3204.274,0,3.616,4316131.693,10.15
17937,474,10431.256,39250.025,44.819,35.57,41.98,2.644,2307244.679,22.445
17938,474,10640.631,36557.626,7.876,44.918,36.923,4.559,6858785.966,6.689
17939,474,10679.612,35040.914,2.592,25.201,60.536,2.34,1807009.618,7.27
17940,474,10706.78,35486.401,160.861,2030.001,0,2.811,2607321.023,7.828
17941,474,10730.087,32971.62,177.718,1988.404,0,5.088,8545108.941,10.765
17942,474,10959.345,33916.826,1.801,25.038,43.898,6.161,12527855.669,10.558
17943,474,11036.986,37866.408,114.188,613.478,9.447,2.684,2378015.017,10.623
17944,474,11173.078,36861.635,46.205,89.426,39.871,3.576,4219525.883,13.659
17945,474,11274.565,34889.258,162.126,1901.716,0,3.447,3921466.277,8.575
17946,474,11267.116,36399.89,29.936,49.781,41.31,3.912,5049197.937,13.149
17947,474,11455.217,9553.769,111.812,503.071,0,4.985,8202380.496,15.121
17948,474,23279.914,29094.004,168.116,1176.058,0,3.539,4132883.927,12.42
17949,474,23785.837,28872.511,52.006,83.747,21.415,3.089,3148018.992,15.587
17950,474,24000.273,29360.756,5.94,39.832,35.522,6.247,12878360.539,7.945
17951,474,27280.273,13256.168,110.756,424.871,11.897,2.598,2226711.767,12.792
17952,474,28559.816,16075.528,7.408,12.593,39.939,3.087,3143987.897,13.788
17953,474,28666.033,15320.563,172.285,1020.028,0,2.516,2088628.879,12.618
17954,474,35521.917,30478.557,6.19,24.144,40.698,6.182,12612298.371,11.819
17955,474,35783.268,29950.899,132.635,767.493,0,3.528,4108292.699,12.069
17956,474,35990.38,30138.807,201.689,1440.139,0,1.811,1082111.805,11.544
17957,475,9894.007,39319.193,148.582,990.379,0,5.4,9623577.533,14.391
17958,475,9999.266,38957.17,2.105,34.358,36.132,3.202,3383389.452,6.412
17959,475,10374.559,37902.569,138.675,1391.502,0,4.17,5738360.019,9.085
17960,475,10431.377,39219.447,175.279,1774.79,0,5.521,10060037.013,11.942
17961,475,10742.571,34928.827,184.537,2296.486,0,3.373,3753594.06,8.897
17962,475,10721.558,36559.522,4.103,41.11,41.985,5.679,10644386.871,7.115
17963,475,10799.681,32958.318,8.393,65.101,43.289,5.032,8357537.79,5.478
17964,475,10964.83,33673.884,154.428,1575.16,0,3.096,3163177.033,8.85
17965,475,11024.817,37910.52,125.299,994.907,0,7.106,16666217.443,12.933
17966,475,11057.217,34448.267,124.998,1220.217,0,6.933,15862481.441,10.796
17967,475,11278.258,36079.292,10.885,36.699,35.983,5.059,8446637.682,8.885
17968,475,11461.155,9531.049,111.995,429.414,0,1.926,1224632.123,12.013
17969,475,21935.179,30560.372,138.498,733.603,0,3.467,3965769.707,13.114
17970,475,23785.465,28851.301,66.757,122.808,15.315,1.993,1311237.022,14.167
17971,475,23997.32,29372.382,150.02,1083.704,0,2.541,2130442.462,10.279
17972,475,27296.625,13265.348,106.137,502.16,0,4.826,7686180.307,13.763
17973,475,28713.228,15999.962,4.176,10.287,34.925,1.483,725988.839,11.604
17974,475,28875.231,16154.233,9.38,18.281,30.805,4.83,7698790.278,14.052
17975,475,32690.037,26068.265,104.622,387.679,0,3.792,4746023.476,14.525
17976,475,35518.072,27717.453,3.164,24.074,28.235,3.505,4053163.691,8.392
17977,475,35518.034,30400.003,1.404,20.984,31.551,2.559,2161873.907,8.209
17978,475,35812.806,25363.055,12.129,10.584,30.548,4.025,5345424.209,21.776
17979,475,36000.277,30235.661,6.921,56.476,29.952,5.114,8630960.647,5.812
17980,475,36144.758,24516.679,53.002,75.218,16.762,3.62,4323802.605,18.67
17981,475,36378.655,26225.71,103.543,423.942,0,4.02,5334549.346,13.775
17982,476,10561.172,33035.562,2.168,34.762,37.553,2.218,1623102.58,5.959
17983,476,10445.938,39127.212,45.082,45.057,44.116,3.553,4166894.059,22.13
17984,476,10703.239,34991.415,131.287,1319.325,0,3.404,3823826.104,8.287
17985,476,10719.343,35358.372,4.585,37.967,57.833,4.573,6900220.219,6.936
17986,476,10674.506,35717.653,183.116,2036.314,0,6.773,15137564.455,12.869
17987,476,10646.949,36563.958,7.292,18.66,45.358,4.091,5523343.032,11.77
17988,476,10762.46,32944.576,171.68,1371.297,0,3.633,4356112.612,11.614
17989,476,11033.073,37881.477,86.371,170.345,31.73,0.953,299989.652,13.942
17990,476,11015.632,33998.577,225.613,3163.081,0,3.544,4145683.731,9.479
17991,476,11191.798,34867.493,256.192,4324.35,0,3.297,3588073.433,8.951
17992,476,11286.033,35094.54,64.059,114.506,44.11,5.158,8780047.13,21.765
17993,476,22826.737,30079.624,154.909,981.118,0,2.438,1961585.775,11.25
17994,476,24081.049,29250.732,80.6,208.529,11.832,4.121,5603911.496,16.551
17995,476,26752.781,13526.904,150.563,1028.88,0,4.482,6628390.289,12.937
17996,476,27308.736,13303.598,82.63,254.143,10.152,2.526,2105459.89,12.28
17997,476,32660.071,26141.826,83.661,268.132,9.204,2.77,2533000.698,12.367
17998,476,33115.612,27238.231,3.129,13.282,25.661,3.402,3820188.113,12.634
17999,476,35474.971,29450.683,153.54,777.208,1.078,3.77,4691542.812,15.081
18000,476,35875.245,25343.813,117.177,396.172,7.902,2.422,1936236.423,14.078
18001,476,36080.188,30320.39,0.837,35.071,27.826,1.695,947798.586,5.722
18002,476,36159.127,24481.536,3.762,38.918,25.396,2.213,1616887.067,5.693
18003,477,10353.907,37989.186,104.526,592.439,26.081,2.064,1406147.508,9.32
18004,477,10478.142,39117.676,8.406,25.242,47.067,3.752,4646736.754,9.389
18005,477,10719.361,34969.098,6.296,30.848,59.883,5.295,9253892.3,8.936
18006,477,10680.312,36447.499,97.191,501.851,14.703,5.022,8323476.247,12.357
18007,477,10666.977,38806.715,94.46,240.359,32.437,2.832,2646749.607,15.677
18008,477,10798.827,32881.714,4.143,39.361,42.073,2.955,2880738.155,5.95
18009,477,10987.034,33653.709,138.783,1087.374,0,5.187,8878104.495,11.833
18010,477,11066.24,34032.795,125.178,1061.203,0,4.216,5866655.682,9.557
18011,477,11089.982,37872.804,0.705,15.365,41.597,6.721,14907878.053,16.824
18012,477,11280.284,36434.437,0.794,16.137,46.094,3.101,3173930.389,10.336
18013,477,11281.315,34880.501,6.472,56.368,58.531,6.945,15918319.375,6.541
18014,477,11487.357,9521.997,56.5,94.198,22.961,1.966,1275720.951,13.753
18015,477,23230.665,29140.904,125.982,697.872,0,5.162,8794135.372,14.322
18016,477,23848.353,29492.005,124.713,522.423,7.429,4.96,8117341.365,17.314
18017,477,24031.432,29249.97,103.367,460.843,0,1.924,1221898.606,10.522
18018,477,26722.338,13528.47,11.394,40.431,25.899,2.806,2598157.602,6.978
18019,477,27193.646,14415.738,18.87,24.436,33.701,4.383,6340402.076,15.513
18020,477,27328.121,13305.883,139.417,767.594,0,3.326,3649663.655,12.626
18021,477,28632.828,16080.498,8.725,19.832,38.35,1.977,1289495.171,9.197
18022,477,32581.806,26107.232,40.317,68.054,36.1,4.328,6181012.134,15.479
18023,477,35002.367,29936.158,116.071,618.789,0,2.67,2352870.285,10.764
18024,477,35425.669,30386.577,96.08,404.049,0,1.163,446367.47,9.945
18025,477,35517.228,27751.697,9.151,29.712,35.22,4.482,6629504.543,9.232
18026,477,35832.414,25342.977,112.756,418.176,6.926,3.173,3323047.574,14.156
18027,477,36098.578,24457.894,83.654,222.29,6.68,1.745,1005373.255,12.474
18028,477,36076.197,30299.606,53.02,88.31,18.075,2.218,1623516.86,13.736
18029,477,36342.757,25576.576,106.533,487.409,0,1.658,906701.542,10.329
18030,478,9905.571,39345.609,123.69,854.12,0,3.278,3547272.555,10.026
18031,478,10438.746,39182.502,51.182,97.085,33.642,2.674,2359619.298,13.102
18032,478,10729.623,35009.287,202.844,2626.285,0,2.831,2644990.017,8.834
18033,478,10748.183,35433.523,181.857,2992.305,0,6.761,15086031.718,9.431
18034,478,10631.817,38796.539,8.725,24.892,43.444,3.77,4689862.534,9.594
18035,478,11007.197,33956.61,75.186,236.755,27.524,4.046,5402860.125,13.52
18036,478,11038.072,36958.25,2.938,33.726,52.457,3.45,3928208.365,6.672
18037,478,11044.144,37839.486,2.994,34.897,44.142,4.713,7329798.487,7.254
18038,478,11131.369,34573.765,67.604,131.565,51.107,3.4,3814916.66,16.575
18039,478,11276.969,34918.147,157.973,2169.338,0,5.129,8682544.871,8.612
18040,478,11268.792,36366.123,134.952,1006.682,0,2.207,1607625.503,9.252
18041,478,11478.509,9506.833,114.666,476.128,0,5.99,11842926.129,18.425
18042,478,26729.005,13491.665,187.787,1521.699,0,2.176,1562132.077,10.614
18043,478,26855.718,13794.891,185.115,1395.379,0,6.041,12044295.331,16.574
18044,478,28710.471,15981.736,225.15,1971.242,0,1.941,1243412.959,11.046
18045,478,30005.237,35522.291,4.517,24.782,18.994,3.08,3131367.741,8.065
18046,478,32617.574,26126.45,161.437,1026.063,0,1.73,987777.464,10.817
18047,478,34995.495,29936.572,153.878,859.503,0,5.028,8344631.005,16.307
18048,478,35373.632,29340.956,122.572,665.273,0,4.505,6697161.511,13.284
18049,478,35442.865,30352.55,44.229,46.663,22.149,2.288,1727567.226,17.108
18050,478,35882.171,25413.544,78.614,204.098,14.518,2.952,2875981.575,13.997
18051,478,36112.712,24450.283,50.299,48.9,18.433,1.846,1124038.248,17.938
18052,478,36082.299,30352.936,44.694,60.417,19.369,1.567,810649.742,13.354
18053,479,10396.943,38002.093,6.835,40.561,46.69,4.663,7175015.213,7.028
18054,479,10503.459,38965.782,188.412,1932.003,0,1.955,1261721.185,9.138
18055,479,10723.879,35356.741,7.981,46.675,70.515,7.879,20484768.777,8.491
18056,479,10626.16,36534.124,0.086,6.698,56.363,7.739,19762696.987,40.6
18057,479,10884.434,33041.533,6.64,26.709,34.389,3.119,3210918.841,8.074
18058,479,11125.516,37394.947,164.775,1331.078,0,4.189,5791781.439,11.85
18059,479,11235.769,36159.306,2.512,21.894,50.311,5.584,10289527.609,11.158
18060,479,11289.523,34918.399,78.279,264.128,47.653,2.335,1799738.333,11.036
18061,479,11441.329,9440.039,4.303,38.962,29.551,4.279,6041205.593,6.62
18062,479,21967.729,29896.464,104.979,637.153,0,3.697,4511238.168,10.221
18063,479,23172.684,29137.408,110.511,543.951,0,3.428,3879054.146,11.843
18064,479,24004.667,29439.173,8.056,33.42,35.721,3.442,3909091.048,7.464
18065,479,26640.398,13477.887,1.819,33.061,33.777,5.307,9295107.098,7.848
18066,479,27120.862,14437.37,2.172,23.429,35.772,3.744,4626120.228,8.663
18067,479,27399.881,14708.317,46.602,57.981,34.693,5.63,10462179.039,25.586
18068,479,28675.602,16003.422,138.804,889.645,0,1.604,849154.192,9.829
18069,479,28735.414,15381.833,192.779,1443.439,0,2.654,2324691.565,11.829
18070,479,32527.536,26072.612,103.984,459.895,0,4.81,7635106.27,14.254
18071,479,34960.938,29947.819,2.875,17.536,25.851,5.482,9919176.235,13.276
18072,479,35407.376,29373.63,130.385,641.175,0,2.585,2204899.658,12.043
18073,479,35416.584,30363.931,154.204,900.386,0,2.699,2403261.077,12.114
18074,479,36056.537,30425.286,61.626,96.596,21.088,3.21,3400502.202,17.858
18075,480,9922.25,39042.807,6.016,31.949,35.522,3.49,4020562.407,7.322
18076,480,10339.048,37954.875,46.897,41.258,40.436,4.565,6877587.762,29.734
18077,480,10721.817,34927.085,167.043,1945.884,0,7.166,16945613.751,11.938
18078,480,10719.725,35439.201,7.052,43.502,65.465,2.943,2858693.83,5.947
18079,480,10822.985,33043.936,220.661,2407.363,0,3.198,3374396.58,10.665
18080,480,11039.651,36883.073,8.135,27.494,52.677,3.725,4579909.812,8.752
18081,480,11047.318,37860.924,139.77,1145.578,0,5.217,8981356.566,11.533
18082,480,11203.646,34557.971,7.067,27.735,52.444,2.755,2504917.62,7.708
18083,480,11155.372,37338.365,57.198,90.567,38.466,0.844,235322.153,12.788
18084,480,11234.996,34910.282,127.827,1531.595,0,6.122,12368403.351,8.831
18085,480,11199.152,36119.874,163.06,1541.36,0,4.61,7014989.597,10.955
18086,480,11461.908,9451.498,107.795,574.684,0,3.204,3387926.214,10.816
18087,480,21943.597,29888.128,100.487,518.414,0,3.514,4074687.227,10.897
18088,480,24051.57,29341.364,149.369,911.512,0,2.401,1902784.291,11.224
18089,480,26678.954,13480.58,112.452,671.063,0,4.621,7047357.956,11.806
18090,480,27199.112,14407.755,8.382,37.163,32.338,4.203,5830099.958,7.5
18091,480,27277.053,13305.435,126.962,642.443,0,1.414,659803.716,10.543
18092,480,27507.551,14684.544,174.7,1291.552,0,1.295,553681.606,10.086
18093,480,28799.397,15358.151,2.583,62.19,27.737,5.318,9332413.559,5.083
18094,480,28909.938,16107.99,1.97,7.798,31.594,3.41,3837078.917,18.851
18095,480,32528.259,26093.563,129.915,615.501,0,4.536,6790638.431,15.407
18096,480,35399.83,30337.763,106.659,511.975,0,3.699,4515616.83,12.112
18097,480,36096.651,30432.002,112.91,577.462,0,1.055,367103.028,9.673
18098,481,9947.735,39003.267,90.66,240.136,21.333,5.316,9327552.479,20.628
18099,481,10355.436,37985.564,77.562,261.262,31.693,3.206,3393050.616,11.986
18100,481,10523.792,38746.792,135.324,1060.489,0,3.961,5177840.038,10.372
18101,481,10658.207,36537.774,160.464,1459.242,0,1.951,1255950.106,8.946
18102,481,10573.829,39004.41,130.769,1061.207,0,5.248,9090702.954,11.113
18103,481,10710.194,34915.852,93.494,511.063,12.215,3.122,3216042.147,9.701
18104,481,10730.017,35340.041,147.871,1933.316,0,7.245,17325430.836,9.996
18105,481,10720.322,35600.335,2.865,64.437,51.607,4.31,6130950.374,4.699
18106,481,10957.83,33607.069,4.872,42.892,49.909,5.58,10275826.615,6.946
18107,481,10962.007,34004.137,6.687,30.103,54.593,4.088,5514959.605,8.181
18108,481,11091.78,37372.634,66.674,81.261,35.53,2.173,1557966.022,18.995
18109,481,11061.315,37869.81,131.145,1134.351,0,6.037,12026525.904,11.389
18110,481,11154.898,34584.141,1.396,12.136,55.864,6.421,13605579.927,20.089
18111,481,11173.685,36726.468,184.128,2388.882,0,3.403,3821016.956,8.675
18112,481,11284.211,34930.662,52.165,110.411,54.788,2.135,1504884.012,11.64
18113,481,11266.611,36220.619,170.943,1533.507,0,6.096,12264431.33,13.597
18114,481,11512.14,9445.779,124.62,801.26,0,2.341,1809168.266,9.742
18115,481,21601.238,30639.209,2.554,28.359,27.238,3.28,3549386.475,7.318
18116,481,21986.42,29872.206,86.797,195.862,19.472,3.265,3517230.778,17.165
18117,481,26678.73,13421.081,75.672,108.169,19.514,3.687,4486774.318,23.69
18118,481,27410.199,14733.658,106.496,629.074,0,2.813,2610644.255,9.723
18119,481,28798.657,15358.041,5.442,34.361,32.006,3.643,4380186.557,6.985
18120,481,30185.621,35381.623,140.373,539.767,0,3.516,4080230.7,16.759
18121,481,34232.068,28472.876,53.646,59.223,22.071,2.277,1710669.695,18.283
18122,481,35413.636,29352.68,107.056,499.896,0,2.623,2270125.493,11.095
18123,482,10320.944,38001.546,1.38,27.103,48.832,3.564,4192928.156,7.66
18124,482,10556.257,32958.69,174.225,1276.565,0,4.106,5564567.518,13.1
18125,482,10732.865,34940.558,57.751,141.373,44.022,0.886,259201.523,10.245
18126,482,10664.601,36479.219,1.926,23.906,47.244,2.917,2808545.578,7.853
18127,482,10820.306,32906.492,171.413,1321.713,0,1.874,1158908.841,10.13
18128,482,10952.977,33684.222,6.462,41.03,55.698,4.732,7390822.16,6.945
18129,482,10998.062,34000.584,43.08,36.73,59.342,3.511,4068286.463,24.336
18130,482,11041.165,35559.327,196.046,2963.443,0,3.977,5220794.518,8.54
18131,482,11066.705,37810.276,33.167,46.861,42.489,4.348,6239218.85,16.315
18132,482,11128.957,36764.275,31.597,54.516,49.768,3.014,2997603.418,11.755
18133,482,11154.754,37366.131,189.329,2104.882,0,3.053,3075653.57,9.459
18134,482,11212.604,34531.5,134.242,1524.073,0,5.833,11227561.647,9.297
18135,482,11222.455,36198.049,132.624,903.717,0,2.895,2765616.252,10.205
18136,482,11290.648,34941.874,141.126,1823.744,0,3.677,4462246.156,7.543
18137,482,11491.334,9436.002,100.806,652.012,0,5.742,10881736.156,11.451
18138,482,21873.675,30611.776,83.511,190.398,13.166,3.537,4129198.132,17.251
18139,482,23755.461,28910.066,61.118,85.852,22.031,1.39,637617.097,14.81
18140,482,26666.844,13477.158,78.624,250.459,19.566,4.068,5461766.807,13.836
18141,482,27437.713,14719.215,8.118,50.526,28.336,3.116,3203512.651,5.653
18142,482,28810.332,15409.138,172.826,1110.918,0,3.06,3090331.376,12.719
18143,482,28858.775,16184.226,40.318,45.732,32.757,1.541,784089.222,14.139
18144,482,34195.636,28444.598,75.184,186.738,14.336,4.108,5568028.75,16.259
18145,482,35041.167,30002.063,10.859,42.548,21.327,4.223,5884378.361,7.422
18146,482,37318.833,25688.061,5.883,14.657,24.911,2.279,1713994.929,10.663
18147,483,9965.246,39007.157,120.633,858.417,0,2.343,1811389.935,9.015
18148,483,10748.175,34908.672,176.042,2169.218,0,5.997,11867502.789,10.773
18149,483,10730.935,35476.073,157.096,2210.578,0,3.742,4620772.079,7.664
18150,483,10721.832,36484.439,10.61,35.879,45.757,2.582,2200065.141,7.192
18151,483,10966.789,33707.192,150.641,1390.495,0,5.872,11377086.922,11.828
18152,483,11000.699,33919.892,3.136,15.495,49.151,2.304,1752215.104,9.828
18153,483,11040.361,35544.68,36.413,65.103,53.827,7.539,18755743.715,20.211
18154,483,11042.22,37841.765,5.808,22.387,37.947,2.58,2196699.311,8.413
18155,483,11154.148,34594.275,164.453,2087.01,0,7.054,16420706.556,10.921
18156,483,11134.014,36746.306,195.118,2439.48,0,5.984,11817965.174,11.491
18157,483,11200.944,37343.787,79.267,185.813,22.93,1.599,844218.546,12.855
18158,483,11298.384,34944.537,196.897,3438.759,0,4.364,6284979.47,8.016
18159,483,11269.793,36366.251,204.276,2323.572,0,3.935,5110023.899,10.554
18160,483,11491.945,9438.874,120.924,734.443,0,5.709,10759948.252,13.682
18161,483,21920.356,30559.824,0.979,30.576,25.695,2.974,2918456.963,6.723
18162,483,23961.795,29484.066,131.134,671.91,0,2.539,2128226.303,11.722
18163,483,26680.486,13419.775,113.684,600.037,0,3.985,5240444.665,12.179
18164,483,27269.963,13288.49,175.545,1162.866,0,2.989,2948626.389,12.497
18165,483,27485.072,14806.462,137.718,873.356,0,3.339,3678651.748,11.404
18166,483,28748.71,16003.849,269.911,2999.182,0,1.966,1275431.46,10.697
18167,483,34195.648,28493.18,44.561,32.75,35.502,1.931,1230481.961,20.655
18168,483,35385.937,30327.722,66.418,103.774,20.356,2.763,2519471.404,17.518
18169,483,37199.918,25720.079,2.902,25.967,27.772,3.678,4463781.836,8.083
18170,484,9913.171,39328.238,37.757,32.446,29.253,2.481,2030703.889,18.927
18171,484,9952.126,39006.95,57.745,126.795,28.94,2.636,2293558.369,12.629
18172,484,10306.638,37969.085,118.253,811.665,0,1.98,1294381.916,8.89
18173,484,10496.713,39070.219,73.015,152.685,35.742,2.573,2185209.593,14.767
18174,484,10733.584,35506.878,163.529,2457.041,0,6.177,12591107.306,8.944
18175,484,10671.674,36483.059,191.767,1843.599,0,4.423,6455539.402,11.91
18176,484,10801.076,34801.194,1.957,23.916,51.242,3.807,4782865.516,8.579
18177,484,10819.65,33000.674,149.072,1356.706,0,3.886,4984327.045,9.923
18178,484,10957.142,34559.935,4.846,26.931,47.739,3.055,3080751.03,7.674
18179,484,11028.927,34020.417,145.303,1016.226,23.588,4.936,8039386.902,12.994
18180,484,11002.732,37943.322,172.168,1542.741,0,2.651,2319867.043,9.875
18181,484,11200.834,36541.732,1.338,31.862,47.789,3.887,4985213.111,7.076
18182,484,11160.967,36790.813,201.957,2013.775,9.753,4.495,6668065.37,12.121
18183,484,11299.139,34984.385,99.821,377.449,47.247,2.73,2459488.246,12.297
18184,484,11520.072,9440.29,2.068,66.66,27.855,5.331,9379372.952,4.835
18185,484,21870.539,30525.224,75.961,105.912,33.127,1.531,773957.709,16.961
18186,484,23739.492,28881.31,133.829,719.703,0,2.75,2495584.811,11.757
18187,484,23914.444,29519.87,7.663,28.574,33.094,3.56,4183608.693,8.275
18188,484,27205.116,14502.463,32.396,52.825,24.77,3.507,4058231.148,13.059
18189,484,28739.386,16183.241,57.837,78.432,27.138,2.094,1447479.115,16.136
18190,484,35031.763,29976.325,97.043,312.929,8.181,3.176,3327830.406,14.149
18191,484,37171.351,25740.626,72.565,179.624,13.876,2.833,2648398.718,13.577
18192,485,9921.088,39277.102,10.272,48.112,31.786,2.579,2195820.697,5.994
18193,485,9953.583,39019.036,127.317,1063.617,0,3.795,4752148.791,9.422
18194,485,10386.055,38023.662,21.674,21.047,46.288,3.503,4049691.328,17.29
18195,485,10521.302,39045.889,161.605,1507.066,0,4.646,7124491.561,11.029
18196,485,10720.859,34940.979,54.889,70.619,55.859,3.366,3738483.247,19.772
18197,485,10705.57,35560.961,109.995,1052.207,20.039,3.531,4114100.509,7.762
18198,485,10980.656,33162.254,115.12,763.058,0,1.3,557770.047,8.616
18199,485,11011.243,34051.11,200.808,2350.947,0,5.991,11845659.715,12.361
18200,485,11043.003,37840.905,6.355,28.893,43.815,3.093,3157582.964,7.605
18201,485,11220.643,36727.691,68.308,160.892,39.796,1.531,773284.206,11.805
18202,485,11308.114,34959.429,139.572,1811.597,0,5.931,11610772.796,8.737
18203,485,11521.928,9459.648,124.973,759.754,0,2.028,1357640.942,9.847
18204,485,21680.37,30638.853,6.664,29.665,36.34,3.816,4805405.843,8.049
18205,485,23792.469,28929.865,60.098,140.05,17.212,5.012,8288789.434,16.465
18206,485,23883.682,29502.491,134.48,709.885,4.242,3.102,3176064.024,12.385
18207,485,27199.36,14464.52,44.917,94.689,27.998,3.519,4087558.723,12.59
18208,485,37279.833,25756.158,1.595,38.026,24.419,3.785,4728007.482,6.261
18209,486,9844.686,39359.41,4.148,44.618,33.431,5.235,9042789.445,6.483
18210,486,10560.042,39038.936,1.402,31.611,47.114,5.687,10671493.443,8.374
18211,486,10540.319,38696.041,224.872,2862.309,0,3.046,3062233.396,9.658
18212,486,10695.169,32937.564,45.864,54.207,33.111,1.378,627038.464,14.3
18213,486,10702.038,35490.38,146.118,1630.091,18.474,2.933,2839673.735,8.026
18214,486,10689.481,36521.147,119.013,934.085,0,5.694,10701062.163,11.088
18215,486,10765.358,35178.027,52.122,82.532,59.99,4.481,6627784.941,19.166
18216,486,10899.999,38179.33,144.947,1116.646,0,5.902,11494624.719,13.26
18217,486,10997.548,37904.77,120.745,750.914,9.672,4.017,5326044.659,11.338
18218,486,11192.141,36712.161,4.803,18.872,42.866,2.852,2683391.862,9.464
18219,486,11304.067,34974.818,141.148,1528.276,0,4.096,5537323.727,8.689
18220,486,11544.658,9471.947,83.531,248.438,10.613,1.422,667091.39,11.366
18221,486,21919.985,29762.57,29.482,53.767,23.576,2.58,2196369.706,10.595
18222,486,21937.071,30527.497,107.852,480.492,0,1.576,819509.172,10.491
18223,486,23314.164,29810.123,26.325,17.34,27.907,2.923,2820071.347,21.939
18224,486,23875.145,29503.698,96.125,282.983,18.994,3.764,4675606.263,16.181
18225,486,27180.203,14428.995,51.152,96.976,36.455,2.895,2765900.426,13.454
18226,486,35737.032,26061.839,117.89,459.978,0,2.977,2925346.411,13.745
18227,486,37281.901,25515.639,6.043,36.202,23.553,3.371,3749575.353,6.697
18228,487,10239.088,38317.904,3.817,44.578,39.036,3.576,4221256.388,5.72
18229,487,10380.038,38040.722,122.153,851.201,0,3.622,4329752.485,10.192
18230,487,10507.381,39112.197,38.805,84.954,41.749,3.647,4389660.623,11.608
18231,487,10717.639,35199.821,6.242,75.139,58.399,7.863,20401399.31,5.578
18232,487,10690.391,35499.568,183.6,3129.324,0,4.149,5680975.425,7.678
18233,487,10699.627,36483.191,167.193,1739.609,0,4.438,6499797.138,10.256
18234,487,10769.463,32955.581,73.273,189.55,26.9,4.935,8036688.471,17.162
18235,487,10784.006,34799.894,0.868,33.926,55.886,6.472,13821982.899,8.483
18236,487,10903.051,33134.054,141.572,1192.406,0,6.197,12672391.963,12.487
18237,487,11299.103,34911.278,45.041,90.124,64.511,6.667,14666847.469,18.798
18238,487,11592.194,9460.319,76.137,144.801,14.034,2.372,1857011.437,15.695
18239,487,21921.878,29762.26,2.683,28.513,30.864,3.936,5113538.923,7.753
18240,487,23854.277,29514.628,115.209,598.651,8.974,5.782,11034279.683,15.044
18241,487,27197.865,14412.83,141.849,1004.357,0,6.258,12923891.643,14.443
18242,487,35033.744,30014.654,119.819,500.615,0,2.553,2150911.356,12.644
18243,487,37373.426,25596.99,90.651,334.822,0,3.306,3607463.184,12.528
18244,488,9913.179,39009.378,106.028,547.712,0,2.745,2487850.199,10.476
18245,488,10397.86,37997.831,3.644,23.815,37.195,3.039,3048294.864,8.125
18246,488,10454.488,39060.299,69.792,144.749,40.048,2.032,1362859.539,13.535
18247,488,10624.444,34417.064,140.184,1216.888,0,4.521,6744868.478,10.404
18248,488,10743.386,35545.582,178.879,2786.832,0,2.432,1952507.291,7.212
18249,488,10723.733,36429.183,144.232,1108.063,0,3.812,4795680.925,10.812
18250,488,10832.291,32958.233,147.405,1177.856,0,3.491,4021405.747,10.371
18251,488,10919.861,33120.137,3.126,16.735,44.616,3.557,4176493.566,10.888
18252,488,11096.546,34084.528,71.836,150.374,30.879,2.137,1506970.987,13.842
18253,488,11034.593,37879.63,114.531,366.618,25.279,4.522,6747356.5,19.039
18254,488,11122.955,36808.465,7.565,30.037,43.032,2.732,2463075.122,7.418
18255,488,11105.443,37341.576,193.572,1787.313,0,2.715,2432600.823,10.46
18256,488,11285.115,34947.311,138.912,1635.471,0,2.264,1691597.139,7.287
18257,488,11560.219,9522.049,126.244,656.004,0,2.555,2153683.928,11.374
18258,488,22000.06,29767.303,74.681,122.294,23.009,0.86,244070.052,14.236
18259,488,21928.263,30517.678,86.539,297.659,18.461,1.554,797167.098,10.782
18260,488,22935.437,29241.253,43.201,60.514,20.977,0.991,324296.028,12.249
18261,488,23925.447,29481.039,6.14,10.297,31.64,3.965,5189239.939,17.866
18262,488,27200.785,14393.221,7.58,35.597,32.447,4.67,7198480.336,7.865
18263,488,27723.337,14070.944,52.674,74.428,25.329,2.936,2844615.142,16.863
18264,488,32668.649,26195.52,121.635,552.06,0,3.769,4688479.051,13.868
18265,488,33066.563,27360.762,39.845,29.598,25.147,3.318,3633484.287,25.213
18266,488,35927.111,24397.762,10.807,18.768,21.516,2.632,2285830.374,10.918
18267,488,37362.971,25588.365,43.175,77.75,21.43,3.094,3159006.143,13.107
18268,489,9950.061,39222.236,52.616,97.854,28.609,2.442,1968160.229,13.098
18269,489,10479.663,39122.215,6.158,54.009,40.945,4.379,6326878.023,5.591
18270,489,10648.479,32959.116,9.385,26.295,36.733,4.863,7805178.115,10.608
18271,489,10555.65,38748.55,67.173,151.601,39.299,2.522,2098655.378,13.302
18272,489,10729.148,35100.874,56.811,109.774,48.049,4.39,6361149.258,17.054
18273,489,10709.751,36436.459,43.6,82.96,27.054,2.544,2135022.28,11.924
18274,489,10745.212,35543.814,143.461,2110.258,0,5.454,9817197.473,7.882
18275,489,11079.515,33969.871,61.806,121.363,26.081,4.333,6197166.819,17.64
18276,489,11039.725,37841.171,10.198,37.27,38.772,3.426,3873801.586,7.414
18277,489,11198.606,36767.491,142.306,1431.676,0,6.96,15988373.096,11.652
18278,489,11304.499,34998.492,175.87,1853.596,0,3.592,4257245.959,9.769
18279,489,11580.886,9506.426,75.584,179.244,15.62,1.98,1293378.549,12.945
18280,489,21999.178,30510.037,1.83,17.267,34.106,3.21,3400361.336,10.055
18281,489,23775.922,28932.331,95.356,414.35,0,6.172,12570255.183,15.691
18282,489,23844.099,29488.918,50.603,77.421,25.648,3.774,4700614.531,17.537
18283,489,26796.519,13626.837,142.531,806.551,0,2.306,1755615.327,11.33
18284,489,27174.332,14331.712,135.213,936.974,0,3.783,4723417.715,11.086
18285,489,28634.794,16077.671,131.436,723.154,0,1.936,1237440.328,10.65
18286,489,32640.784,26239.511,1.392,29.694,26.422,3.092,3154736.323,6.927
18287,489,34961.075,29915.94,6.87,29.423,29.296,2.847,2674213.192,7.452
18288,490,9903.198,39211.191,183.629,1379.472,0,3.661,4424211.162,12.718
18289,490,10336.053,37990.282,178.719,1816.749,0,1.522,764812.267,8.707
18290,490,10478.696,39074.473,195.654,2101.223,0,3.381,3773472.197,10.144
18291,490,10634.975,34438.741,159.104,1548.793,0,3.406,3829482.386,9.506
18292,490,10756.255,35030.542,197.828,2763.053,0,4.384,6343513.464,9.341
18293,490,10726.582,35557.314,144.94,2059.056,0,1.393,640493.153,6.517
18294,490,10729.548,36466.075,154.41,1313.266,0,4.203,5829286.243,10.945
18295,490,10881.132,33114.776,7.786,40.879,38.385,4.706,7308505.064,7.202
18296,490,11092.619,37839.134,2.454,21.205,40.13,5.48,9910035.461,11.312
18297,490,11168.481,36797.393,40.597,43.716,56.11,4.363,6282351.146,22.357
18298,490,11269.068,35025.268,174.728,2368.99,0,6.258,12923910.119,10.188
18299,490,11309.354,36262.944,162.668,1446.054,0,7.075,16520587.501,14.446
18300,490,11567.037,9533.549,78.544,335.631,0.149,5.025,8333739.129,12.317
18301,490,23879.415,29485.423,2.171,15.266,29.258,2.625,2273962.72,10.205
18302,490,27201.557,14318.394,10.23,32.998,35.542,3.48,3996730.326,8.072
18303,490,32716.555,26242.963,7.373,26.539,27.923,4.449,6532808.749,9.457
18304,490,34203.215,28563.002,79.238,135.284,17.685,2.947,2865940.811,18.903
18305,490,34988.821,29878.95,56.097,78.911,18.884,2.208,1609289.831,15.753
18306,491,9994.89,39035.367,8.071,14.92,39.946,2.386,1879443.13,11.303
18307,491,10317.958,38035.617,2.053,15.064,49.271,5.391,9591363.476,14.748
18308,491,10514.115,38785.689,120.433,938.83,0,5.762,10955991.314,11.308
18309,491,10484.451,39086.075,113.976,963.16,0,4.907,7946230.845,9.535
18310,491,10629.608,34445.753,149.857,1231.963,0,5.962,11732833.513,12.999
18311,491,10756.434,35494.4,207.815,4150.557,0,3.809,4789143.907,7.344
18312,491,10931.929,33137.836,129.967,888.748,0,3.437,3898778.977,10.554
18313,491,11046.995,37943.359,59.105,121.823,27.975,2.787,2562674.291,13.571
18314,491,11142.869,37630.561,133.688,956.734,0,4.663,7174675.56,11.712
18315,491,11257.322,34919.059,196.302,2717.927,0,6.211,12731783.125,10.889
18316,491,11285.528,36269.577,87.755,419.379,18.536,3.111,3194141.583,10.169
18317,491,11557.841,9544.744,155.216,852.128,0,3.541,4139074.617,13.939
18318,491,23864.297,29430.466,124.926,644.345,0,3.766,4680587.922,12.886
18319,491,28439.792,15347.687,156.439,1082.29,0,3.606,4290970.145,12.01
18320,491,28632.964,16109.575,130.067,640.32,0,2.376,1862976.164,11.766
18321,491,32682.612,26272.139,41.443,35.524,22.349,3.003,2976901.775,21.711
18322,491,34211.212,28652.996,49.758,55.426,20.053,3.272,3534013.042,20.529
18323,491,35815.96,30556.859,135.306,677.716,0,3.766,4679385.205,13.897
18324,492,10222.014,38203.297,63.764,157.882,31.321,2.876,2730372.009,12.663
18325,492,10366.356,37981.416,31.478,34.582,52.594,5.406,9644102.395,22.617
18326,492,10479.962,33117.971,1.367,14.728,40.531,5.004,8264935.361,14.225
18327,492,10518.339,39080.61,43.408,60.161,39.791,2.183,1572394.389,13.964
18328,492,10609.606,38827.36,146.95,1272.206,0,5.732,10844080.654,12.042
18329,492,10718.939,34960.644,5.122,77.141,58.332,7.378,17966140.763,5.175
18330,492,10718.572,35597.308,7.082,43.021,74.3,5.44,9767739.781,7.233
18331,492,10996.581,37961.134,141.76,952.037,0,4.909,7951868.229,13.123
18332,492,11207.439,36775.687,96.078,538.924,33.097,7.4,18069520.544,14.385
18333,492,11274.317,34959.439,151.862,1606.442,0,5.095,8567393.996,10.043
18334,492,11315.416,36192.608,74.595,195.179,26.199,3.111,3194306.033,13.747
18335,492,21949.519,29758.177,49.966,40.985,24.995,2.767,2525816.465,23.79
18336,492,22797.695,30120.17,4.68,13.546,27.907,3.156,3287796.645,12.349
18337,492,23838.092,29453.416,8.999,28.65,30.41,2.596,2223394.869,7.855
18338,492,27120.24,14317.438,8.661,39.583,33.011,1.659,908679.408,6.08
18339,492,27430.825,14738.08,88.019,297.107,13.48,2.008,1330962.582,11.418
18340,492,28694.529,16165.923,181.622,1048.247,0,4.15,5684790.677,16.204
18341,492,34185.228,28718.425,138.227,624.647,0,3.551,4162105.472,14.803
18342,492,35484.68,30489.585,67.567,92.595,23.133,2.632,2286515.815,19.04
18343,492,35954.202,24432.663,101.072,346.53,0,1.527,769722.261,11.691
18344,493,10425.098,37978.346,214.153,2350.75,0,6.739,14986096.556,14.685
18345,493,10477.628,33118.759,5.951,48.456,28.991,3.134,3241600.691,5.502
18346,493,10568.355,38918.369,60.592,66.108,43.597,3.446,3918489.398,24.263
18347,493,10711.234,36445.863,85.324,280.618,17.505,5.857,11319822.273,17.55
18348,493,10826.911,32999.356,160.08,1306.557,0,5.22,8992217.425,12.775
18349,493,11089.648,33976.69,151.417,1216.132,0,3.351,3704906.389,10.382
18350,493,11043.344,37600.508,4.698,31.743,37.957,1.881,1167191.936,6.353
18351,493,11356.012,35040.408,7.397,26.52,55.851,4.424,6460041.016,9.444
18352,493,11522.928,9516.936,7.724,36.588,22.063,2.82,2624656.613,6.653
18353,493,21520.304,30569.697,114.461,856.066,0,3.012,2995731.684,8.912
18354,493,22810.906,30150.819,122.323,575.263,0,4.57,6894545.466,14.884
18355,493,23839.497,29516.786,7.843,13.375,28.02,2.811,2608317.657,12.833
18356,493,27120.34,14320.87,4.001,45.292,39.907,4.151,5685519.252,5.907
18357,493,27436.298,14691.985,82.015,134.168,26.066,2.249,1669619.918,17.832
18358,493,28592.466,16182.95,34.749,25.837,24.254,1.346,597635.957,16.736
18359,493,35516.821,30445.32,30.418,58.765,23.368,3.904,5030445.449,11.849
18360,493,35547.976,27150.74,65.528,84.468,14.853,2.46,1997452.784,18.973
18361,493,36391.202,25500.963,99.089,217.663,12.364,2.043,1377883.517,15.978
18362,494,10403.367,37884.889,43.12,55.577,42.203,4.132,5634451.193,19.286
18363,494,10464.843,33021.486,132.523,819.109,0,2.216,1621110.277,10.225
18364,494,10482.03,39037.078,6.946,48.025,42.445,2.912,2798534.478,5.585
18365,494,10735.298,34988.702,211.747,3013.501,0,3.937,5115698.528,9.304
18366,494,10736.206,35700.973,160.113,1210.269,23.648,4.369,6299591.331,12.407
18367,494,10697.235,36461.113,125.698,969.759,0,3.999,5278852.985,10.025
18368,494,10840.565,33000.247,78.489,153.901,30.156,3.505,4053877.676,18.445
18369,494,10943.765,34509.116,72.888,93.197,43.64,3.399,3813451.959,24.027
18370,494,11082.909,33904.899,0.131,13.579,42.819,2.802,2590773.035,11.187
18371,494,11221.672,36350.268,145.612,1218.441,0,3.727,4583840.03,10.193
18372,494,11298.278,35007.477,129.249,1502.607,0,6.466,13799102.745,9.337
18373,494,11540.379,9532.978,76.26,177.189,12.225,4.497,6675268.267,18.194
18374,494,21559.58,30568.618,79.188,328.893,21.955,3.666,4435981.076,11.043
18375,494,22047.499,29723.543,105.069,507.739,0,3.825,4828713.838,12.095
18376,494,22711.679,30121.179,111.058,309.449,20.238,3.4,3816002.683,17.738
18377,494,27178.358,14355.37,133.168,1051.965,0,2.86,2699262.542,9.311
18378,494,28397.942,15961.537,147.927,763.203,0,2.047,1382585.301,11.946
18379,494,28721.404,16117.211,3.993,32.532,24.834,3.672,4448716.549,7.06
18380,494,35521.307,30477.785,5.228,31.256,27.15,4.582,6928241.272,8.061
18381,494,36373.372,25485.164,198.618,1302.2,0,3.479,3995199.612,14.475
18382,495,10394.302,37893.827,102.311,425.124,37.487,5.802,11110671.251,16.508
18383,495,10561.779,33038.251,4.433,42.85,33.276,2.75,2496325.047,5.614
18384,495,10737.719,35092.526,88.381,281.479,44.474,4.784,7554041.633,16.319
18385,495,10718.734,36483.406,6.703,71.428,36.391,5.834,11231467.587,5.165
18386,495,10633.014,38849.226,165.67,1561.41,0,4.731,7387075.038,11.227
18387,495,10746.915,35620.98,186.098,3106.42,0,7.267,17426391.314,9.855
18388,495,11120.324,33841.519,4.395,34.649,39.331,3.787,4732904.531,6.887
18389,495,11086.197,37555.47,54.596,104.096,35.453,3.602,4281838.886,15.184
18390,495,11120.902,34078.952,3.011,35.618,38.462,3.916,5060764.277,6.692
18391,495,11120.546,36876.662,5.145,36.748,51.17,2.555,2153976.106,6.144
18392,495,11523.407,9442.249,68.595,143.71,20.512,1.761,1023603.872,12.938
18393,495,21539.717,30580.434,124.476,746.516,0,1.822,1095638.954,9.758
18394,495,27120.045,14320.196,0.125,36.661,49.814,4.999,8246058.457,7.036
18395,495,28729.897,16121.701,27.296,38.702,30.153,1.814,1085558.1,11.207
18396,495,35499.181,30443.929,126.203,560.501,2.814,4.749,7442780.448,16.261
18397,495,36369.887,25415.218,106.384,426.607,0,3.964,5186089.28,14.155
18398,496,9892.373,39301.506,92.381,307.315,10.231,3.47,3973457.537,13.894
18399,496,10415.912,37863.519,62.242,75.391,41.27,3.573,4213345.49,23.215
18400,496,10461.142,33028.152,113.756,589.43,0,5.272,9172028.281,14.153
18401,496,10434.913,39297.411,56.876,141.449,30.933,6.162,12532112.227,17.161
18402,496,10594.317,38897.119,94.534,287.184,21.677,3.374,3756197.933,14.869
18403,496,10756.865,35276.788,180.286,2857.955,0,6.592,14340053.073,9.515
18404,496,10791.251,35677.131,4.917,33.56,79.268,2.269,1698921.189,6.329
18405,496,10880.215,32958.996,2.641,42.082,32.01,5.56,10201839.709,6.779
18406,496,10963.397,33283.468,7.623,31.584,38.715,3.873,4949271.272,7.957
18407,496,11042.054,37518.144,3.977,24.905,40.678,3.153,3281096.887,8.021
18408,496,11119.82,35596.914,5.564,65.453,53.352,5.705,10739509.833,5.29
18409,496,11284.796,34995.609,139.39,1691.267,0,4.156,5701722.349,8.041
18410,496,21505.405,30539.705,118.53,1001.672,0,3.162,3299353.184,8.532
18411,496,22030.181,29683.36,59.871,75.527,21.309,2.779,2549376.191,19.238
18412,496,23359.084,29758.123,144.903,750.105,4.468,1.404,650439.473,11.162
18413,496,32586.882,26086.244,99.595,322.023,6.812,4.65,7135732.799,17.301
18414,496,35503.015,30420.144,175.767,1232.283,0,3.536,4125532.306,12.776
18415,496,36370.656,25404.385,96.295,279.97,14.189,3.123,3218468.455,15.034
18416,497,9891.957,39247.814,135.181,748.806,0,2.526,2106566.537,11.358
18417,497,10399.161,37838.437,6.111,20.464,44.99,3.606,4291697.878,10.05
18418,497,10477.507,39202.901,2.878,33.867,52.123,2.216,1620941.09,6.089
18420,497,10736.897,34976.96,134.107,625.769,38.235,6.313,13151136.835,19.631
18421,497,10727.764,36497.094,138.158,910.822,1.847,2.245,1663004.054,10.103
18422,497,10719.67,33039.367,3.724,40.318,42.31,3.937,5116085.353,6.244
18423,497,10800.929,35601.014,5.014,47.204,72.723,4.569,6887812.393,6.034
18424,497,10796.49,38279.829,6.069,26.442,41.641,5.132,8690265.33,9.825
18425,497,11038.415,33435.392,5.036,45.121,37.748,4.425,6462998.578,6.156
18426,497,10960.088,34559.158,1.049,35.103,59.401,2.731,2461137.625,6.078
18427,497,11092.005,37612.87,204.619,2087.468,0,3.529,4109287.093,10.947
18428,497,11218.533,36760.17,100.584,398.387,26.403,2.12,1483089.68,11.295
18429,497,11279.475,34958.518,7.645,69.891,52.063,3.95,5149912.226,4.817
18430,497,11298.96,36361.934,138.478,937.07,0,6.047,12067867.099,14.398
18431,497,21505.206,30521.77,131.468,899.411,0,4.84,7732221.509,12.175
18432,497,23788.934,28880.387,173.017,1180.167,0,1.747,1007335.496,10.814
18433,497,27111.669,14284.668,118.41,832.51,0,2.073,1418206.834,8.828
18434,497,28307.337,14951.286,74.154,191.111,11.473,3.449,3925911.221,14.427
18435,497,30003.9,35411.402,27.398,25.857,17.134,1.938,1239893.957,14.597
18436,497,32545.83,26120.286,44.227,45.535,22.122,3.687,4485517.398,21.857
18437,497,35171.267,29981.927,64.691,122.261,18.343,1.076,382163.411,12.515
18438,497,35895.378,27772.559,0.917,17.955,27.482,3.994,5264949.295,10.696
18439,497,35879.576,30272.63,130.751,743.05,0,6.104,12294465.776,15.954
18440,498,10238.463,38198.619,148.769,1359.881,0,3.454,3935967.822,9.528
18441,498,10412.32,37892.311,171.357,1572.929,0,2.89,2755745.226,9.894
18442,498,10408.622,39305.652,143.174,1451.529,0,3.847,4883971.968,8.978
18443,498,10744.399,34997.363,179.125,2241.418,0,3.481,3999067.397,8.776
18444,498,10727.937,35651.663,167.884,2585.725,0,7.918,20689733.055,10.181
18445,498,10645.679,38854.385,168.691,1498.377,0,2.933,2839457.689,10.04
18446,498,10750.544,38258.201,210.059,2382.673,0,4.304,6112903.523,11.154
18447,498,10826.775,33028.022,50.327,62.815,29.942,3.937,5115687.033,20.998
18448,498,10851.348,35308.514,147.392,1852.935,0,3.734,4601470.133,7.906
18449,498,10925.147,34517.281,141.797,1275.315,0,5.337,9398578.054,10.997
18450,498,11070.396,33831.837,176.732,1522.528,0,3.022,3014169.259,10.616
18451,498,11042.459,37595.78,7.915,26.627,38.4,2.039,1372154.347,7.609
18452,498,11162.565,36778.74,134.452,1227.519,0,6.778,15161142.685,11.865
18453,498,11285.857,34916.394,43.578,59.833,49.606,3.415,3849215.694,16.667
18454,498,11298.199,36242.697,49.338,108.729,31.059,2.671,2354321.151,11.667
18455,498,21561.306,30545.724,150.992,1392.491,0,3.779,4711965.072,9.827
18456,498,27119.782,14321.557,2.714,50.961,37.066,5.932,11612991.741,6.084
18457,498,28076.137,15691.325,151.295,696.28,0,2.376,1863732.819,13.454
18458,498,28321.653,14977.718,73.751,177.41,15.617,3.121,3214746.201,14.488
18459,498,35439.206,30402.633,3.33,18.556,30.124,2.697,2400757.748,9.178
18460,498,35697.546,30475.312,165.843,1073.688,0,3.955,5161315.478,13.607
18461,498,35953.951,27817.023,95.32,383.635,0,3.042,3053105.74,11.863
18462,498,36399.792,25282.448,7.34,22.162,24.534,2.975,2921640.201,9.154
18463,499,10376.829,37901.152,82.569,270.283,34.203,1.359,609749.5,10.672
18464,499,10471.035,39262.694,17.142,23.613,39.657,1.991,1308211.015,10.939
18465,499,10721.185,34483.322,9.632,50.61,44.336,2.655,2326907.092,5.738
18466,499,10721.825,35043.955,10.656,45.207,54.807,5.989,11837558.989,8.193
18467,499,10669.223,38875.97,168.977,1322.939,0,3.657,4413943.267,11.678
18468,499,10768.603,35402.12,117.033,1094.004,5.281,4.718,7346472.915,8.914
18469,499,10800.876,33070.552,2.76,35.901,37.609,4.643,7113440.063,7.048
18470,499,11041.103,33837.65,5.522,54.197,41.506,2.256,1679621.117,4.893
18471,499,11115.796,35444.582,6.579,34.098,58.111,4.102,5554047.036,7.499
18472,499,11119.967,37427.891,8.077,14.172,46.528,3.274,3537246.238,13.259
18473,499,11190.693,36756.085,51.32,82.097,37.054,3.229,3441183.6,15.849
18474,499,11288.23,34934.739,40.579,84.695,32.675,4.135,5643569.797,12.936
18475,499,11525.491,9505.796,201.799,997.787,0,4.354,6256320.104,20.376
18476,499,21540.912,30571.845,170.019,1689.055,0,4.579,6919904.359,10.854
18477,499,23494.759,29723.384,113.998,575.646,0,5.907,11513372.21,15.472
18478,499,23761.32,28957.1,4.242,30.213,30.229,1.938,1239582.54,6.503
18479,499,26709.23,13619.089,133.405,724.418,0,2.557,2157679.089,11.441
18480,499,27105.621,14270.943,136.751,815.706,0,4.308,6124626.323,13.107
18481,499,27756.131,15322.441,59.105,63.643,26.264,3.334,3669329.529,23.661
18482,499,28283.263,14909.892,113.207,520.863,0,3.478,3991671.035,12.664
18483,499,28962.452,16079.21,5.058,32.416,24.301,4.089,5519006.7,7.486
18484,499,35673.057,30469.367,12.249,23.963,29.357,2.807,2600149.148,9.97
18485,499,35835.582,27679.615,6.369,29.475,27.746,4.273,6025888.153,8.384
18486,499,36352.786,25308.569,142.012,636.34,0,3.153,3281254.4,14.437
18487,500,9931.047,39188.761,41.476,44.743,32.456,2.625,2273420.656,17.218
18488,500,10267.731,38204.108,154.213,1316.777,0,3.103,3176691.954,9.882
18489,500,10322.926,37921.823,4.565,11.188,48.583,2.724,2448686.695,13.255
18490,500,10643.882,38961.509,8.154,28.023,44.014,6.895,15688070.047,11.916
18491,500,10689.377,34455.022,122.6,965.96,0,5.385,9571307.838,10.986
18492,500,10717.591,34959.586,7.31,63.441,50.112,4.511,6714063.938,5.234
18493,500,10800.073,35280.75,1.399,63.978,55.107,4.97,8150173.972,4.837
18494,500,10749.187,35605.008,167.414,2326.262,0,4.749,7444012.784,8.632
18495,500,10879.754,33673.382,2.999,20.205,41.834,4.516,6729967.384,10.609
18496,500,10955.426,37913.99,6.435,32.239,43.488,4.724,7365792.403,8.223
18497,500,11040.282,37519.558,3.894,47.104,42.197,3.522,4094238.416,5.516
18498,500,11254.416,36371.33,46.323,92.123,34.764,4.547,6823782.477,15.071
18499,500,11261.443,35012.957,74.673,218.42,32.804,4.269,6014277.082,14.587
18500,500,21544.6,30531.049,125.628,988.043,0,4.534,6783254.933,10.367
18501,500,23784.412,28928.385,159.301,1049.441,0,2.056,1395556.599,10.797
18502,500,26799.407,13600.722,2.339,37.92,35.314,2.398,1897090.443,5.741
18503,500,27461.605,14755.795,122.656,654.977,0,3.603,4284331.341,12.208
18504,500,27803.508,15246.592,112.304,589.225,0,1.586,829766.868,9.797
18505,500,28286.648,14876.576,135.228,803.695,0,3.234,3450744.997,11.644
18506,500,35645.789,30455.748,117.267,877.708,0,2.412,1920411.798,8.659
18507,501,9959.388,39141.663,115.756,674.839,6.627,3.214,3410008.375,10.674
18508,501,10240.02,38236.894,3.871,30.221,45.041,6.326,13205916.618,9.485
18509,501,10426.139,37857.976,62.416,83.423,44.213,3.727,4584573.955,22.049
18510,501,10610.445,34379.296,78.418,186.054,30.163,3.659,4417367.805,16.323
18511,501,10718.23,36478.173,2.479,40.408,37.429,6.056,12102185.992,7.255
18512,501,10750.396,35653.699,45.662,51.788,81.773,1.627,873092.274,15.07
18513,501,10894.561,33103.318,76.356,225.036,21.062,1.982,1296685.824,11.431
18514,501,10930.89,34471.336,118.936,594.721,28.577,2.069,1413155.207,10.764
18515,501,11096.558,33826.003,43.444,31.474,42.796,3.117,3205458.415,25.922
18516,501,11143.865,36802.524,87.381,245.79,32.932,3.976,5217209.644,16.115
18517,501,11278.933,35003.653,112.802,931.976,0,4.648,7129346.139,9.419
18518,501,11285.628,36362.894,87.79,298.984,22.85,0.935,288695.795,10.508
18519,501,21517.566,30557.77,9.897,54.417,44.741,4.631,7078632.728,6.29
18520,501,22037.492,29937.338,149.838,932.808,0,2.635,2291083.839,11.355
18521,501,23776.564,28919.223,68.744,164.991,31.866,1.814,1086130.028,12.02
18522,501,27103.009,14322.355,36.522,64.886,40.354,4.505,6697051.559,14.511
18523,501,27401.954,14749.602,64.756,153.391,18.662,3.898,5014023.523,14.892
18524,501,28736.741,16091.166,35.582,24.667,23.957,1.345,597262.369,17.605
18525,501,32636.464,26239.882,8.096,31.419,31.898,3.004,2977609.577,7.487
18526,501,35644.282,30451.635,115.762,691.293,0,4.897,7914284.77,12.376
18527,502,9987.17,39182.637,106.031,541.026,15.711,5.37,9516187.968,13.744
18528,502,10274.758,38135.528,181.674,2049.681,0,4.903,7931894.038,10.69
18529,502,10635.251,34316.879,9.379,33.756,41.292,3.96,5176354.445,8.082
18530,502,10605.693,38901.839,148.442,1335.92,0,4.172,5745175.42,10.223
18531,502,10759.314,35000.939,205.26,2725.578,0,2.912,2798776.24,8.813
18532,502,10711.924,35640.711,128.879,1818.267,0,3.216,3413756.416,6.616
18533,502,10873.562,33093.542,181.45,1463.718,0,3.112,3195975.245,11.358
18534,502,11193.413,37365.378,3.891,15.391,41.445,3.414,3846583.594,11.492
18535,502,11219.486,35383.504,208.288,3036.152,0,6.354,13322284.175,11.078
18536,502,11290.564,36349.555,128.473,888.113,3.892,2.861,2700694.148,9.894
18537,502,21606.151,30663.457,12.663,18.832,48.919,4.788,7566333.777,15.491
18538,502,23781.783,28953.629,119.736,861.852,0,4.066,5455285.508,10.242
18539,502,27361.109,14641.365,1.818,17.241,38.742,2.735,2468910.769,9.513
18540,502,28114.719,15757.953,91.248,222.096,10.02,3.15,3275282.761,16.527
18541,502,28800.21,16124.117,1.78,11.558,28.43,2.187,1579057.659,11.531
18542,502,29049.218,16057.714,72.467,151.405,14.36,3.78,4714470.324,17.327
18543,502,32718.461,26236.538,7.884,31.544,23.911,3.815,4802214.329,7.98
18544,502,35479.651,29274.226,36.127,41.201,24.346,4.046,5402921.566,19.225
18545,502,35699.096,30467.5,126.799,827.21,0,5.948,11674871.909,13.722
18546,502,35920.742,28323.472,3.442,40.448,24.879,5.818,11170907.411,7.203
18547,502,35920.15,30051.3,115.953,525.697,0,3.743,4622366.48,13.392
18548,502,36240.545,25200.56,1.561,31.23,24.875,3.127,3226853.512,6.738
18549,503,9998.098,39143.741,153.147,1328.4,0,4.709,7317323.617,11.256
18550,503,10297.775,38077.532,41.805,71.843,49.494,1.276,537444.58,11.052
18551,503,10423.344,37807.183,55.947,165.65,33.244,4.067,5458112.885,11.829
18552,503,10692.52,35013.021,193.685,2062.184,0,1.777,1042295.376,8.987
18553,503,10736.036,35635.231,138.03,2395.235,0,6.966,16016258.272,7.55
18554,503,10875.174,33155.017,182.156,1851.733,0,3.621,4326325.454,10.258
18555,503,11005.281,33800.931,120.085,797.061,0,2.531,2114011.007,9.497
18556,503,11146.351,34384.389,155.588,1455.927,0,1.819,1092098.176,8.593
18557,503,11125.792,37355.422,15.261,34.475,33.997,3.769,4688858.039,9.653
18558,503,11222.019,35003.082,208.272,2511.702,0,3.482,4001937.83,9.878
18559,503,11283.035,36643.854,15.382,29.198,45.017,3.787,4732075.84,10.921
18560,503,11360.663,36393.037,5.749,19.956,41.077,3.633,4355334.809,10.174
18561,503,21610.03,30632.59,14.311,29.492,41.843,1.976,1288918.364,8.685
18562,503,27182.567,14429.406,132.205,1189.241,0,5.16,8787332.523,10.306
18563,503,27780.527,15319.955,54.072,108.026,23.29,2.974,2917970.469,13.502
18564,503,28774.474,16079.901,53.541,79.491,24.494,3.222,3426016.49,17.123
18565,503,35674.658,30484.649,85.385,284.78,25.607,2.949,2869991.248,12.435
18566,503,35842.848,28481.821,10.632,21.123,25.781,2.608,2244292.822,10.02
18567,504,10000.08,39166.39,153.266,1389.175,0,3.398,3810713.335,9.715
18568,504,10599.849,38863.16,58.602,60.446,47.97,4.112,5580562.811,27.849
18569,504,10686.604,35087.547,147.498,1462.766,0,8.185,22106675.576,13.423
18570,504,10715.42,35625.931,114.162,1136.549,18.721,6.773,15138543.591,9.826
18571,504,10689.39,36455.033,116.171,773.304,0.568,1.907,1199650.06,8.918
18572,504,10883.696,33128.741,5.174,31.383,45.117,3.258,3502644.159,7.131
18573,504,10906.788,34511.641,57.927,145.833,48.64,1.301,558873.122,10.341
18574,504,11119.373,37522.179,3.389,30.864,37.382,3.35,3703465.501,7.045
18575,504,11214.03,36930.004,44.35,88.317,35.385,4.944,8065577.185,15.406
18576,504,11301.793,36348.582,141.773,1153.289,0,2.978,2926125.286,9.579
18577,504,21583.225,30647.179,71.679,54.012,28.86,2.632,2285404.835,31.093
18578,504,23681.467,28953.837,8.798,47.017,37.713,2.676,2362933.841,5.853
18579,504,27126.691,14364.165,196.664,1988.797,0,1.992,1309069.384,9.454
18580,504,28917.187,16124.829,130.451,692.293,0,4.223,5885212.58,13.685
18581,504,35676.13,30509.578,142.473,1482.186,0,4.122,5606581.055,8.991
18582,504,35814.679,28478.864,139.87,727.08,0,1.132,423090.921,10.74
18583,505,10405.128,37893.046,38.715,77.588,42.574,2.434,1954434.368,10.845
18584,505,10660.329,35013.274,51.109,116.685,50.987,2.239,1653778.393,11.12
18585,505,10722.756,36477.337,5.841,32.895,35.555,2.676,2363442.928,6.708
18586,505,10961.018,34484.732,5.074,32.465,61.3,3.399,3812983.341,7.047
18587,505,11050.523,33849.589,245.527,2663.737,0,3.27,3528913.143,11.549
18588,505,11246.109,36961.084,38.444,40.221,42.79,2.931,2834955.483,17.824
18589,505,21567.106,30527.857,215.968,1616.918,0,2.802,2590179.86,12.915
18590,505,22401.781,30331.1,10.77,17.37,26.764,4.176,5755643.774,14.137
18591,505,23705.774,28972.541,62.476,209.075,28.18,3.08,3129847.027,10.503
18592,505,27199.195,14401.244,3.106,47.504,41.726,3.293,3577566.437,5.352
18593,505,28862.219,16111.048,163.532,1129.49,0,3.955,5160968.15,12.861
18594,505,35621.131,30480.041,69.539,163.296,33.688,2.957,2884824.301,13.927
18595,506,9926.303,39122.509,15.898,58.505,43.824,5.192,8894885.359,7.767
18596,506,10299.337,38084.404,142.974,1458.825,0,4.432,6482670.716,9.358
18597,506,10703.877,35693.824,127.897,1695.841,0,4.776,7526884.24,7.498
18598,506,10716.139,36478.714,8.689,52.612,38.493,3.421,3862036.734,5.711
18599,506,10899.667,33123.21,134.756,959.974,0,4.882,7866703.233,12.074
18600,506,10878.828,33513.87,7.713,38.587,36.776,4.008,5302063.57,7.055
18601,506,10920.184,34471.193,128.554,1575.745,0,6.164,12540644.605,8.749
18602,506,11111.662,33855.978,28.722,59.73,32.766,1.643,890531.382,9
18603,506,11048.433,37920.699,8.686,30.809,34.675,5.089,8545831.963,9.407
18604,506,11282.602,36315.406,5.554,33.224,39.148,6.012,11927363.074,8.862
18605,506,21599.045,30643.477,7.788,34.419,34.171,3.404,3823502.318,7.246
18606,506,22400.395,30275.225,68.576,96.928,24.991,3.064,3099066.192,20.169
18607,506,23703.47,28928.109,128.597,732.107,0,3.859,4913932.662,12.38
18608,506,26722.27,13643.789,150.671,1032.365,0,1.758,1020381.505,10.003
18609,506,27169.735,14416.414,158.679,1425.12,0,4.237,5925587.088,10.769
18610,506,28690.538,16117.75,120.833,545.628,0,2.6,2230334.398,12.156
18611,506,28943.944,15506.117,133.039,430.458,8.767,1.849,1128110.582,14.572
18612,506,28929.321,16115.135,99.04,367.134,5.992,2.193,1587725.568,11.732
18613,506,35639.398,30470.269,116.516,897.474,0,3.354,3714150.741,9.075
18614,507,10335.248,37984.837,35.685,45.601,51.254,2.585,2204436.146,14.27
18615,507,10706.095,35167.827,134.236,1337.656,0,4.575,6906847.606,9.229
18616,507,10770.638,35630.147,70.755,135.093,73.662,3.241,3466820.407,16.919
18617,507,10717.494,38803.426,8.49,55.28,31.357,2.469,2011930.832,5.237
18618,507,10959.933,34563.991,4.289,49.698,58.625,4.808,7629672.112,5.85
18619,507,11239.851,36699.271,140.692,1117.226,0,4.524,6754146.392,11.111
18620,507,11280.887,34958.999,3.413,62.625,50.294,4.206,5839429.264,4.789
18621,507,11288.428,36362.062,198.278,2019.681,0,2.364,1844550.171,9.716
18622,507,21517.561,30530.251,12.494,28.508,38.421,3.873,4950536.676,10.042
18623,507,23736.052,28962.011,67.863,131.108,32.71,4.54,6802062.961,19.56
18624,507,27265.534,14495.001,163.888,1579.417,0,6.19,12643787.157,12.549
18625,507,28762.22,16082.331,82.645,183.304,24.113,3.195,3369230.95,16.663
18626,507,35599.926,30478.258,6.705,55.472,33.232,5.748,10903530.829,6.115
18627,507,35962.465,30187.013,44.015,54.793,20.003,2.024,1351644.487,14.74
18628,508,10626.402,36674.142,61.77,124.527,25.809,3.034,3037412.398,14.569
18629,508,10723.378,35107.063,92.04,364.249,23.938,3.118,3208899.41,11.835
18630,508,10741.767,35621.214,159.355,2338.246,0,3.855,4905218.109,7.587
18631,508,10966.466,34461.823,42.429,73.916,59.122,3.536,4125261.598,14.041
18632,508,10957.288,37920.505,7.824,28.759,38.158,4.669,7193528.418,9.241
18633,508,11123.07,33922.731,10.947,32.953,35.676,3.75,4640164.677,8.486
18634,508,11229.865,34997.842,248.549,3847.871,0,3.163,3301880.918,9.177
18635,508,11180.083,36810.848,76.645,143.386,35.548,5.403,9635362.194,24.66
18636,508,11262.609,36367.592,117.363,433.113,19.689,3.682,4473757.738,15.559
18637,508,21733.877,30643.256,140.634,1293.743,0,5.085,8532762.538,10.517
18638,508,22433.527,30289.833,115.283,627.119,0,5.067,8472325.246,13.472
18639,508,23224.372,29946.977,135.452,680.746,0,4.128,5622433.026,14.474
18640,508,26720.548,13675.798,133.207,797.714,0,4.02,5334520.041,12.445
18641,508,27197.859,14479.73,7.298,32.49,39.333,4.228,5899230.671,7.991
18642,508,28676.756,16109.066,46.478,38.944,29.054,2.664,2342272.022,22.056
18643,508,32640.003,26114.373,38.113,35.572,18.139,0.487,78373.711,13.999
18644,508,35580.91,30484.668,76.498,327.16,8.63,2.917,2807557.44,9.913
18645,509,9994.111,39125.405,155.929,1340.76,0,3.585,4242327.203,10.331
18646,509,10318.554,37999.526,5.647,54.025,51.464,4.27,6016704.719,5.487
18647,509,10628.612,34305.52,191.982,1763.116,0,1.365,615062.277,9.472
18648,509,10721.245,36512.956,2.178,12.414,44.82,2.365,1845498.257,11.314
18649,509,11229.805,34941.219,197.642,2384.871,0,2.1,1455655.125,8.639
18650,509,11270.235,36343.927,101.004,532.262,17.783,3.374,3756011.181,10.638
18651,509,11519.781,9441.396,0.891,23.242,22.193,3.449,3925563.681,8.377
18652,509,21741.297,30664.042,193.315,1635.098,0,1.947,1251218.954,10.336
18653,509,22338.615,30304.085,95.146,264.446,16.452,2.278,1712231.74,13.831
18654,509,27174.518,14362.506,108.798,574.49,0,3.824,4826563.878,11.634
18655,509,28379.517,15114.664,62.829,95.846,24.39,2.923,2820208.264,17.654
18656,509,28717.692,16121.829,6.308,25.321,36,4.641,7107990.617,9.704
18657,509,34080.888,28163.061,5.313,29.638,25.852,3.78,4714559.901,7.776
18658,509,35639.942,30486.103,84.624,279.521,21.954,2.909,2792796.921,12.394
18659,509,35760.802,26501.346,40.601,49.022,23.529,2.379,1867265.535,15.219
18660,510,9947.991,39125.045,53.939,99.385,46.469,4.077,5485842.682,16.456
18661,510,10397.585,38081.098,5.693,29.602,45.775,3.447,3920369.682,7.611
18662,510,10641.757,36640.724,3.883,43.993,35.802,4.406,6405162.805,6.121
18663,510,10729.921,35600.428,9.852,36.539,79.378,2.338,1803753.313,6.834
18664,510,10802.448,33153.382,4.429,20.384,38.268,2.825,2634457.647,8.909
18665,510,10969.888,34564.502,71.851,146.959,52.553,2.416,1925809.437,14.546
18666,510,11252.407,34973.09,137.495,1116.919,13.845,2.63,2283242.647,9.168
18667,510,11549.9,9508.967,118.067,505.125,0,4.596,6970589.986,15.646
18668,510,21608.798,30071.782,143.145,844.997,0,3.686,4483971.19,12.738
18669,510,27199.667,14399.145,4.912,61.395,40.948,5.172,8826235.364,5.267
18670,510,27273.982,13375.95,117.362,621.777,0,2.456,1991326.292,10.669
18671,510,28932.21,16141.121,125.555,701.764,9.851,2.404,1907558.41,10.692
18672,510,34018.853,28193.638,130.266,701.025,0,4.12,5602402.623,13.378
18673,510,35759.002,30403.538,3.917,21.23,37.975,4.737,7403896.181,10.629
18674,510,35808.101,26587.115,92.673,222.402,28.618,1.07,377767.16,13.114
18675,510,37241.246,25886.724,105.964,483.468,0,2.119,1482515.226,10.693
18676,511,9955.067,39107.366,179.202,1850.403,0,3.443,3912113.789,9.893
18677,511,10319.844,38079.673,1.761,70.792,55.466,5.057,8438030.474,4.567
18678,511,10590.788,38905.44,114.878,1009.219,0,8.119,21753886.829,12.111
18679,511,10698.05,36460.103,186.988,1853.932,0,4.064,5449835.538,11.058
18680,511,10733.311,35592.665,139.357,1706.355,28.546,2.804,2593797.095,7.342
18681,511,10959.288,34478.847,5.624,49.044,57.288,3.565,4195368.969,5.57
18682,511,11196.521,34965.844,4.544,29.705,49.951,4.918,7983507.54,8.514
18683,511,11211.469,36696.204,149.21,1214.5,0,3.698,4513314.71,10.521
18684,511,11286.277,36318.558,37.327,53.156,44.603,0.768,194481.078,11.341
18685,511,21680.226,30639.884,0.781,50.889,38.381,2.246,1665091.344,4.789
18686,511,22291.415,30406.902,111.494,501.946,1.002,4.605,6999027.613,14.449
18687,511,23227.653,29949.634,120.926,589.346,0,2.303,1750878.539,11.264
18688,511,26640.807,13524.67,6.232,30.913,31.26,3.214,3409047.447,7.341
18689,511,27244.457,14429.238,69.649,123.991,33.349,3.212,3404743.756,17.558
18690,511,27258.807,14632.003,41.515,42.401,40.736,3.525,4100912.124,20.718
18691,511,28369.645,15062.211,39.687,43.147,26.922,1.09,391991.971,13.715
18692,511,28921.443,16140.07,42.008,75.401,44.096,3.36,3725725.592,13.388
18693,511,35659.852,30498.787,110.448,774.477,0,3.05,3070275.847,9.106
18694,511,35763.177,26558.882,5.626,24.173,22.815,2.28,1715944.642,7.78
18695,511,37170.764,25903.092,96.691,212.023,9.138,3.86,4915926.667,20.652
18696,512,9921.712,39142.499,75.466,154.892,28.651,1.339,591502.618,13.185
18697,512,10436.702,39307.065,100.365,529.006,3.659,0.675,150540.347,8.867
18698,512,10709.537,36507.184,141.403,1028.823,0,4.372,6309202.143,11.696
18699,512,10695.884,35546.992,280.017,6901.222,0,6.584,14304034.845,9.457
18700,512,10914.639,33228.96,188.198,1441.482,0,3.828,4837125.745,12.995
18701,512,11122.065,34530.245,3.958,18.366,60.366,3.194,3367661.536,9.877
18702,512,11060.739,37785.752,136.552,910.508,0,2.755,2505133.161,10.399
18703,512,11215.905,36806.991,112.355,738.912,0,4.21,5850572.375,10.591
18704,512,11300.693,36333.764,118.995,985.693,0,3.284,3559829.527,8.735
18705,512,11521.162,9514.761,2.88,22.102,21.303,1.887,1174981.935,7.594
18706,512,26618.112,13514.175,55.473,89.142,25.049,2.936,2844881.389,15.845
18707,512,27202.688,14319.528,3.318,33.281,41.03,4.152,5688770.318,7.172
18708,512,27379.629,14664.721,41.272,78.591,24.573,2.384,1876002.149,11.44
18709,512,28888.456,16111.773,115.036,875.305,0,4.991,8219732.783,10.411
18710,512,32559.912,26079.892,0.347,51.617,18.687,2.309,1759528.389,4.76
18711,512,35737.78,26515.369,119.93,541.047,0,5.995,11863085.936,17.825
18712,512,36121.293,24914.019,146.944,736.275,0,4.622,7051467.882,16.341
18713,512,37201.459,26000.642,2.684,45.843,14.707,2.669,2350607.44,5.248
18714,513,10321.09,38061.966,97.897,510.443,26.931,5.534,10106623.697,12.971
18715,513,10499.093,33022.296,146.956,874.99,0,3.705,4529373.582,12.916
18716,513,10436.65,39301.45,111.729,655.924,0,4.558,6857377.73,11.821
18717,513,10740.093,35095.059,99.157,355.029,35.521,2.774,2538921.114,12.75
18718,513,10728.194,35611.182,154.564,2178.799,0,10.898,39196673.592,12.639
18719,513,10987.018,34502.14,108.902,641.96,24.097,2.645,2308661.722,9.729
18720,513,11091.579,33831.936,40.821,62.588,30.061,2.614,2254139.313,13.426
18721,513,11238.258,34998.732,57.837,127.451,37.237,2.827,2636776.714,12.887
18722,513,11203.319,36799.371,4.46,60.798,44.699,5.387,9576830.453,5.329
18723,513,11297.078,36354.645,113.548,913.302,0,3.432,3886437.467,8.747
18724,513,11459.546,9533.268,175.511,1082.575,0,3.114,3199823.792,13.291
18725,513,21620.986,30074.051,162.616,1145.099,0,3.056,3082592.467,11.509
18726,513,21766.886,30627.419,128.869,1010.246,0,3.022,3013263.754,9.29
18727,513,26641.656,13518.858,4.486,43.325,29.029,2.979,2929074.921,5.661
18728,513,27203.134,14399.518,8.578,52.517,39.262,4.609,7011924.454,6.172
18729,513,27273.385,13278.868,209.555,1600.423,0,2.693,2393344.559,12.358
18730,513,27378.175,14671.568,133.754,840.388,0,3.839,4863206.47,11.839
18731,513,28365.843,15051.378,69.429,87.485,26.32,2.969,2909984.581,21.821
18732,513,28907.277,16132.1,129.115,913.361,0,4.16,5711960.342,10.988
18733,513,35632.374,30469.428,75.019,177.1,19.641,3.823,4823974.282,16.261
18734,513,36023.522,25006.202,71.211,79.599,20.766,0.916,276755.539,17.205
18735,513,37119.529,26000.476,5.584,59.318,19.848,2.09,1441112.289,4.634
18736,514,9923.332,39167.834,38.986,48.31,26.279,5.164,8799451.858,21.8
18737,514,10310.939,38040.794,85.626,433.069,31.429,4.135,5641709.722,10.588
18738,514,10719.347,36480.31,2.558,58.552,35.53,4.394,6370707.533,4.996
18739,514,10789.112,38257.144,159.887,1412.377,0,5.746,10894837.704,12.644
18740,514,10946.596,34448.995,93.134,555.246,12.923,4.39,6361064.161,10.2
18741,514,11052.504,37863.941,63.644,123.91,25.417,3.667,4437956.179,16.546
18742,514,11225.676,36862.852,144.569,1145.746,0,4.03,5359869.139,10.82
18743,514,11436.769,9509.752,157.43,774.772,0,2.473,2017883.131,13.36
18744,514,21731.342,30578.013,168.946,1447.107,0,3.746,4632091.279,11.079
18745,514,23300.626,29824.952,142.877,879.498,0,3.398,3811584.499,11.987
18746,514,26626.49,13483.991,87.813,373.696,0,1.698,952828.519,9.747
18747,514,27223.86,14447.598,118.883,854.524,0,2.921,2816569.595,9.271
18748,514,27246.498,13325.863,158.549,987.926,0,3.65,4396283.178,13.096
18749,514,27409.781,14778.017,128.868,725.771,0,2.946,2863536.064,11.37
18750,514,28924.699,16115.615,55.345,108.059,28.35,1.644,891515.975,11.979
18751,514,32612.571,26081.778,125.3,581.856,0,1.842,1119375.913,11.349
18752,514,35520.112,30440.076,4.537,20.943,29.088,2.046,1381888.609,8.131
18753,514,36001.106,25117.933,7.032,44.012,29.096,3.596,4266793.929,6.167
18754,514,37074.631,26008.419,118.324,508.087,0,3.406,3827672.973,13.568
18755,515,10311.107,38044.405,81.515,372.271,31.301,2.347,1818543.746,9.425
18756,515,10718.845,35623.255,121.144,1724.129,0,3.024,3016890.518,6.303
18757,515,10734.86,36476.963,28.525,38.058,32.354,3.507,4058325.357,14.463
18758,515,10927.463,33119.73,117.256,704.318,0,4.133,5636089.912,11.521
18759,515,11067.594,34560.819,219.044,3397.383,0,2.521,2097321.533,8.138
18760,515,11096.592,37556.102,36.986,57.041,27.679,4.213,5857691.868,15.697
18761,515,11210.612,34988.405,37.394,59.679,52.895,2.285,1723354.608,12.135
18762,515,11360.033,36319.998,6.887,40.387,40.875,6.209,12720903.093,8.036
18763,515,11440.665,9519.838,1.627,27.872,25.15,2.632,2286503.164,6.949
18764,515,22186.173,29672.223,167.355,1079.814,0,2.23,1640545.889,11.422
18765,515,27276.593,14313.666,4.93,33.981,32.725,5.995,11862261.709,8.573
18766,515,27279.271,13251.765,43.939,46.61,24.952,3.371,3749431.779,20.214
18767,515,27465.212,14770.282,165.758,975.821,0,2.984,2938803.415,13.015
18768,515,28322.786,15040.103,8.469,32.713,26.684,2.969,2908251.246,7.356
18769,515,28923.91,16103.559,116.831,865.363,0,3.488,4015307.22,9.419
18770,515,35709.608,29165.09,72.25,137.951,13.069,2.333,1795877.528,15.101
18771,515,35739.985,30415.733,168.051,958.365,0,2.081,1428883.877,12.161
18772,516,10312.209,38081.763,151.943,1541.778,0,2.508,2075331.051,8.444
18773,516,10616.454,34319.196,167.78,1353.638,0,3.208,3396121.448,10.904
18774,516,10694.506,35163.925,125.973,1217.581,0,3.424,3869130.869,8.294
18775,516,10735.17,35642.488,161.886,2112.999,0,4.925,8003170.673,8.927
18776,516,10732.616,36471.986,219.299,2274.848,0,2,1319592.03,9.912
18777,516,10820.579,33129.964,48.015,68.439,32.078,3.786,4731322.346,18
18778,516,11036.308,37812.701,37.578,61.623,29.82,3.454,3937314.143,13.719
18779,516,11201.473,36794.96,8.437,27.495,41.026,4.446,6522114.882,9.512
18780,516,11308.259,36345.789,118.848,864.422,0,2.506,2072021.514,8.927
18781,516,11470.566,9482.335,115.042,456.949,0,4.875,7843291.095,16.819
18782,516,21758.327,30484.512,4.519,18.792,38.546,2.524,2101641.973,9.103
18783,516,23205.268,29872.78,190.215,1207.697,0,2.334,1798524.029,12.59
18784,516,27233.464,14452.172,115.288,667.991,0,1.248,514312.858,9.237
18785,516,28087.132,15672.163,106.646,320.885,11.857,2.403,1905692.197,14.295
18786,516,28930.012,16126.842,53.159,77.766,27.342,1.614,859437.336,13.865
18787,516,34013.387,28249.156,155.604,956.073,0,2.222,1629804.107,11.263
18788,517,10317.857,38079.817,7,45.007,43.349,5.131,8688873.841,6.817
18789,517,10722.489,35618.037,77.048,320.911,43.508,4.599,6980243.936,11.879
18790,517,10766.769,38313.858,81.7,115.629,34.133,3.117,3206764.48,22.865
18791,517,10873.417,33105.75,147.041,1131.911,0,2.937,2845945.327,10.101
18792,517,11204.597,36715.286,5.925,35.759,43.498,4.059,5437246.019,7.12
18793,517,11292.055,36357.156,132.518,953.016,0,3.223,3428659.644,10.143
18794,517,21740.63,30544.668,137.722,763.445,11.159,3.426,3872534.492,12.603
18795,517,26759.535,13625.382,146.314,1325.306,0,5.131,8687405.126,10.981
18796,517,27172.396,14368.16,62.18,100.239,21.071,3.791,4743490.278,19.162
18797,517,28039.076,15698.437,74.706,219.681,6.956,2.581,2197825.026,11.996
18798,517,28421.813,15086.219,109.363,533.954,0,4.375,6318088.635,13.078
18799,517,28940.814,16108.471,104.677,470.485,0,2.652,2321390.113,11.244
18800,517,32602.695,26168.927,144.162,690.592,0,3.075,3121119.26,13.795
18801,517,33988.132,28133.665,226.249,2050.11,0,2.269,1699349.529,11.17
18802,517,35676.033,27046.088,7.63,32.394,22.571,3.789,4738504.773,7.764
18803,517,35722.39,30494.305,91.783,362.846,0,4.858,7791649.024,14.291
18804,517,36838.196,27860.226,82.016,177.12,6.936,4.862,7802766.746,21.366
18805,518,10420.96,39290.893,138.587,1032.538,0,3.775,4701816.768,10.717
18806,518,10519.257,33460.744,66.857,136.297,23.882,2.323,1780395.778,13.833
18807,518,10647.677,38360.246,74.783,97.435,41.362,4.094,5530901.093,27.115
18808,518,10796.534,35677.668,6.065,33.247,68.154,5.846,11279771.301,8.836
18809,518,10903.207,33101.328,115.417,601.728,0,4.737,7404750.495,13.447
18810,518,11199.366,36802.979,7.685,41.255,42.007,4.327,6178306.762,6.918
18811,518,11520.437,9476.893,2.53,33.39,20.435,2.978,2926371.41,6.443
18812,518,23171.056,29134.08,108.978,553.582,0,3.091,3153641.86,11.116
18813,518,23412.821,29723.749,119.51,553.353,0,3.528,4107646.277,13.141
18814,518,26717.93,13604.278,10.956,43.401,39.835,5.416,9681308.876,8.131
18815,518,27359.159,13357.89,7.332,44.643,21.919,3.275,3539046.524,6.025
18816,518,32694.262,26264.398,64.105,85.414,21.967,2.955,2882127.049,19.835
18817,518,35206.644,30029.357,150.173,843.064,0,4.063,5446944.452,14.248
18818,518,35605.883,30469.5,8.254,30.284,29.582,5.886,11433625.163,10.169
18819,518,35766.102,26572.724,157.145,870.097,0,4.944,8066243.787,16.523
18820,518,37033.51,25869.818,113.712,441.667,0,4.023,5341919.179,15.292
18821,519,10304.924,38060.342,153.194,1627.133,0,1.993,1311025.472,8.021
18822,519,10453.156,39262.09,149.219,1337.227,0,3.116,3205079.753,9.407
18823,519,10799.607,35602.801,5.139,74.047,68.915,4.661,7169813.803,4.554
18824,519,10802.741,36545.064,7.257,9.857,46.71,1.335,587935.946,12.447
18825,519,10911.111,33101.22,74.42,216.677,20.006,2.404,1907049.623,11.829
18826,519,10938.659,34512.689,49.666,63.571,46.618,2.666,2346464.419,16.828
18827,519,11311.984,36318.194,212.723,2152.532,0,3.879,4964581.2,11.691
18828,519,21679.42,30556.788,4.35,31.944,31.942,3.346,3695022.197,6.994
18829,519,21978.329,30559.329,133.355,563.409,16.671,3.565,4193738.911,15.183
18830,519,22117.009,29712.861,86.12,265.061,11.055,3.002,2974677.028,13.269
18831,519,23317.532,29802.447,143.54,730.534,0,3.095,3160287.777,13.23
18832,519,26720.206,13604.556,8.607,42.311,39.214,3.022,3014044.618,6.333
18833,519,27297.401,13367.209,54.849,57.679,20.522,1.915,1210290.03,18.021
18834,519,28983.459,15905.454,145.468,1339.032,0,6.29,13057189.379,11.991
18835,519,32641.697,26232.044,8.131,27.696,26.801,5.483,9921833.778,10.434
18836,519,35648.407,30410.015,118.302,678.322,0,6.867,15561889.173,15.806
18837,519,35904.766,28445.725,110.18,404.305,0,2.811,2608045.563,13.451
18838,519,36986.331,25756.313,148.121,710.52,0,3.234,3451995.984,14.307
18839,520,10337.382,38069.61,160.952,2007.165,0,4.583,6932408.727,8.936
18840,520,10424.508,39301.073,108.244,772.906,0,5.857,11319076.341,11.289
18841,520,10714.775,35087.142,51.22,78.162,48.213,1.916,1211794.713,13.753
18842,520,10760.187,35602.699,41.018,53.018,69.358,5.197,8912614.281,21.706
18843,520,10725.776,36482.997,6.078,28.483,39.116,4.118,5595284.436,8.398
18844,520,10906.453,33147.954,125.836,742.276,0,2.913,2799924.161,10.843
18845,520,10942.384,34506.819,182.431,2264.697,0,4.668,7191400.298,9.817
18846,520,11008.161,36768.533,94.833,117.158,37.208,2.47,2013645.336,24.905
18847,520,11294.685,36324.525,51.158,110.384,34.596,4.747,7436752.729,15.336
18848,520,21917.638,30645.847,10.443,45.262,31.475,2.32,1776078.413,6.146
18849,520,22009.573,29844.362,7.388,21.393,32.996,2.811,2607125.388,9.216
18850,520,22958.096,29206.728,6.138,19.868,25.4,3.915,5057840.329,10.654
18851,520,23436.144,29676.889,3.754,23.344,33.31,5.238,9053480.007,10.406
18852,520,26720.593,13595.192,8.793,68.447,46.075,5.624,10439383.301,5.567
18853,520,27232.148,14399.938,1.797,22.589,38.321,3.739,4614424.691,8.853
18854,520,32678.215,26448.846,79.516,217.86,14.556,2.111,1470857.094,12.362
18855,520,33977.305,28281.293,136.012,786.572,0,3.832,4845642.268,12.682
18856,520,35801.216,26601.776,149.858,676.936,0,2.527,2107920.06,13.777
18857,520,35887.425,24934.043,107.083,504.771,0,3.387,3786749.619,11.901
18858,521,10320.869,38080.232,10.032,78.618,49.058,4.716,7339626.83,5.004
18859,521,10394.617,39287.169,155.311,1145.252,0,5.093,8561085.004,13.324
18860,521,10720.691,35118.75,2.796,57.437,54.314,7.717,19655423.146,6.32
18861,521,10723.28,35600.583,5.655,63.233,65.879,4.837,7721480.304,5.14
18862,521,10879.416,33120.929,2.813,33.523,29.728,3.34,3682487.269,6.629
18863,521,10956.25,34479.783,4.419,49.663,58.858,7.584,18979385.106,7.193
18864,521,11303.843,36295.08,55.391,45.655,35.764,4.569,6889525.682,35.119
18865,521,21919.382,30598.052,2.237,12.163,35.68,2.152,1528934.989,11.145
18866,521,22016.3,29869.673,89.846,122.139,31.891,1.985,1300348.813,20.46
18867,521,22988.167,29237.262,109.422,543.58,0,5.273,9175589.275,14.216
18868,521,26705.264,13553.64,164.063,1598.497,0,6.304,13114501.694,12.583
18869,521,27213.792,14442.34,46.227,56.3,40.656,4.87,7828139.808,23.364
18870,521,28942.745,16057.611,70.182,95.966,21.638,2.564,2170241.241,19.306
18871,521,32717.755,26242.781,3.771,16.899,25.138,2.658,2331499.964,9.775
18872,521,33996.132,28274.232,152.847,1130.768,0,1.547,789749.477,9.532
18873,521,35656.828,30484.28,27.324,35.142,24.586,3.728,4586519.92,15.117
18874,521,35847.806,26528.962,30.376,37.327,23.215,2.379,1868358.816,13.459
18875,522,10323.385,38041.053,104.183,621.652,30.606,3.044,3058539.556,9.722
18876,522,10715.041,35160.909,126.807,1334.462,0,4.721,7356147.992,8.665
18877,522,10872.621,33127.706,47.123,50.858,30.093,2.307,1756513.019,17.433
18878,522,10996.661,34476.402,190.581,2394.866,0,5.801,11105333.702,11.068
18879,522,10958.498,36798.999,6.99,38.89,48.349,2.35,1822398.979,6.109
18880,522,11021.007,37863.717,150.547,1114.261,0,4.01,5306801.234,11.637
18881,522,11290.661,34934.834,53.471,119.303,45.837,3.916,5061168.031,13.901
18882,522,21677.783,30560.561,5.204,36.841,38.269,3.693,4501243.702,6.67
18883,522,22010.074,29740.962,122.203,718.256,0,5.731,10840518.546,14.184
18884,522,23377.507,29740.788,180.924,1264.865,0,4.191,5796852.628,14.062
18885,522,26750.152,13611.845,103.462,447.379,27.123,4.17,5738033.746,13.454
18886,522,27230.944,14411.585,85.212,382.892,12.432,2.49,2046601.348,9.857
18887,522,28368.455,14986.224,169.52,1178.63,0,1.891,1180436.838,10.695
18888,522,28952.482,16055.815,40.068,33.166,31.244,1.502,744652.996,16.956
18889,522,32685.302,26227.572,42.152,36.807,29.367,1.463,705960.819,16.67
18890,522,33933.247,28319.856,26.847,43.743,37.284,3.73,4592454.582,12.646
18891,522,35622.687,30401.997,33.362,32.376,25.573,2.447,1976395.498,16.44
18892,522,35918.717,28237.66,6.58,40.412,22.794,4.992,8224367.54,7.192
18893,523,10344.606,37992.105,48.099,125.063,48.87,3.579,4226728.662,11.347
18894,523,10451.639,39358.82,179.171,1341.545,0,4.818,7662067.116,14.225
18895,523,10706.929,35267.489,183.696,2207.809,0,5.082,8521634.608,10.458
18896,523,10657.634,36569.196,295.451,4213.17,0,3.68,4469448.164,11.322
18897,523,10758.097,35605.299,173.736,2737.189,0,5.001,8253540.992,8.275
18898,523,10842.193,33138.948,51.256,29.613,37.284,2.576,2189263.854,30.488
18899,523,11277.608,36317.682,164.367,1284.539,0,4.054,5422683.319,11.946
18900,523,21681.077,30564.655,6.795,43.368,51.484,5.844,11269058.212,7.372
18901,523,22907.754,29237.61,142.256,745.221,0,3.106,3183592.721,12.915
18902,523,23356.397,29832.884,8.072,29.132,28.116,4.922,7995992.866,9.462
18903,523,26773.659,13665.533,72.303,250.986,30.642,3.679,4465577.505,11.827
18904,523,26880.887,12717.233,5.519,49.12,19.687,2.489,2043883.959,5.223
18905,523,27244.456,14460.27,100.261,613.887,0,2.967,2904927.412,9.298
18906,523,28352.659,15087.603,129.763,669.137,0,4.377,6323427.689,14.173
18907,523,32710.571,26505.259,36.154,47.899,28.982,2.057,1396174.724,13.105
18908,523,33926.508,28292.927,41.134,72.138,26.54,1.811,1082654.843,11.351
18909,523,35647.58,30417.833,135.331,839.75,0,3.066,3102166.75,11.139
18910,523,35932.681,28205.719,131.027,730.573,0,1.6,845207.405,10.291
18911,524,10311.419,37992.101,132.896,1387.635,0,2.928,2828972.657,7.902
18912,524,10429.168,39303.108,128.181,682.278,0,4.201,5824705.63,13.455
18913,524,10713.701,35550.527,109.479,895.241,25.379,7.152,16882843.329,11.444
18914,524,10683.293,36478.203,3.257,25.464,40.269,3.629,4346427.711,8.19
18915,524,10842.741,33154.037,57.015,78.766,31.911,3.717,4560288.283,20.23
18916,524,11041.982,37903.486,143.43,889.625,0,3.018,3005491.755,11.502
18917,524,11199.698,34520.001,2.912,25.179,53.91,1.502,744472.673,6.88
18918,524,11199.181,36719.802,3.24,46.865,36.94,3.448,3923269.854,5.456
18919,524,11282.505,34882.8,4.783,25.151,53.213,3.467,3967406.337,8.338
18920,524,11292.607,36331.544,146.177,1200.686,0,3.663,4428743.976,10.287
18921,524,21759.983,30638.434,1.997,61.601,48.486,4.302,6107250.29,4.788
18922,524,23002.955,29232.051,79.816,214.837,11.36,2.382,1873215.07,12.896
18923,524,26737.787,13654.524,136.518,1016.135,0,2.982,2934048.322,9.9
18924,524,26955.265,12719.611,8.707,22.29,23.968,2.155,1532424.97,8.719
18925,524,27197.064,14402.569,6.528,31.671,30.722,3.013,2995283.816,7.158
18926,524,32703.346,26557.735,50.057,64.553,25.22,1.811,1082544.39,14.892
18927,524,33961.918,28393.195,65.003,122.726,20.411,4.788,7567026.376,20.005
18928,524,35670.503,30504.033,145.496,789.629,0,4.577,6912852.62,15.166
18929,525,9949.6,39216.471,120.424,747.431,0,3.278,3547100.185,10.565
18930,525,10323.614,37979.774,190.048,2939.374,0,4.967,8143013.682,8.878
18931,525,10511.377,33554.376,152.133,1039.673,0,3.622,4329629.751,11.908
18932,525,10750.663,35614.869,133.337,1834.08,0,4.348,6238014.518,7.311
18933,525,11043.285,34481.607,8.007,37.01,53.365,3.165,3306157.332,6.831
18934,525,11232.802,36742.848,139.318,1334.947,0,6.452,13739930.799,11.412
18935,525,11299.826,36350.533,129.979,1021.082,0,1.538,780157.218,8.469
18936,525,21760.295,30640.188,7.579,28.466,59.549,1.965,1274397.976,7.221
18937,525,22000.04,29841.661,3.969,24.32,29.962,3.268,3524184.242,8.238
18938,525,23472.054,29721.38,136.356,687.886,0,3.963,5183971.659,14.225
18939,525,26718.359,13569.02,75.292,210.293,20.551,1.649,897518.957,11.37
18940,525,27198.976,14402.294,10.128,80.212,31.949,6.532,14080063.491,5.515
18941,525,27248.964,13252.309,97.505,402.085,1.567,3.341,3683105.023,12.216
18942,525,28920.452,16091.47,126.655,920.458,0,3.572,4210866.34,10.098
18943,525,29088.177,36035.375,81.892,254.85,0,5.537,10120698.594,17.183
18944,525,32682.87,26530.662,130.748,768.206,0,2.519,2093881.054,10.73
18945,525,33930.17,28368.494,67.71,135.68,17.052,1.96,1268185.822,13.489
18946,525,35603.313,30477.862,8.525,44.71,22.298,3.012,2994782.256,6.109
18947,525,36013.116,28049.612,109.608,435.293,0,2.605,2240080.919,12.442
18948,526,10354.672,38062.236,159.523,1926.729,0,1.906,1199401.487,7.607
18949,526,10427.739,39325.197,116.363,748.767,0,3.129,3230086.645,9.975
18950,526,10496.023,33609.017,47.34,99.782,29.738,3.47,3972592.797,12.859
18951,526,10709.338,35065.73,71.677,237.804,41.618,3.294,3580528.104,11.66
18952,526,10751.912,35542.907,145.369,2293.83,0,5.344,9423269.451,7.524
18953,526,22080.506,29907.995,6.625,24.398,29.377,1.749,1009232.902,7.584
18954,526,22881.754,29202.897,3.868,30.21,30.372,4.269,6013885.677,7.813
18955,526,23359.048,29762.16,5.738,53.309,26.679,5.916,11548925.047,6.214
18956,526,26745.9,13634.578,126.119,939.314,0,5.299,9266945.756,11.596
18957,526,26960.375,12721.517,1.728,28.937,25.191,1.538,780826.049,6.326
18958,526,27174.438,14407.773,137.112,1109.006,0,4.689,7256341.103,10.94
18959,526,28860.745,16130.808,49.571,90.545,28.717,4.679,7224493.597,17.02
18960,526,32620.361,26186.594,125.013,619.94,0,2.849,2678866.568,11.996
18961,526,34000.256,28398.924,3.511,23.199,29.045,3.571,4208327.412,8.709
18962,526,35622.224,30451.644,85.552,155.824,18.909,2.183,1573337.206,16.858
18963,527,10312.862,37999.027,10.609,60.272,49.829,3.725,4578309.846,5.675
18964,527,10438.835,39328.488,126.18,769.328,0,3.324,3646837.122,11.054
18965,527,10714.465,36468.693,46.951,89.856,29.646,2.823,2630326.218,12.692
18966,527,10748.731,35540.799,65.741,232.194,74.957,3.868,4937895.346,11.253
18967,527,11024.06,37882.928,142.337,976.365,0,4.806,7621832.637,12.817
18968,527,11247.411,36721.847,49.836,77.682,40.132,3.587,4246235.684,16.698
18969,527,21855.091,30650.241,55.925,69.061,33.513,4.319,6155526.07,23.997
18970,527,21963.624,29760.112,2.893,19.749,37.167,2.274,1706069.619,8.398
18971,527,22914.811,29278.61,178.512,1162.485,0,3.269,3526302.195,13.186
18972,527,26782.927,13532.753,195.606,1774.357,0,2.859,2696969.259,10.782
18973,527,27183.437,14407.969,23.73,32.6,37.023,3.826,4831473.208,14.107
18974,527,28027.187,14443.785,82.146,143.595,16.585,3.027,3023280.821,19.267
18975,527,28095.056,14677.192,93.508,220.675,17.618,1.665,915103.334,14.096
18976,527,28932.699,16098.68,121.492,1054.054,0,5.279,9197658.381,10.08
18977,527,32613.415,26234.306,167.132,827.984,0,3.06,3090319.375,14.855
18978,527,33932.764,28323.897,181.362,1312.19,0,3.56,4182879.174,12.803
18979,527,36278.457,27016.697,80.645,215.651,8.615,3.23,3442923.267,14.421
18980,528,10310.115,38036.702,95.824,580.145,22.755,4.463,6572196.515,10.344
18981,528,10437.449,39302.585,119.43,822.547,0,3.892,4998669.272,10.372
18982,528,10773.447,35586.43,30.906,39.052,87.062,3.049,3068892.313,14.516
18983,528,10751.638,36497.969,182.78,1754.502,0,5.196,8909084.228,12.432
18984,528,11005.139,37794.307,52.898,80.205,28.739,3.364,3733919.336,17.089
18985,528,11275.086,36791.273,202.949,2433.858,0,3.666,4435211.606,9.905
18986,528,21760.074,30641.713,2.549,52.836,39.4,6.224,12782090.661,6.041
18987,528,23437.043,29725.365,51.202,115.776,30.994,4.679,7224207.649,14.678
18988,528,26960.241,12727.082,7.09,40.669,23.795,3.39,3791590.954,6.394
18989,528,27206.291,14324.406,4.916,24.964,36.454,5.593,10321810.403,10.485
18990,528,28906.142,16066.968,113.387,416.572,22.364,3.414,3845977.07,14.736
18991,528,35517.137,30479.094,35.823,67.58,20.673,1.44,684030.383,10.032
18992,528,36255.556,26984.295,74.441,118.921,17.292,2.758,2510105.56,18.493
18993,528,36872.335,25785.943,33.655,17.295,20.926,1.328,582362.342,20.68
18994,528,36967.839,27828.307,235.894,1459.678,0,3.85,4891503.577,17.971
18995,529,10262.595,38094.527,84.368,169.568,47.193,4.269,6014947.698,21.292
18996,529,10415.326,39316.966,104.765,546.294,0,4.774,7521545.896,12.606
18997,529,10718.609,35091.267,153.413,1477.759,0,3.483,4004607.174,9.415
18998,529,10807.426,35575.442,179.26,3078.487,0,3.732,4595568.968,7.334
18999,529,11207.135,34531.584,176.275,1804.853,0,6.099,12277226.236,12.548
19000,529,11275.735,36714.208,7.911,32.676,52.048,2.827,2638287.626,7.166
19001,529,22929.298,29241.464,139.298,871.015,0,2.833,2648392.11,11.036
19002,529,23444.032,29754.506,9.685,25.158,30.874,3.545,4146124.743,9.584
19003,529,27174.684,14416.469,79.487,172.451,14.947,3.248,3481623.878,16.63
19004,529,27279.226,13283.735,4.841,27.122,25.26,4.022,5337400.366,8.375
19005,529,28939.307,16096.473,63.376,163.034,19.741,3.993,5261999.275,13.986
19006,529,35522.08,30458.193,89.921,277.042,17.762,4.251,5963266.578,15.881
19007,530,10313.224,38054.307,184.375,1888.105,0,3.443,3912974.778,10.129
19008,530,10736.529,35139.229,96.934,403.426,29.126,3.047,3063754.019,11.731
19009,530,10717.907,36632.69,196.036,1902.262,0,5.095,8566087.662,12.857
19010,530,10762.294,35565.946,142.61,1748.741,0,5.013,8294942.412,8.62
19011,530,11154.837,34509.685,163.592,1569.292,0,5.838,11246946.262,12.175
19012,530,11243.309,35005.543,146.296,1370.329,2.56,1.252,517179.56,8.099
19013,530,11203.099,36802.744,4.69,24.852,53.926,4.979,8181528.137,9.819
19014,530,22062.142,29694.255,113.716,454.952,5.514,5.452,9808700.814,17.749
19015,530,22952.509,29176.508,107.166,404.702,20.444,4.008,5301884.571,14.95
19016,530,23812.989,29457.257,108.421,419.082,0,2.812,2609156.532,12.867
19017,530,27180.82,14387.775,84.723,193.513,14.794,1.601,846314.433,13.523
19018,530,27272.783,13276.273,7.152,28.994,23.33,4.945,8070181.23,9.26
19019,530,33890.819,28332.107,52.209,36.564,19.249,1.576,819692.098,21.578
19020,530,35579.046,30390.482,36.001,27.681,22.836,3.283,3557769.857,23.216
19021,530,36846.731,27799.562,81.35,298.459,0,3.435,3894663.195,11.931
19022,531,10290.657,38041.446,174.273,1886.358,0,5.989,11835917.139,11.795
19023,531,10369.897,39374.662,88.658,523.064,0,6.324,13200109.364,11.819
19024,531,10780.751,35550.863,166.113,1870.358,0,4.775,7525454.924,9.948
19025,531,11237.47,35023.654,207.904,2944.759,0,2.766,2523996.418,8.457
19026,531,11202.293,36800.962,2.683,25.456,45.97,5.69,10683034.76,10.029
19027,531,21685.294,30621.147,176.454,2207.143,0,4.481,6625473.456,9.402
19028,531,22945.418,29231.537,73.914,333.745,23.922,1.04,356844.567,8.393
19029,531,23828.435,29393.854,151.947,759.333,0,2.945,2863052.946,13.664
19030,531,26877.315,13607.581,10.02,29.409,31.2,3.336,3673644.43,8.534
19031,531,27163.613,14420.117,93.34,351.595,6.966,4.118,5596210.854,13.796
19032,531,27267.616,13281.715,7.158,34.394,25.382,3.371,3751263.042,7.109
19033,531,28958.528,16100.589,153.559,846.681,0,3.39,3791876.649,13.552
19034,531,33854.504,28330.203,107.641,384.461,0,1.337,589896.235,11.638
19035,531,35613.326,27285.379,127.423,388.785,5.581,1.991,1308840.136,14.991
19036,531,35481.917,30456.12,207.566,1650.173,0,2.697,2400417.924,11.977
19037,531,36962.687,25678.897,4.118,23.455,21.124,1.797,1065308.791,7.414
19038,532,10278.512,38116.98,56.597,70.986,42.796,3.672,4449910.519,21.578
19039,532,10408.793,39348.191,94.103,557.965,14.765,4.596,6972294.213,10.499
19040,532,10481.179,38402.337,1.164,27.457,47.86,5.294,9249413.553,8.967
19041,532,10761.948,35563.559,165.332,1882.973,0,3.089,3149952.969,8.612
19042,532,11252.377,36520.744,153.127,1385.018,0,3.706,4533023.669,9.981
19043,532,11234.863,36849.431,141.449,1082.285,0,5.08,8515605.809,12.086
19044,532,21643.559,30603.305,134.27,1298.589,0,2.476,2023052.453,8.084
19045,532,22906.057,29244.917,72.038,308.799,25.872,3.111,3193133.332,9.731
19046,532,26934.479,12759.483,124.001,554.684,0,2.574,2187687.419,12.39
19047,532,28206.53,14726.287,94.375,240.811,16.921,2.566,2172411.017,15.09
19048,532,28986.664,16038.301,118.917,1383.525,0,7.153,16886515.139,9.248
19049,532,33939.235,28354.081,90.179,174.085,10.909,2.316,1769770.681,17.081
19050,532,35545.694,30467.021,129.599,826.838,0,2.87,2718504.826,10.464
19051,532,37007.931,25706.025,174.236,876.157,0,2.949,2870539.292,14.909
19052,533,10286.7,38045.858,80.633,223.944,24.853,1.885,1172283.279,12.078
19053,533,10526.147,33178.027,108.832,528.647,0,4.916,7975518.242,13.868
19054,533,10555.452,38425.559,233.347,2956.225,0,4.637,7096066.342,11.457
19055,533,10643.152,35278.613,5.382,42.122,47.273,4.576,6910212.792,6.568
19056,533,10716.064,35560.094,138.425,1329.957,0,5.746,10894616.815,10.668
19057,533,11240.294,36531.186,150.993,1468.465,0,4.902,7931631.937,10.448
19058,533,11368.665,35935.82,125.841,742.535,0,2.753,2502077.259,10.683
19059,533,21589.4,30611.235,124.392,855.066,0,4.195,5807994.35,10.971
19060,533,22891.224,29253.523,48.402,102.259,36.728,1.657,906297.718,10.784
19061,533,26775.16,13659.245,128.053,729.274,0,2.068,1411115.582,10.397
19062,533,28223.595,14690.074,36.231,32.365,27.088,2.349,1820754.211,17.703
19063,533,28983.552,16043.887,126.909,1529.198,0,1.03,350256.346,6.578
19064,533,33997.355,28331.453,7.854,29.427,21.322,3.81,4791707.309,8.355
19065,533,35553.082,30469.732,109.252,718.987,0,4.51,6713466.07,10.68
19066,533,35887.252,26000.065,90.341,252.254,5.132,1.94,1242354.25,12.886
19067,533,36576.717,28604.793,88.322,283.046,1.342,1.969,1278881.124,11.753
19068,534,10400.971,39353.483,101.392,458.894,26.517,1.731,988760.687,10.176
19069,534,10640.028,34399.703,0.881,41.548,32.975,6.784,15190338.117,7.439
19070,534,10565.359,38465.771,142.329,891.298,14.853,3.34,3681848.797,11.749
19071,534,10750.47,35550.07,149.2,1834.662,0,6.237,12837975.282,9.753
19072,534,10752.046,36553.768,72.586,119.852,36.121,2.212,1614979.721,16.383
19073,534,10867.439,33054.389,35.503,29.031,28.048,4.134,5640945.83,25.38
19074,534,11239.987,34984.942,44.878,72.773,50.919,4.641,7109331.814,17.59
19075,534,11240.485,36637.372,5.828,18.92,48.078,4.032,5365958.335,11.118
19076,534,21600.627,30601.619,2.175,31.817,31.376,2.564,2169082.58,6.414
19077,534,21874.315,30292.501,180.434,1648.676,0,3.907,5036929.867,11.25
19078,534,22900.134,29256.459,55.33,109.735,34.392,2.057,1396816.084,12.363
19079,534,26784.142,13662.39,97.567,634.976,0.16,3.476,3987583.163,9.167
19080,534,27172.278,14399.009,52.07,59.814,37.983,4.761,7480759.842,26.029
19081,534,28203.951,14730.382,109.361,428.322,0,0.96,303909.558,10.899
19082,534,29007.163,16069.743,132.492,1553.329,0,4.139,5654541.641,7.956
19083,534,33143.408,26541.714,92.384,189.949,11.178,1.844,1122096.447,15.561
19084,534,33998.697,28316.012,128.873,583.408,0,2.67,2351998.509,12.722
19085,534,35600.354,30477.705,5.71,31.232,29.827,1.477,719683.373,6.39
19086,535,10295.188,38052.437,129.616,1143.073,0,4.66,7167505.417,9.88
19087,535,10396.098,39279.565,1.163,33.209,43.208,2.952,2876006.315,6.386
19088,535,10513.113,33196.415,100.679,516.659,0,2.952,2875651.852,10.392
19089,535,10508.858,38441.346,36.691,22.783,49.494,1.462,705852.663,19.437
19090,535,10645.395,34373.257,93.584,256.164,20.422,4.006,5295326.027,17.327
19091,535,10719.992,36560.235,0.726,42.639,44.092,2.957,2885390.917,5.49
19092,535,10771.882,35627.418,129.372,1311.339,0,3.036,3042019.18,7.974
19093,535,11243.477,34947.862,145.837,1807.619,0,8.072,21500926.544,10.981
19094,535,21526.673,30643.679,8.003,25.111,30.524,3.853,4898292.304,9.41
19095,535,22114.545,29668.919,99.1,450.231,0,4.69,7257973.58,13.323
19096,535,22883.914,29271.138,6.424,31.155,41.452,4.163,5720092.463,7.992
19097,535,26880.917,12718.01,2.649,50.568,20.421,2.025,1353302.186,4.821
19098,535,27165.33,13248.806,52.173,70.54,19.437,2.491,2048184.609,16.208
19099,535,27197.741,14401.097,4.884,36.752,38.655,5.125,8666953.886,7.48
19100,535,27453.391,14867.144,120.073,1161.48,0,3.317,3630498.922,8
19101,535,28987.005,16053.169,124.139,1450.416,0,10.069,33457086.208,11.718
19102,535,34056.932,28254.079,122.644,517.083,0,2.516,2089540.217,12.7
19103,535,35535.883,30324.084,158.16,929.097,0,2.996,2963169.659,12.659
19104,535,36238.932,24564.235,25.306,24.747,27.277,2.584,2203214.034,15.361
19105,536,10380.939,39348.89,160.533,1419.86,0,2.146,1520524.767,9.205
19106,536,10472.537,33244.994,134.231,739.04,0,3.182,3341233.868,12.13
19107,536,10735.957,36505.613,84.481,244.207,31.776,3.985,5241122.923,15.445
19108,536,10799.657,35680.194,0.94,29.071,60.189,2.797,2582479.101,6.838
19109,536,11122.033,34719.756,4.722,62.024,51.321,5.92,11564568.093,5.467
19110,536,11239.425,34961.059,174.4,2455.823,0,4.957,8108455.171,8.93
19111,536,11211.178,36598.02,208.318,2553.401,0,1.945,1249012.748,8.735
19112,536,21519.026,30496.714,173.536,1076.244,0,4.109,5570652.196,14.768
19113,536,22936.806,29243.706,203.684,2071.463,0,4.723,7362022.545,12.299
19114,536,27134.143,14255.775,1.029,1.062,49.442,4.382,6335817.159,141.884
19115,536,28212.428,14734.505,140.845,750.955,0,2.557,2157150.175,11.96
19116,536,28996.689,16048.497,77.188,448.893,28.161,2.03,1359812.155,7.828
19117,536,36198.613,24543.838,111.321,637.312,0,3.486,4011486.066,10.813
19118,536,36977.243,25986.722,173.161,1078.286,0,2.679,2367821.165,12.473
19119,537,10280.587,38025.514,154.677,1544.514,0,2.521,2097597.072,8.617
19120,537,10319.991,38393.748,4.131,37.769,47.111,3.344,3690902.321,6.269
19121,537,10404.162,39354.403,137.529,1181.646,0,3.154,3283885.34,9.22
19122,537,10718.015,35119.384,4.694,45.604,50.414,6.887,15653252.1,7.33
19123,537,10743.93,35693.716,39.486,94.69,53.556,4.194,5804275.236,11.62
19124,537,10762.036,36557.493,45.209,45.69,41.116,5.223,9002802.158,28.477
19125,537,11263.777,34984.613,135.809,1625.318,0,5.494,9962890.377,8.795
19126,537,21578.217,30573.159,118.082,721.735,0,2.658,2331265.561,9.984
19127,537,22918.949,29270.83,144.543,1076.913,0,2.484,2036987.5,9.827
19128,537,26858.602,12718.7,91.816,251.691,5.214,1.997,1316427.765,13.231
19129,537,27163.784,14336.672,170.207,1353.538,0,3.679,4466430.051,11.635
19130,537,29041.587,16046.951,34.929,58.755,57.492,4.296,6090723.291,14.471
19131,537,32558.072,26249.276,9.129,26.787,21.958,1.707,961975.227,7.649
19132,537,33825.542,28219.567,73.741,205.915,10.087,2.114,1474594.15,11.732
19133,537,36331.374,25410.994,62.795,97.129,18.202,1.998,1317090.983,15.292
19134,537,36754.954,27796.353,145.929,614.818,0,2.15,1525509.04,13.556
19135,538,10316.05,38037.055,166.392,2173.119,0,6.538,14108512.488,10.339
19136,538,10390.236,39349.636,120.564,727.76,19.289,2.597,2225258.284,10.132
19137,538,10550.066,33160.297,85.454,190.706,21.755,2.733,2465478.765,15.89
19138,538,10684.803,35165.094,180.769,2099.639,0,4.818,7660535.261,10.355
19139,538,10740.124,36467.272,150.33,1287.19,0,2.902,2778749.73,9.555
19140,538,11151.503,36590.853,56.276,90.452,43.988,4.471,6597297.023,19.844
19141,538,11277.133,35013.51,60.89,175.751,51.798,5.861,11337898.122,15.381
19142,538,11365.649,35953.982,113.222,682.385,0,4.552,6837273.009,11.697
19143,538,21566.747,30529.188,74.575,164.904,26.191,3.449,3924800.281,16.175
19144,538,22000.656,29684.862,5.088,33.267,26.042,5.844,11271189.812,8.625
19145,538,22898.316,29277.701,73.889,147.627,35.647,2.55,2145444.655,15.285
19146,538,27164.701,14366.99,178.924,1474.926,0,4.142,5661893.774,12.31
19147,538,27415.824,14882.128,107.206,647.039,0,1.285,544885.493,8.728
19148,538,28992.988,16048.317,124.996,1213.376,0,4.49,6651918.772,8.908
19149,538,36187.2,24388.777,144.638,825.642,0,2.221,1627216.738,11.278
19150,538,36282.614,25178.273,55.132,45.529,21.465,1.104,402570.223,18.479
19151,538,36667.987,27734.573,54.045,99.132,13.416,1.046,361069.371,11.69
19152,538,36889.41,25760.144,0.257,27.683,21.202,3.888,4989505.19,7.753
19153,539,10265.811,38082.807,1.755,20.091,51.586,5.348,9440047.263,11.558
19154,539,10379.353,39302.205,56.655,124.546,36.529,4.171,5741834.532,14.997
19155,539,10468.932,33254.419,166.304,1149.249,0,3.68,4468704.347,12.624
19156,539,10718.485,35157.498,149.172,1429.223,0,6.354,13324172.237,11.912
19157,539,10797.166,35582.915,9.552,22.397,65.971,2.76,2513089.134,9.475
19158,539,10799.728,36478.185,6.213,30.603,43.82,3.33,3660351.215,7.46
19159,539,11259.702,34972.142,156.746,2300.887,0,4.078,5488746.787,7.618
19160,539,21925.16,29744.838,106.824,275.116,22.156,2.091,1443378.235,15.199
19161,539,22901.722,29285.633,150.831,1300.141,0,4.776,7527871.055,11.258
19162,539,26856.806,12731.076,116.137,377.76,4.936,2.317,1771534.151,14.171
19163,539,27271.497,13224.448,34.621,34.585,21.547,2.102,1457736.126,15.523
19164,539,27230.019,14514.349,79.375,213.267,15.993,2.353,1827760.741,12.828
19165,539,27427.148,14896.987,82.702,430.413,22.457,4.593,6961103.097,10.587
19166,539,28995.052,16072.311,133.001,1484.863,0,3.823,4823683.191,8.05
19167,539,33755.187,28191.407,60.972,98.854,15.783,0.982,318327.272,13.128
19168,539,35487.628,30427.668,123.49,547.794,0,2.645,2308185.159,12.519
19169,539,36129.138,24450.041,115.113,485.031,0,2.604,2237751.918,12.34
19170,539,36241.209,25275.663,4.323,29.963,21.478,5.103,8595281.152,8.574
19171,539,36609.549,27808.99,58.067,57.991,17.399,1.893,1183011.932,19.153
19172,540,10483.562,33222.591,188.894,1914.737,0,3.227,3436376.376,10.159
19173,540,10401.428,39293.506,54.022,181.957,28.219,2.968,2907129.698,9.598
19174,540,10910.985,32947.902,110.216,497.446,0,4.641,7109320.739,14.361
19175,540,21558.468,30496.592,91.436,217.067,22.369,3.316,3627985.33,17.252
19176,540,22886.881,29281.15,142.824,839.561,10.732,2.788,2565100.946,11.606
19177,540,28080.45,14506.228,27.863,50.57,28.071,3.535,4123775.582,11.572
19178,540,29010.955,16053.512,54.353,141.005,52.319,5.468,9867997.634,14.931
19179,540,35484.351,30384.128,34.645,19.565,25.007,3.302,3598773.318,29.415
19180,540,35543.507,28216.721,56.564,101.525,18.832,2.662,2339201.549,14.309
19181,540,36207.387,24499.448,71.62,112.887,13.991,1.236,504326.377,14.752
19182,541,10287.372,37986.539,54.076,179.512,38.337,4.646,7124787.341,11.326
19183,541,10398.355,39278.668,3.234,43.064,43.299,5.287,9224557.947,6.577
19184,541,10480.668,33281.101,3.093,61.093,42.685,3.825,4829461.637,4.741
19185,541,10541.239,38405.461,117.513,456.949,30.937,4.994,8230759.127,17.638
19186,541,10726.736,35605.084,4.889,13.987,50.809,3.184,3346229.618,12.165
19187,541,10889.541,36587.184,17.808,46.354,57.088,7.317,17669375.319,12.121
19188,541,11102.541,33801.77,189.785,1540.539,0,3.777,4708343.208,12.477
19189,541,11272.115,34962.218,6.864,24.579,67.92,5.63,10462044.721,11.202
19190,541,21560.838,30483.958,5.491,13.922,28.499,3.022,3013780.933,12.088
19191,541,21985.173,29759.286,58.082,78.225,27.948,1.595,839081.268,15.174
19192,541,26897.263,12700.3,42.454,66.183,15.586,2.432,1952039.537,13.22
19193,541,27281.132,14557.23,136.996,743.459,0,3.309,3614509.673,12.583
19194,541,29023.586,16015.363,167.448,1498.509,0,2.377,1865135.444,9.519
19195,541,32753.209,26340.428,167.994,846.385,0,3.964,5184405.127,16.555
19196,541,35449.106,28318.263,7.283,22.128,20.459,2.065,1407257.296,8.361
19197,541,35457.239,30432.657,42.622,45.807,24.192,2.383,1873561.92,16.844
19198,541,37103.508,26539.763,93.953,307.436,0,2.339,1804848.05,12.472
19199,542,10345.063,37890.332,108.386,895.701,0,4.631,7078134.312,9.163
19200,542,10387.486,39313.493,77.783,226.244,29.051,1.368,617357.284,11.056
19201,542,10491.767,33300.602,179.564,2150.744,0,3.406,3828623.015,8.984
19202,542,10561.477,38493.897,171.106,1706.977,0,4.817,7656402.632,11.111
19203,542,10787.872,35630.419,138.672,1389.09,0,3.286,3564407.297,8.508
19204,542,10883.491,36658.078,9.79,30.203,47.367,5.099,8581482.521,9.924
19205,542,11141.253,34728.021,66.179,98.864,59.056,6.538,14105425.221,31.14
19206,542,11240.743,34977.724,29.054,27.267,62.148,4.272,6023374.78,21.353
19207,542,21992.29,29839.462,5.437,24.619,37.625,5.418,9686234.575,10.533
19208,542,22840.334,29278.633,85.056,374.401,11.678,3.781,4718148.75,11.217
19209,542,26816.405,12685.551,84.6,254.394,9.925,1.375,623904.472,11.331
19210,542,27121.041,14278.279,5.182,16.389,30.488,3.222,3425858.859,10.985
19211,542,28275.839,15861.377,146.886,910.852,0,3.793,4748367.811,12.669
19212,542,29015.9,16066.203,81.716,265.802,29.717,2.003,1324532.756,11.205
19213,542,32830.024,26917.639,115.581,514.22,0,1.654,903136.962,10.958
19214,542,34157.361,28325.514,9.96,43.571,25.22,1.837,1113768.375,6.034
19215,542,35481.956,28389.154,98.254,343.863,0,2.058,1397567.749,11.933
19216,542,36159.557,24476.203,106.375,374.989,12.234,2.257,1681840.005,12.692
19217,542,36171.019,25243.566,46.871,52.325,24.062,1.753,1013785.919,15.661
19218,542,36944.321,26069.305,54.877,72.226,22.853,2.716,2433778.838,17.56
19219,543,9836.965,39144.193,52.381,57.222,27.571,3.866,4931691.643,23.695
19220,543,10323.326,37961.716,190.933,2158.18,0,4.15,5684661.933,10.328
19221,543,10472.093,33257.135,36.067,68.895,37.902,2.191,1583829.921,10.617
19222,543,10533.231,38453.931,69.973,226.354,33.287,3.353,3709252.906,11.765
19223,543,10720.96,35758.747,7.909,43.463,54.24,7.389,18020091.053,8.629
19224,543,10801.855,36583.444,37.332,67.968,37.504,4.432,6481706.424,14.26
19225,543,11182.165,34670.629,198.762,2650.402,0,3.397,3808381.501,8.935
19226,543,11246.313,36687.725,113.407,771.421,8.356,3.133,3238770.897,9.487
19227,543,11278.666,34968.974,8.745,36.269,48.967,4.025,5347350.214,7.591
19228,543,21999.277,29758.381,7.564,40.171,29.074,4.206,5838443.157,6.951
19229,543,22950.303,29185.273,229.557,2701.463,0,3.618,4318868.55,10.824
19230,543,28126.677,14693.96,77.896,156.427,13.293,1.995,1313386.587,14.608
19231,543,28231.754,15829.853,141.183,798.611,0,4.952,8093898.2,14.993
19232,543,29003.993,16093.581,119.125,865.536,0,5.455,9821385.455,11.507
19233,543,32767.908,26329.039,109.925,544.241,0,4.48,6624950.851,13.137
19234,543,34159.551,28316.18,6.085,26.683,24.344,4.772,7514357.548,9.406
19235,543,35404.701,28476.613,64.086,84.452,14.633,2.52,2095057.315,18.614
19236,543,35875.528,25256.262,60.056,63.874,18.326,2.864,2706033.831,22.197
19237,543,36187.753,24498.57,65.944,101.006,23.93,2.67,2352383.323,17.44
19238,543,37062.486,25906.3,26.856,47.82,24.576,3.796,4754791.003,11.956
19239,544,10322.639,37924.764,8.248,24.719,45.075,3.853,4899842.798,9.587
19240,544,10496.664,33302.619,124.891,947.288,9.083,4.61,7013536.682,10.666
19241,544,10402.081,39277.198,9.841,92.334,40.137,4.466,6582253.154,4.445
19242,544,10637.642,38412.379,58.998,90.073,37.049,3.295,3583837.589,17.958
19243,544,10763.76,35714.906,140.34,1311.589,0,3.823,4823719.323,9.331
19244,544,10786.938,36590.934,123.046,1021.984,0,2.46,1997581.949,8.399
19245,544,10959.304,38007.617,4.376,25.902,32.701,3.407,3830338.425,8.065
19246,544,11162.087,34654.762,49.618,34.711,51.431,2.806,2597545.816,27.016
19247,544,11198.39,36704.623,25.631,61.64,50.39,5.059,8447234.583,10.834
19248,544,11288.166,35053.118,183.088,1741.501,0,2.841,2662731.292,10.034
19249,544,11376.08,35800.469,146.102,922.639,0,5.24,9060054.13,14.571
19250,544,22956.206,29239.644,89.687,395.783,21.239,3.751,4642638.737,11.542
19251,544,27123.41,14249.033,169.828,1304.556,0,2.627,2277903.984,10.742
19252,544,27462.116,14912.141,140.561,974.298,0,4.158,5706305.665,11.803
19253,544,27804.098,15358.361,45.169,66.322,20.258,1.733,991210.485,13.01
19254,544,36074.742,24486.686,166.713,1307.383,0,1.582,826218.984,9.692
19255,544,36201.094,25379.985,105.225,457.457,0,3.319,3634413.268,12.342
19256,544,36156.808,26559.134,6.472,20.917,24.259,2.807,2599570.202,9.131
19257,544,37040.684,25840.432,2.378,78.856,29.319,2.982,2934153.024,3.91
19258,545,9888.894,39077.3,144.484,867.045,0,4.154,5695276.385,13.339
19259,545,10320.183,37977.792,134.556,1113.904,0,4.136,5646581.418,10.112
19260,545,10398.947,39283.27,4.679,32.513,39.625,3.578,4224489.257,7.092
19261,545,10469.705,33288.364,61.912,86.141,27.075,2.516,2089039.093,17.549
19262,545,10549.634,38437.595,183.244,1916.628,0,5.058,8441375.177,11.528
19263,545,10717.419,35201.75,3.858,38.39,39.087,2.532,2116132.737,5.852
19264,545,10828.155,35696.018,177.804,1709.852,10.01,1.913,1207121.189,9.151
19265,545,11197.321,34554.772,8.062,28.636,42.207,4.804,7616185.116,9.467
19266,545,11201.12,36717.968,5.093,37.162,49.007,3.365,3736092.118,6.453
19267,545,11287.253,34988.036,58.77,123.489,37.358,4.188,5789334.287,15.908
19268,545,22080.152,29677.449,8.195,40.876,25.25,3.316,3628136.683,6.529
19269,545,23002.197,29246.885,171.728,1419.759,0,1.791,1059078.509,9.694
19270,545,27102.479,14302.96,97.737,475.897,0,2.303,1750865.205,9.987
19271,545,28163.096,14716.061,72.572,139.259,16.041,2.333,1796404.361,15.091
19272,545,32733.132,26310.644,149.692,647.319,0,1.337,589749.986,12.482
19273,545,33771.375,28230.096,61.183,87.913,21.732,2.332,1794864.564,16.583
19274,545,34190.137,28289.793,142.587,749.922,0,2.194,1588258.171,11.722
19275,545,35436.804,28476.566,9.692,37.75,20.851,3.703,4524948.554,7.405
19276,545,37077.947,25801.013,121.124,697.665,0,2.745,2487226.774,10.593
19277,546,9885.037,39032.574,151.138,785.619,0,2.341,1809018.551,12.405
19278,546,10316.341,37998.078,2.978,29.793,49.694,5.021,8321367.217,8.359
19279,546,10481.274,33277.414,7.258,42.854,36.911,5.841,11258343.845,7.533
19280,546,10675.028,34234.788,115.548,785.064,0,2.728,2456455.695,9.299
19281,546,10732.507,35725.142,31.483,53.671,53.892,4.697,7281493.129,14.421
19282,546,10788.659,36537.385,162.122,1364.266,0,4.397,6381618.88,11.618
19283,546,10959.718,38002.979,5.739,44.052,35.656,4.138,5650985.037,6.215
19284,546,11118.724,34641.025,4.023,45.216,53.253,5.077,8506555.737,6.333
19285,546,11253.927,35064.189,173.221,1911.617,0,4.958,8113015.825,10.555
19286,546,22128.734,29630.996,113.23,521.504,0,3.805,4777523.221,13.123
19287,546,23922.881,29517.267,3.489,18.196,22.233,3.058,3085557.3,9.71
19288,546,27119.702,14321.078,2.487,31.965,30.913,6.005,11898529.671,8.633
19289,546,28116.209,15398.787,121.06,606.351,0,2.709,2421830.832,11.522
19290,546,28911.469,16163.046,145.922,772.392,2.349,5.757,10938404.601,17.766
19291,546,32693.114,26257.592,135.31,564.206,0,2.67,2351968.823,13.842
19292,546,34722.934,28399.716,4.718,24.128,21.123,2.871,2719495.785,8.072
19293,546,36258.319,25362.934,27.275,23.361,25.289,1.715,971012.399,15.019
19294,547,10349.162,37763.66,154.637,1470.578,0,3.356,3717160.566,9.441
19295,547,10645.3,34240.353,4.06,29.653,36.345,3.997,5271378.012,7.742
19296,547,10667.473,35227.878,154.697,1345.703,0,6.259,12928042.189,13.1
19297,547,10755.909,35703.652,133.831,1247.566,0,2.628,2279491.901,8.322
19298,547,10792.329,36520.049,55.473,112.039,39.598,4.734,7396926.037,16.948
19299,547,11199.034,34603.764,3.17,31.433,45.099,4.693,7267355.126,7.817
19300,547,11237.114,34885.136,41.002,39.032,49.857,3.399,3813651.274,21.31
19301,547,11170.338,36765.175,45.029,57.41,43.656,4.448,6528357.012,20.853
19302,547,21666.185,30522.057,68.957,93.229,19.896,2.41,1917330.509,18.767
19303,547,23000.289,29206.749,126.538,668.541,6.56,2.116,1476981.365,10.834
19304,547,26794.674,12686.719,169.928,951.003,0,3.636,4363253.947,14.814
19305,547,27145.954,14335.079,157.134,1198.329,0,1.722,978176.447,9.617
19306,547,28911.834,16176.96,129.72,726.896,0,3.234,3451804.533,11.792
19307,547,34878.342,29685.451,54.603,48.206,20.155,2.954,2879786.671,24.554
19308,547,35441.829,28315.203,11.779,59.082,23.548,3.64,4372944.25,5.936
19309,547,37193.481,25907.003,96.54,291.959,12.348,3.986,5243726.773,16.371
19310,548,10348.297,37932.06,83.064,239.668,35.792,5.409,9656462.991,18.2
19311,548,10415.994,39295.122,92.83,284.92,9.79,0.869,249034.21,11.363
19312,548,10716.934,35169.133,63.295,76.394,36.852,2.581,2198625.88,19.872
19313,548,10805.306,35677.133,3.37,13.308,53.435,4.218,5871500.692,14.213
19314,548,10962.853,38003.647,6.141,45.524,25.838,3.765,4679218.168,5.979
19315,548,11162.582,36730.926,140.749,1426.907,0,1.872,1156426.846,7.817
19316,548,22080.478,29722.198,49.636,110.533,21.732,4.415,6431934.027,14.146
19317,548,22954.32,29246.965,36.099,19.03,38.724,0.994,326058.384,19.689
19318,548,26789.632,12675.517,101.508,332.206,0,2.593,2219490.907,13.435
19319,548,27118.737,14357.716,149.024,1123.656,0,5.377,9542353.208,13.075
19320,548,34185.746,28343.344,151.176,920.211,0,3.113,3197763.306,12.159
19321,548,35560.408,28321.986,112.839,614.94,0,2.882,2740561.869,10.642
19322,548,36268.857,25335.549,180.805,1056.355,0,1.638,885683.877,11.997
19323,548,36879.951,27919.685,0.33,44.639,16.47,2.539,2127428.892,5.218
19324,548,37210.747,25902.626,57.599,151.487,21.719,1.899,1189777.922,10.512
19325,549,9889.836,39150.638,104.454,367.532,5.509,1.707,961919.325,11.909
19326,549,10324.931,37963.707,72.017,283.131,24.145,3.588,4248066.723,10.744
19327,549,10420.206,39308.891,133.68,651.643,0,4.238,5928561.06,14.861
19328,549,10717.882,35314.726,147.36,1271.396,0,3.824,4826340.939,10.152
19329,549,10811.634,35745.582,117.029,365.007,41.112,5.086,8535446.069,21.308
19330,549,11174.008,36662.758,46.539,77.873,47.03,5.746,10897010.506,20.105
19331,549,11279.812,34955.351,5.282,40.756,48.542,6.791,15220284.807,8.038
19332,549,22079.154,29681.545,3.505,36.555,25.524,2.415,1924119.975,5.947
19333,549,23039.226,29204.537,4.946,49.957,34.172,5.927,11592459.853,6.401
19334,549,26821.805,13621.34,109.235,484.103,0,3.258,3502207.844,12.395
19335,549,27199.925,14359.972,3.08,28.229,34.855,2.947,2866764.464,7.175
19336,549,29038.796,16160.33,4.941,28.532,24.106,4.89,7892608.475,8.818
19337,549,34756.69,28405.855,66.083,51.084,17.869,1.838,1114922.443,24.274
19338,549,35499.641,28362.269,92.667,373.672,1.894,3.59,4254401.402,12.335
19339,549,36111.025,24398.997,81.142,197.811,8.215,1.907,1200713.985,13.131
19340,549,36290.034,25347.554,103.157,332.841,10.225,3.223,3427911.956,14.806
19341,549,37231.705,25848.629,32.666,49.951,27.927,2.258,1682249.763,11.821
19342,550,10469.911,33269.978,58.805,143.723,30.691,0.98,317224.865,10.383
19343,550,10762.158,35717.927,152.994,1544.709,0,4.142,5660826.787,9.62
19344,550,11169.622,36708.698,200.647,2555.528,0,4.376,6319064.778,10.036
19345,550,22032.585,29763.417,34.029,34.403,29.894,1.143,431101.993,13.582
19346,550,27439.588,14638.209,4.49,42.044,28.715,3.328,3654653.884,5.896
19347,550,28177.689,14712.455,132.254,618.022,0,3.139,3251239.453,13.355
19348,550,28930.651,16112.871,72.412,111.206,21.15,2.658,2331393.331,18.4
19349,550,35487.819,28494.817,88.171,425.731,0,2.862,2703991.162,9.916
19350,550,35799.095,26708.059,140.898,835.299,0,2.005,1327085.774,10.664
19351,550,36023.338,24551.598,58,74.881,16.565,0.944,293982.048,14.464
19352,550,36319.214,25301.465,142.736,812.804,0,2.871,2720814.596,11.942
19353,550,37255.239,25821.294,171.808,1349.771,0,4.921,7990099.49,13.439
19354,551,9909.868,39043.155,32.61,37.949,25.974,2.956,2883991.233,15.482
19355,551,10312.343,37996.385,148.671,1480.199,0,4.936,8042381.264,10.195
19356,551,10454.747,33263.833,126.215,883.262,0,4.185,5781226.493,10.93
19357,551,10700.44,35207.294,27.742,48.525,38.193,4.568,6885762.396,13.354
19358,551,10797.712,35680.949,3.622,27.714,54.061,4.265,6004421.456,8.266
19359,551,11032.357,37998.492,6.909,13.044,32.316,2.14,1511929.695,11.569
19360,551,11115.689,36766.387,55.617,144.633,49.658,1.929,1227655.532,10.43
19361,551,11253.476,34909.079,193.061,2656.749,0,6.128,12394211.799,10.73
19362,551,22046.386,29760.687,2.085,27.249,29.373,3.673,4452267.012,7.752
19363,551,27202.422,14405.184,9.959,30.342,29.112,1.411,656761.762,7.181
19364,551,28915.807,16083.481,51.536,84.916,28.474,1.666,916267.591,12.812
19365,551,35337.216,30297.309,95.078,264.596,2.383,2.951,2874096.766,15.033
19366,551,35498.478,28561.001,145.64,710.95,0,1.444,688453.173,11.597
19367,551,35843.174,26642.308,5.006,29.949,33.216,2.054,1392334.222,6.671
19368,551,36320.14,25368.706,6.377,19.175,27.043,4.206,5839203.108,11.401
19369,552,10326,37974.32,65.653,151.82,28.733,3.837,4859091.307,15.176
19370,552,10422.297,39189.093,30.889,25.561,30.999,3.188,3353326.406,20.26
19371,552,10671.837,35254.343,33.783,39.36,40.191,3.117,3206485.824,16.045
19372,552,10786.073,35702.022,171.862,1989.939,0,3.529,4108900.183,9.017
19373,552,10777.992,36436.221,72.952,141.792,33.04,4.409,6415732.711,20.106
19374,552,11196.621,34874.377,6.124,22.968,54.687,3.204,3388776.862,8.881
19375,552,11146.181,36685.748,60.178,90.206,50.464,3.095,3160865.541,17.878
19376,552,22077.225,29754.69,7.238,36.643,24.795,2.296,1740272.025,6.337
19377,552,22309.642,30334.331,167.917,1050.754,0,2.856,2692176.932,12.428
19378,552,26736.407,12683.262,81.908,249.969,0,2.797,2581422.606,12.646
19379,552,28891.434,16161.151,137.517,651.363,0,2.409,1916003.66,12.506
19380,552,35848.47,26683.853,43.48,64.047,28.902,2.759,2511790.616,14.466
19381,552,36351.356,25372.214,71.804,204.708,31.308,3.328,3655605.946,12.988
19382,553,9891.632,39105.855,137.179,676.179,0,5.529,10088422.808,17.477
19383,553,10327.234,38017.483,135.722,1101.361,0,2.705,2414285.815,9.155
19384,553,10466.88,33287.242,141.333,1106.676,4.486,1.563,806102.046,8.875
19385,553,10407.917,39279.54,7.018,25.037,27.72,3.895,5005398.734,9.21
19386,553,10608.452,34204.752,47.092,46.647,28.859,2.73,2460353.099,19.857
19387,553,10560.954,38317.22,1.932,32.547,42.302,3.935,5110228.729,7.035
19388,553,10669.113,36590.35,133.847,968.769,0,3.783,4722337.195,10.692
19389,553,10788.502,35402.559,79.722,250.835,36.332,4.925,8004907.309,15.57
19390,553,10829.41,35748.993,202.506,2655.122,0,4.64,7106162.254,10.127
19391,553,11243.8,34919.951,58.762,124.339,49.016,5.078,8510389.167,17.676
19392,553,11209.072,36661.324,136.047,1045.312,0,4.009,5303384.667,10.595
19393,553,22049,29823.597,104.768,321.294,6.118,2.19,1583021.954,13.619
19394,553,22425.89,30340.011,93.245,443.679,0,5.488,9939251.229,13.385
19395,553,22962.838,29215.649,43.164,47.888,28.483,3.94,5124030.242,21.145
19396,553,26739.521,12730.232,64.207,69.821,25.137,2.823,2630379.421,22.6
19397,553,26735.566,13532.545,42.851,46.192,26.187,1.678,929487.799,15.215
19398,553,27171.096,14291.182,55.835,54.425,26.456,3.003,2975941.538,23.261
19399,553,28240.028,15842.953,5.182,29.079,27.056,3.36,3725782.724,7.558
19400,553,28856.627,16158.894,145.246,891.014,0,2.637,2294045.747,11.247
19401,553,35579.144,28591.897,110.743,342.842,9.719,3.856,4906223.137,17.427
19402,553,36370.95,25363.324,121.152,650.236,0,3.596,4268670.284,12.059
19403,554,9921.323,39131.168,158.086,974.773,0,2.352,1825520.088,11.482
19404,554,10312.97,37965.028,123.316,886.994,0,2.098,1452283.779,8.923
19405,554,10319.998,38476.587,5.645,56.568,53.143,5.085,8533406.843,5.618
19406,554,10474.403,33288.149,56.194,108.136,29.528,5.478,9903173.498,19.49
19407,554,10695.16,35193.031,162.591,1447.825,0,4.16,5710608.251,10.934
19408,554,10755.582,35552.933,191.39,2333.472,0,5.373,9525671.234,10.934
19409,554,11126.176,34551.794,179.066,1874.557,0,4.778,7532629.24,11.041
19410,554,11181.303,36706.942,78.514,160.716,32.271,3.451,3930509.864,17.722
19411,554,11242.658,34917.231,148.502,1633.607,0,4.325,6172018.174,9.04
19412,554,11333.275,36313.457,68.762,120.845,29.326,2.539,2126904.797,15.949
19413,554,22415.086,30265.703,55.42,108.674,24.891,4.313,6139924.275,16.439
19414,554,22888.275,29200.903,4.867,21.008,31.445,2.791,2570838.894,8.776
19415,554,23679.785,28880.468,0.583,36.968,24.071,3.704,4526746.501,6.306
19416,554,26799.161,12717.726,4.778,48.927,27.858,4.323,6168052.878,5.766
19417,554,28276.953,15847.655,116.96,428.285,6.055,3.083,3137028.813,14.468
19418,554,33837.685,28158.872,4.71,42.386,28.305,3.787,4734054.968,6.082
19419,554,36399.139,25356.499,3.011,39.005,24.167,4.002,5284907.068,6.348
19420,555,9884.074,39130.848,138.888,780.822,0,4.318,6154597.965,13.859
19421,555,10284.29,37894.39,121.4,772.651,6.191,4.465,6577798.965,11.696
19422,555,10321.98,38479.734,10.554,39.053,49.955,7.222,17211263.483,10.184
19423,555,10377.306,39398.31,122.188,507.44,0,3.055,3080192.575,13.609
19424,555,10457.074,33263.308,69.625,170.55,36.777,2.149,1524024.516,12.361
19425,555,10639.842,36639.037,3.853,59.327,33.038,5.4,9621893.726,5.365
19426,555,10815.323,35625.098,70.061,136.627,49.674,1.985,1300758.142,14.012
19427,555,11199.494,34959.373,0.673,11.898,52.747,1.822,1095785.16,10.722
19428,555,11201.161,36692.363,137.732,1249.024,0,1.973,1284388.217,8.258
19429,555,22370.468,30341.623,140.263,673.758,0,4.058,5437488.622,15.223
19430,555,22932.717,29212.148,180.645,1281.007,0,3.911,5049089.781,13.467
19431,555,23677.063,28886.179,6.844,24.47,22.56,3.283,3556417.124,8.736
19432,555,26722.103,12721.635,6.728,32.139,22.664,3.545,4147269.778,7.456
19433,555,26791.26,13623.644,171.394,1066.301,0,4.296,6090734.867,14.928
19434,555,28195.267,14750.289,103.803,418.6,0,3.311,3617638.67,12.867
19435,555,28239.635,15828.497,126.943,627.411,0,3.027,3024760.907,12.369
19436,555,28778.277,16127.918,47.626,44.145,28.169,1.196,472100.876,16.365
19437,555,33086.635,26496.115,120.94,440.589,0,3.769,4688022.056,16.227
19438,555,33806.259,28110.612,116.02,460.858,1.547,3.77,4690968.256,14.787
19439,555,36004.047,26086.484,5.132,19.029,23.166,2.124,1488930.624,8.768
19440,555,36020.109,26728.409,96.681,322.69,12.935,1.685,937224.366,11.749
19441,555,36397.203,25356.787,2.129,21.965,32.27,3.072,3114386.096,8.437
19442,555,36536.393,27741.127,98.39,328.583,0,4.644,7118514.631,16.703
19443,556,10399.62,39362.259,1.908,20.133,23.782,3.906,5034290.979,9.795
19444,556,10443.391,33286.904,74.966,258.135,42.173,4.471,6596914.201,13.245
19445,556,10477.617,38474.122,7.845,31.689,48.798,3.35,3703598.818,7.619
19446,556,10674.282,34304.308,165.254,1227.81,0,3.573,4212639.773,11.823
19447,556,10717.451,36552.899,153.149,1063.416,0,2.597,2225175.975,10.713
19448,556,11176.153,36678.342,162.102,1321.595,0,3.406,3827587.044,10.792
19449,556,11286.846,34965.934,182.838,1842.524,0,2.387,1879620.134,9.345
19450,556,22993.72,29280.457,69.582,153.439,22.908,2.214,1617536.841,13.282
19451,556,26752.405,12724.963,91.188,245.627,10.201,2.589,2212417.529,14.293
19452,556,28201.418,14758.989,114.968,451.766,0.536,1.945,1247968.333,12.038
19453,556,31089.387,34691.481,46.83,28.809,16.092,2.604,2237951.233,27.707
19454,556,34709.582,28415.493,111.793,389.973,7.119,2.126,1491786.129,12.967
19455,556,35437.663,28714.213,8.384,32.838,24.351,5.435,9749831.595,9.182
19456,556,36137.525,26163.73,121.123,576.651,0,2.338,1804933.41,11.475
19457,556,36291.131,25317.745,93.267,408.423,5.203,1.586,829890.986,9.824
19458,557,10489.253,33325.809,45.687,79.779,35.245,4.026,5348150.948,15.49
19459,557,10412.226,39326.996,101.449,396.176,0,2.659,2333183.129,12.071
19460,557,11079.849,34475.148,6.296,10.041,45.717,4.331,6190777.297,19.416
19461,557,11243.545,34992.599,193.98,2445.399,0,3.735,4604704.88,9.366
19462,557,21632.023,30635.717,186.339,1561.292,0,2.434,1954410.425,10.586
19463,557,22911.312,29295.923,48.287,42.39,28.928,3.228,3437809.001,24.106
19464,557,26801.385,12723.468,7.775,27.4,21.66,4.802,7608679.885,9.696
19465,557,34783.934,28423.028,187.295,1111.207,0,2.482,2033599.985,13.229
19466,557,34851.686,29747.227,81.457,94.824,17.624,0.513,86798.168,17.289
19467,557,36267.475,25345.081,104.076,431.48,0,4.962,8124407.286,15.252
19468,558,10400.889,37840.003,1.668,52.008,35.457,3.638,4368257.426,5.101
19469,558,10354.818,38435.123,165.381,1423.895,0,4.9,7924157.575,12.176
19470,558,10399.774,39274.985,9.298,39.903,30.347,3.672,4449204.699,7.037
19471,558,10481.797,33282.209,2.518,15.421,50.702,5.647,10522786.801,15.003
19472,558,10775.958,35678.473,90.081,162.147,54.587,3.882,4972119.848,23.031
19473,558,11120.812,36731.698,7.268,19.358,56.685,5.237,9050036.035,13.147
19474,558,11122.989,34554.359,6.104,16.96,50.149,5.607,10375775.147,14.821
19475,558,11205.049,34879.651,9.171,17.51,51.526,2.122,1485443.215,10.204
19476,558,21680.184,30639.376,6.108,81.552,38.877,4.38,6330969.472,4.319
19477,558,26797.853,12678.706,3.743,25.195,23.798,2.56,2163222.783,7.515
19478,558,28821.805,16170.082,92.761,399.573,22.284,3.209,3399218.694,11.348
19479,558,33760.064,28159.745,1.737,55.112,19.733,2.301,1747201.728,4.617
19480,558,36400.549,25353.273,5.114,22.958,25.688,3.421,3861193.335,8.885
19481,559,10351.92,37921.776,37.561,40.604,42.55,0.898,266103.803,13.257
19482,559,10358.592,39292.423,147.085,1015.73,0,4.211,5852483.656,12.277
19483,559,10459.622,33275.291,69.8,242.89,34.104,5.174,8834744.422,13.512
19484,559,10675.434,35166.192,60.998,124.679,30.128,1.962,1270897.008,12.623
19485,559,10901.213,33001.635,98.8,415.255,5.798,3.351,3704857.739,12.173
19486,559,11095.681,36771.869,57.504,125.449,49.678,5.537,10118978.518,17.959
19487,559,11197.873,34791.524,7.812,42.639,46.167,3.559,4180755.742,6.405
19488,559,21678.22,30638.087,8.448,74.265,41.801,5.583,10285961.222,5.201
19489,559,23669.245,29638.09,31.679,37.249,22.296,2.51,2078903.882,14.294
19490,559,26956.651,12657.41,135.043,623.549,0,1.656,905517.718,11.683
19491,559,28285.163,14868.043,111.129,483.888,0,2.13,1497061.301,11.302
19492,559,28770.163,16141.745,129.882,864.601,0,5.55,10165611.136,13.222
19493,559,33766.24,34629.569,7.785,283.704,12.67,11.308,42197124.771,2.642
19494,559,35469.386,30422.986,79.444,187.523,6.966,3.092,3154886.427,15.32
19495,559,36129.252,25985.031,40.401,35.038,23.98,2.971,2912449.034,21.125
19496,559,36331.618,25363.157,6.783,20.24,21.675,4.017,5324216.135,10.82
19497,559,36625.071,27759.648,157.516,751.173,0,3.017,3004575.352,14.575
19498,560,10311.413,37993.361,135.412,1181.064,0,2.721,2444170.246,8.767
19499,560,10476.53,33249.767,33.27,51.993,42.406,4.455,6548415.793,15.305
19500,560,11107.441,36838.811,54.918,113.856,38.59,6.587,14319018.95,20.498
19501,560,21641.143,30628.392,114.61,672.95,0,5.661,10575324.598,13.435
19502,560,26700.053,13656.634,68.03,152.606,11.551,1.519,760967.273,12.098
19503,560,26887.101,12717.095,3.803,19.759,22.624,2.749,2493301.912,8.923
19504,560,27392.479,14747.288,198.051,1688.626,0,3.667,4438219.188,12.27
19505,560,28283.242,14913.545,53.87,72.826,19.967,2.874,2725973.182,17.465
19506,560,28879.255,16153.871,6.691,15.944,29.239,2.272,1702906.87,10.289
19507,560,34182.581,28424.006,137.734,614.237,0,3.826,4831246.1,15.43
19508,560,35461.531,30487.863,121.138,529.748,0,2.861,2701797.075,12.786
19509,560,36317.623,25277.844,6.991,50.189,18.012,2.575,2187375.536,5.351
19510,560,36561.305,27836.535,8.482,20.001,21.087,3.247,3479320.477,10.455
19511,561,10415.729,33271.748,191.54,2057.212,0,3.355,3714122.738,9.985
19512,561,10411.419,39304.022,116.836,461.08,4.352,3.193,3364634.406,13.914
19513,561,10524.877,38357.846,91.295,445.226,14.173,5.459,9833413.506,12.899
19514,561,10716.632,35279.831,3.903,43.855,41.195,4.562,6868394.261,6.208
19515,561,11125.499,36724.886,4.806,39.625,52.918,3.044,3057053.487,6.03
19516,561,11200.421,34714.124,7.736,75.504,41.794,2.488,2043463.443,4.329
19517,561,21661.423,30624.189,131.285,828.911,0,5.544,10143757.792,13.881
19518,561,22860.102,29281.427,25.152,25.568,26.832,2.771,2534137.884,15.352
19519,561,26747.815,13639.772,110.636,451.04,0,3.974,5212025.167,14.386
19520,561,28266.562,14889.062,68.882,103.105,18.937,5.249,9091687.385,27.026
19521,561,28701.376,16116.876,70.418,188.481,15.416,3.509,4063313.109,13.698
19522,561,28957.807,16067.429,36.378,52.474,29.055,3.857,4910353.42,15.652
19523,561,36124.017,26121.469,89.937,261.612,6.301,1.645,893516.991,12.188
19524,561,36638.999,27869.3,15.838,12.724,20.996,1.268,530880.015,13.869
19525,562,10271.963,38017.416,106.911,479.451,16.354,2.533,2118059.534,11.272
19526,562,10324.933,39407.467,35.422,18.211,29.734,3.388,3786995.581,32.7
19527,562,10453.381,33293.119,225.125,3253.141,0,2.831,2644163.426,8.797
19528,562,10521.677,38346.413,147.165,1178.312,0,4.565,6878411.647,11.44
19529,562,11123.546,34721.176,10.71,50.479,42.808,4.675,7211698.283,6.819
19530,562,11148.747,36768.876,155.668,1605.253,0,4.34,6216980.489,9.754
19531,562,11322.552,36220.144,44.033,23.715,37.72,1.827,1101367.693,24.931
19532,562,22887.872,29301.049,126.895,589.473,0,2.126,1491080.091,11.727
19533,562,27136.593,14331.058,143.975,960.363,0,3.045,3059767.02,11.028
19534,562,28946.359,16084.203,205.77,1768.38,0,3.172,3320635.852,11.889
19535,562,34224.855,28448.926,147.852,690.95,0,1.006,333845.521,11.609
19536,562,35517.435,30482.873,5.141,33.577,26.921,3.02,3009578.412,6.701
19537,563,10382.46,38413.664,150.263,1207.791,0,4.416,6434211.099,11.409
19538,563,10437.607,33265.811,123.2,818.779,4.312,3.084,3138482.725,10.078
19539,563,10401.255,39323.58,149.848,1181.919,0,5.209,8955581.238,12.475
19540,563,10819.659,35617.771,184.692,2693.418,0,4.584,6935440.284,8.805
19541,563,11178.084,36769.816,173.003,2512.306,0,5.048,8410525.294,8.755
19542,563,11227.33,34618.428,90.903,555.222,10.969,3.628,4343497.919,9.266
19543,563,21840.82,30636.475,1.818,15.361,32.222,1.341,593576.125,8.838
19544,563,26795.313,13819.989,51.293,62.412,19.889,3.09,3151749.106,18.973
19545,563,27120.828,14317.464,7.295,30.324,33.997,5.562,10208171.345,9.552
19546,563,29061.851,16132.41,29.67,36.761,27.971,2.396,1894903.669,13.318
19547,563,30096.908,35456.631,133.845,440.22,0,2.427,1944389.912,15.596
19548,563,34216.678,28409.658,141.441,793.504,0,2.775,2541873.101,11.871
19549,563,35407.161,30517.851,256.306,3082.74,0,4.644,7117879.368,12.743
19550,564,10295.116,37991.306,99.328,701.448,0,2.719,2440504.268,8.337
19551,564,10384.884,39273.72,41.654,53.921,35.258,1.841,1118328.494,13.719
19552,564,10459.734,33274.616,48.563,90.892,33.142,4.155,5696726.072,15.449
19553,564,11123.499,34829.015,58.953,75.712,37.193,1.969,1279568.461,16.582
19554,564,11211.823,34615.505,177.003,1468.868,0,4.899,7919447.401,13.15
19555,564,21756.708,30632.733,140.795,735.496,0,3.839,4862980.048,13.979
19556,564,24001.928,28881.221,4.12,32.212,21.352,3.271,3530746.474,6.887
19557,564,26798.742,13749.991,146.549,865.509,0,2.106,1464157.816,11.023
19558,564,27795.403,15403.692,116.456,569.025,0,2.213,1615950.471,10.916
19559,564,28320.38,14887.929,6.237,45.325,25.208,4.595,6969172.726,6.384
19560,564,28613.781,16150.371,133.496,691.67,0,4.066,5455817.579,13.907
19561,564,28960.986,36078.129,5.247,25.159,18.217,0.925,282153.605,6.924
19562,564,29062.69,16095.536,71.071,183.757,20.855,2.015,1340171.209,11.932
19563,564,34221.344,28372.263,108.893,399.82,0,1.646,894645.069,11.824
19564,564,35440.805,30432.532,125.427,822.334,0,3.657,4413870.206,10.83
19565,565,10240.888,38074.156,1.855,13.773,47.05,3.496,4033393.255,12.282
19566,565,10490.918,33259.916,88.845,246.294,18.041,4.223,5885252.834,17.02
19567,565,10390.087,39340.225,173.041,1120.078,0,4.325,6173247.17,14.641
19568,565,10802.791,35716.461,46.824,105.691,59.505,3.235,3453342.966,11.884
19569,565,10978.668,33632.159,125.728,740.339,0,3.884,4979531.242,11.94
19570,565,11124.815,34792.245,7.533,34.028,47.642,4.807,7624555.539,8.213
19571,565,21733.609,30648.163,93.864,550.032,0,5.211,8965269.988,11.179
19572,565,23707.775,29518.089,169.664,1093.724,0,3.674,4455455.857,13.433
19573,565,23997.626,28800.818,4.394,38.732,19.859,3.722,4572794.001,6.375
19574,565,27121.234,14250.379,8.165,25.762,26.949,2.839,2659931.883,8.378
19575,565,27811.77,15343.843,122.511,589.282,0,3.205,3388927.487,12.552
19576,565,28959.29,36095.503,157.923,607.841,0,3.721,4569623.542,18.783
19577,565,32718.1,26241.976,7.509,31.26,24.569,2.96,2890784.399,7.365
19578,565,35458.031,30453.426,116.79,729.52,0,6.19,12648035.307,13.666
19579,565,36084.134,24355.231,114.258,364.881,0,2.868,2714752.836,15.234
19580,566,10287.763,38010.631,101.698,356.29,29.568,4.988,8212418.021,17.184
19581,566,10320.712,39360.739,5.443,30.592,38.839,4.712,7328721.259,8.328
19582,566,10472.401,33067.71,174.835,1195.247,0,3.616,4315589.275,13.071
19583,566,10542.313,38480.804,252.527,3346.555,0,3.497,4035494.954,10.531
19584,566,10805.837,35645.615,178.071,2305.271,0,7.479,18457533.954,11.833
19585,566,11211.652,36720.31,7.887,30.303,56.084,5.299,9266207.809,9.482
19586,566,11224.047,34696.771,173.623,2303.631,0,4.279,6042383.317,8.8
19587,566,11357.612,34954.27,6.38,48.682,66.927,7.553,18824959.533,7.635
19588,566,21759.742,30671.227,51.666,104.396,22.712,3.705,4529717.931,14.287
19589,566,22450.834,30243.141,2.766,17.264,23.68,3.115,3202521.685,10.036
19590,566,23004.052,29276.132,16.624,12.754,31.437,1.84,1117884.041,15.496
19591,566,24025.942,28819.571,90.961,442.12,0,3.173,3322362.153,10.331
19592,566,27119.283,14238.736,2.442,30.531,29.462,4.112,5579256.329,7.498
19593,566,28278.123,15870.323,178.019,1228.286,0,1.738,996977.15,10.908
19594,566,29061.593,16107.766,68.008,119.027,23.888,4.326,6176120.314,20.595
19595,566,32725.212,26240.637,6.374,33.106,24.417,4.019,5330008.55,7.555
19596,566,34193.635,28436.167,130.32,582.1,0,3.166,3308546.224,13.685
19597,566,35451.5,30430.187,68.268,235.265,22.212,3.921,5073158.783,11.771
19598,566,35681.106,28433.916,133.418,583.95,0,2.347,1817099.365,12.815
19599,567,10101.709,38948.076,184.74,1494.895,0,1.809,1079904.168,10.228
19600,567,10298.005,37975.527,140.592,1166.087,0,6.931,15851949.23,13.442
19601,567,10454.284,38498.963,244.088,3117.487,0,3.519,4085913.56,10.575
19602,567,10759.427,35706.683,144.059,1500.846,0,4.183,5774129.629,9.09
19603,567,11121.241,36802.026,3.548,37.432,57.801,7.559,18856153.859,8.849
19604,567,21863.021,30594.591,114.225,805.501,0,1.722,979017.69,8.473
19605,567,23677.336,29523.031,3.732,22.782,23.364,3.559,4180734.103,8.837
19606,567,26793.27,13718.782,152.87,738.758,0,4.15,5684300.653,16.323
19607,567,26922.879,12796.599,4.983,13.878,29.863,1.245,511679.146,9.657
19608,567,27289.961,13321.29,108.854,553.896,0,2.53,2113452.558,10.536
19609,567,29067.029,16107.175,84.28,218.21,23.547,3.293,3578696.256,15.3
19610,567,34207.792,28429.984,164.245,869.725,0,2.948,2867441.936,13.833
19611,567,35476.941,30470.915,135.835,945.31,0,4.508,6707890.054,11.904
19612,567,36202.72,26759.425,150.085,720.218,0,1.346,598158.507,11.809
19613,568,10286.407,37927.393,34.237,43.247,36.581,4.086,5510735.751,17.422
19614,568,10396.83,39385.548,1.691,8.822,40.753,3.455,3938594.011,17.168
19615,568,10454.093,33260.773,155.794,1179.192,0,4.204,5833875.395,11.958
19616,568,11214.375,36739.167,25.253,59.539,48.56,5.382,9559467.46,11.313
19617,568,21790.596,30565.118,140.825,944.892,0,6.33,13222385.091,15.109
19618,568,23427.624,29003.85,45.415,54.698,21.621,1.943,1245499.958,15.104
19619,568,24125.855,28867.993,187.34,857.77,0,3.925,5084502.482,19.238
19620,568,26758.403,13676.973,2.757,17.183,29.036,2.82,2624921.55,9.719
19621,568,26879.948,12798.94,2.592,45.964,25.639,2.393,1890020.476,5.161
19622,568,27111.451,14310.698,164.358,1174.911,0,3.754,4651252.535,12.328
19623,568,28862.832,16167.576,86.312,278.259,20.885,2.08,1427567.709,11.687
19624,568,32590.374,26115.785,160.239,711.001,0,4.513,6720022.604,18.954
19625,568,35515.913,28398.807,7.166,35.495,19.453,0.764,192868.318,6.006
19626,568,35437.453,30470.72,8.586,38.03,33.652,4.57,6892102.812,7.668
19627,569,10040.253,38946.107,111.823,711.41,0,4.046,5401475.672,10.64
19628,569,10568.096,38392.886,9.769,20.165,45.661,3.584,4239833.217,11.289
19629,569,10828.644,35689.717,43.389,92.645,66.096,5.385,9569165.907,15.147
19630,569,11187.804,34708.884,163.471,2030.893,0,3.443,3912548.678,8.313
19631,569,11145.036,36805.261,30.953,44.211,57.226,4.449,6531974.237,15.96
19632,569,21797.641,30633.186,85.748,156.512,34.494,2.542,2132216.569,17.799
19633,569,23176.698,29172.317,121.895,570.557,0,3.319,3636309.445,12.908
19634,569,26785.563,13715.866,125.217,522.616,9.408,1.629,875431.83,11.843
19635,569,27162.368,14436.09,136.884,861.243,0,2.17,1553361.215,10.268
19636,569,34762.488,29581.839,52.715,56.961,17.989,1.009,336004.547,15.365
19637,569,35495.923,28237.97,89.28,220.908,9.207,3.753,4648556.508,17.497
19638,569,35458.785,30478.452,128.692,838.141,0,5.167,8811491.62,12.853
19639,569,36311.511,26638.987,9.092,16.479,22.002,3.362,3730911.157,12.414
19640,570,10325.854,37912.676,165.362,1358.726,0,3.534,4121509.728,11.008
19641,570,10400.608,39431.367,78.179,137.692,19.675,2.253,1675078.509,16.497
19642,570,10617.197,38398.44,36.18,47.14,42.049,3.596,4268610.901,16.271
19643,570,10791.92,35715.97,124.937,1370.597,0,4.172,5743891.374,8.026
19644,570,11157.347,36800.743,2.25,23.615,54.193,4.375,6315872.222,9.214
19645,570,11198.521,34721.499,13.951,61.509,46.421,1.613,859053.466,5.607
19646,570,23763.267,29437.448,9.434,22.847,24.577,2.104,1460876.139,8.732
19647,570,26779.049,13717.12,155.589,1087.058,0,2.479,2027868.627,10.662
19648,570,26880.134,12720.146,0.578,55.266,28.264,4.477,6615968.097,5.141
19649,570,27233.324,13287.982,129.653,703.661,0,4.856,7786299.154,14.376
19650,570,27563.423,14871.207,147.759,849.127,0,4.124,5611727.803,13.942
19651,570,28314.851,14896.333,141.114,840.616,0,3.215,3411890.393,11.927
19652,570,30179.223,35440.233,99.029,248.516,3.799,2.584,2203872.476,15.767
19653,570,35520.794,30479.726,4.113,34.924,39.825,3.353,3710511.844,6.586
19654,570,36395.864,25512.986,65.157,159.516,8.43,3.009,2988663.573,13.116
19655,571,9999.805,38958.214,12.168,28.368,34.438,3.657,4413724.865,9.728
19656,571,10326.836,37916.974,21.607,40.082,41.41,4.664,7178873.865,12.26
19657,571,10597.644,38478.627,181.002,1754.406,0,2.006,1328010.137,9.256
19658,571,10797.517,35366.786,9.439,42.713,47.275,2.83,2642287.137,6.367
19659,571,10816.087,35673.892,150.126,1827.07,0,5.49,9946753.492,9.307
19660,571,11199.908,36744.412,1.499,17.142,49.831,7.917,20685579.667,17.415
19661,571,11224.84,34748.597,236.817,3604.639,0,4.761,7479720.052,10.27
19662,571,23702.494,29461.454,51.529,35.522,28.567,2.241,1657285.512,24.823
19663,571,26773.362,13710.465,157.396,962.558,0,4.41,6418000.956,14.396
19664,571,26822.961,12682.331,53.549,67.773,19.249,3.69,4494350.62,20.758
19665,571,27083.025,14292.34,120.716,826.69,0,4.632,7079486.289,11.233
19666,571,27199.641,13274.826,69.249,137.869,25.672,3.47,3974178.503,16.711
19667,571,28360.989,14961.357,117.247,538.029,0,4.368,6295953.16,14.369
19668,571,28317.819,15915.405,4.921,22.167,26.723,2.544,2136499.891,8.284
19669,571,29013.79,16113.777,131.396,828.992,0,5.456,9824455.92,13.773
19670,571,30181.154,35401.29,104.979,343.422,0,2.503,2067153.277,13.574
19671,571,31041.165,34716.144,6.461,43.468,23.105,4.801,7606444.405,6.71
19672,571,34728.254,29515.62,123.402,355.492,8.99,1.199,474099.251,13.928
19673,571,35461.617,28225.533,123.273,717.396,0,3.646,4387204.708,11.597
19674,571,35441.01,30455.874,3.15,33.086,42.958,4.303,6110840.948,7.279
19675,572,9993.062,39024.611,129.731,853.01,0,5.184,8871730.643,12.857
19676,572,10352.075,37879.59,127.27,847.782,0,5.3,9270287.262,12.7
19677,572,10479.754,33290.066,4.051,31.949,29.276,1.96,1267274.599,6.293
19678,572,10477.159,38479.668,5.902,46.131,44.975,3.056,3081954.116,5.632
19679,572,10762.935,36605.49,92.075,466.511,6.205,4.984,8196208.175,12.028
19680,572,10849.793,35690.703,158.827,1467.492,17.231,2.9,2774838.911,9.422
19681,572,11122.106,34718.923,10.699,29.435,48.934,3.761,4667309.221,9.1
19682,572,11130.017,36759.752,218.455,2704.649,0,6.965,16008278.546,13.81
19683,572,23742.529,29490.225,201.176,1366.889,0,5.064,8462097.458,17.257
19684,572,27094.434,14333.848,53.871,128.845,30.81,4.568,6887445.671,14.306
19685,572,27198.897,13201.789,4.82,36.805,39.228,2.659,2332623.419,6.142
19686,572,30962.129,34639.412,1.766,22.17,17.554,1.576,819764.815,7.336
19687,572,32904.628,26372.466,66.724,145.155,9.969,2.49,2046769.404,13.521
19688,572,35524.225,30481.878,9.103,31.729,32.361,1.745,1005358.48,6.974
19689,572,35579.211,28150.756,134.564,888.374,0,3.682,4473866.751,11.31
19690,573,10036.419,38950.868,151.144,1179.344,0,2.941,2854798.775,10.189
19691,573,10301.316,37845.542,136.814,862.732,0,2.931,2834643.37,10.957
19692,573,10809.714,35668.446,37.026,67.573,65.935,4.801,7607027.296,14.812
19693,573,11172.936,34696.934,98.034,354.158,27.999,2.946,2864745.131,12.831
19694,573,11151.436,36690.916,45.427,74.197,42.813,2.063,1405031.118,12.682
19695,573,23118.493,29203.617,8.723,21.079,26.084,4.116,5590412.227,11.26
19696,573,23740.942,29475.919,146.303,713.564,0,2.157,1534800.407,12.413
19697,573,26973.619,12770.01,151.181,785.99,0,2.348,1819567.422,12.415
19698,573,27098.643,14312.909,111.46,606.525,0,3.015,3000091.134,10.704
19699,573,29047.883,16160.621,6,23.156,29.742,4.685,7244480.28,10.346
19700,573,30160.893,35440.286,4.991,49.662,15.994,3.445,3916521.665,5.417
19701,573,32926.026,26498.079,110.419,427.133,0,3.995,5268634.187,14.973
19702,573,34193.838,28497.348,31.213,30.084,20.776,1.97,1281308.246,15.033
19703,573,35520.177,30479.188,3.884,80.062,34.055,4.564,6875285.352,4.225
19704,573,35632.277,28135.514,72.877,259.211,17.764,3.189,3355443.919,11.125
19705,573,36406.357,25506.04,178.787,878.153,0,2.562,2165492.101,14.663
19706,574,9968.974,39008.042,118.555,690.149,0,5.474,9889455.82,13.61
19707,574,10317.439,37746.04,5.104,28.04,28.706,3.905,5033158.866,8.136
19708,574,10800.521,35682.573,2.007,68.883,64.896,4.198,5815746.011,4.446
19709,574,11253.198,34715.701,17.725,25.184,42.016,3.971,5203158.871,13.683
19710,574,11222.826,36754.534,111.044,929.668,0,5.895,11470062.562,10.233
19711,574,22048.304,29864.627,126.417,658.956,0,2.722,2444483.927,11.548
19712,574,26840.764,12738.875,78.126,132.203,17.383,3.603,4284300.877,20.905
19713,574,27101.256,14301.202,66.185,101.103,31.213,2.343,1811762.555,16.671
19714,574,27198.949,13242.958,140.107,811.696,0,2.611,2250487.155,11.378
19715,574,27484.797,14925.204,118.544,540.746,0,4.899,7920325.72,15.468
19716,574,30081.124,35362.918,4.073,44.74,12.97,2.701,2406861.429,5.429
19717,574,34775.712,29637.284,110.83,425.207,0,3.44,3906325.749,14.117
19718,574,35498.801,30419.197,121.961,899.92,0,2.594,2221388.606,9.039
19719,574,35600.608,28158.103,6.035,68.675,28.504,4.162,5715851.371,4.735
19720,575,9997.47,39006.494,111.987,577.006,9.027,2.466,2007252.418,10.57
19721,575,10331.606,38276.385,56.32,83.395,36.746,2.73,2458760.998,16.435
19722,575,10360.67,39352.711,131.378,805.603,0,2.775,2541717.805,10.725
19723,575,10807.871,35660.093,292.155,5828.297,0,2.475,2021529.34,8.274
19724,575,11192.549,36734.531,57.721,99.598,43.151,2.353,1827471.21,14.273
19725,575,11284.128,36292.367,42.888,61.873,30.462,3.928,5091114.797,17.106
19726,575,23737.535,29463.901,130.451,579.385,0,4.448,6530135.066,16.071
19727,575,26796.925,12716.975,9.706,40.404,21.369,3.08,3129722.387,6.754
19728,575,27097.831,14309.495,66.398,190.643,17.229,2.851,2682700.311,11.725
19729,575,27204.99,13272.271,6.5,10.674,31.028,1.604,848938.541,12.078
19730,575,27370.548,14586.863,51.459,73.846,27.793,2.989,2948543.351,16.591
19731,575,32604.918,26062.661,96.545,313.613,0,3.155,3285094.436,13.996
19732,575,35501.742,28156.63,142.097,723.625,0,2.215,1619527.591,11.954
19733,575,35509.835,30411.762,82.402,271.847,24.343,3.745,4628606.699,13.401
19734,576,10014.245,38992.365,57.847,128.766,28.461,1.297,555516.271,11.046
19735,576,10293.721,38263.771,63.215,92.898,32.285,5.204,8936386.661,25.634
19736,576,10340.888,39311.312,213.272,2363.197,0,2.868,2713942.765,10.042
19737,576,10798.603,35680.105,4.186,50.668,49.087,3.692,4499183.664,5.356
19738,576,11190.68,36719.378,6.923,39.061,56.164,3.201,3380974.033,6.439
19739,576,26824.557,12730.178,46.631,34.399,21.108,1.849,1128664.942,20.746
19740,576,27121.927,14392.552,4.73,31.363,30.296,4.368,6296869.537,7.803
19741,576,27204.271,13201.018,8.245,13.829,38.135,1.596,841041.73,10.801
19742,576,27814.393,15367.995,43.004,57.893,23.503,4.374,6314879.634,19.248
19743,576,29078.168,36057.204,117.982,414.16,0,2.476,2023806.403,13.889
19744,576,32592.826,26068.569,52.798,76.54,10.093,2.886,2748137.444,16.459
19745,576,34719.317,29517.537,6.212,49.361,18.466,3.741,4618848.43,5.684
19746,576,37359.809,25711.357,61.398,101.862,9.362,1.854,1133941.151,14.203
19747,577,10316.691,38157.632,8.767,25.674,38.45,1.962,1271007.925,7.905
19748,577,10336.319,39338.438,55.908,110.819,27.65,4.398,6381933.365,16.567
19749,577,10493.632,39049.517,72.895,193.581,21.676,4.563,6871154.576,16.008
19750,577,10768.319,35672.614,156.351,1550.127,0,6.571,14247926.996,12.251
19751,577,11210.921,36667.397,165.763,1689.651,0,3.05,3069398.527,9.206
19752,577,11361.631,34874.67,9.198,40.086,40.247,3.034,3038763.927,6.662
19753,577,23080.743,29268.967,124.325,787.35,0,2.553,2151149.896,9.983
19754,577,23790.023,29422.712,121.725,503.228,0,3.286,3564280.285,13.999
19755,577,26831.465,12789.691,28.208,14.609,22.783,2.443,1970358.127,24.444
19756,577,27155.367,14405.385,53.234,63.546,23.966,4.172,5744775.395,23.372
19757,577,27210.594,13253.491,92.085,215.381,14.344,2.028,1357466.771,14.674
19758,577,29139.28,36038.142,66.692,104.057,7.498,1.246,512364.27,14.333
19759,577,35507.245,30420.992,118.079,804.766,0,3.713,4550257.773,10.205
19760,578,10036.044,38911.273,105.106,604.12,0,4.756,7463486.528,11.737
19761,578,10319.212,38084.212,5.089,29.839,37.612,3.744,4625321.243,7.679
19762,578,10542.793,34004.676,137.521,807.702,0,3.852,4896628.792,12.666
19763,578,10532.211,38363.007,63.858,141.498,33.184,3.597,4269897.017,14.932
19764,578,10484.31,39075.348,40.165,40.334,29.573,1.94,1241920.355,16.045
19765,578,10753.76,35625.436,44.342,71.814,47.395,5.16,8787397.245,18.686
19766,578,11228.759,36684.629,136.348,1163.201,0,3.732,4596404.81,9.654
19767,578,23071.887,29262.581,123.934,719.597,0,3.631,4350673.176,11.638
19768,578,23847.646,29457.191,45.3,46.385,30.019,3.447,3921113.593,21.389
19769,578,27112.15,14452.484,130.084,609.24,0,3.424,3869991.161,13.635
19770,578,27804.964,15295.921,140.683,717.188,0,3.337,3674321.385,13.409
19771,578,28390.688,15044.816,8.431,27.342,37.012,4.023,5340723.223,9.138
19772,578,30033.799,35432.674,31.602,23.21,15.946,2.844,2669304.03,21.07
19773,578,33761.975,28225.387,195.516,1118.957,0,2.825,2633658.242,14.512
19774,578,35520.343,30400.264,2.712,50.909,27.409,1.218,489593.104,4.683
19775,578,35927.814,24538.928,40.186,44.129,17.345,2.275,1707611.497,15.9
19776,578,36309.619,26914,112.263,294.347,10.406,3.207,3395169.768,18.177
19777,579,10371.197,37730.606,120.268,607.077,0,4.482,6630404.921,13.8
19778,579,10351.419,39396.857,67.821,113.772,22.526,2.731,2461140.309,16.793
19779,579,10516.834,33722.358,111.002,687.39,0,3.034,3037192.874,9.854
19780,579,10491.569,39110.272,27.065,56.157,31.086,3.832,4846367.35,10.796
19781,579,10573.074,38400.659,9.777,18.69,42.398,2.559,2161488.137,10.494
19782,579,10733.702,35406.554,188.693,1923.495,0,4.785,7556374.317,11.691
19783,579,10715.129,35646.819,140.432,1283.531,0,5.968,11754453.212,11.413
19784,579,11189.443,36687.11,40.406,65.9,35.967,1.836,1112300.418,11.787
19785,579,11262.912,36279.611,243.178,2568.897,0,4.649,7132108.724,13.51
19786,579,23120.093,29283.818,2.019,27.756,28.822,2.64,2299551.163,6.991
19787,579,23798.578,29417.589,163.816,936.683,0,3.319,3634673.568,13.691
19788,579,27198.932,14392.587,137.921,821.855,0,3.515,4076749.254,12.12
19789,579,27512.682,14934.517,71.773,207.692,11.373,2.686,2381639.766,11.98
19790,579,27876.08,15360.38,152.428,897.437,0,2.855,2690532.064,12.16
19791,579,32728.488,27100.756,55.281,65.75,14.543,2.24,1656400.022,17.561
19792,579,33717.318,28179.589,46.233,52.522,20.513,1.922,1218779.635,15.759
19793,579,35439.101,28220.599,73.487,75.007,16.591,2.174,1559357.928,22.81
19794,579,35599.526,30443.177,1.498,27.038,32.508,3.637,4365535.899,7.73
19795,579,35900.915,24487.735,52.866,73.27,14.159,1.688,940171.539,14.406
19796,580,10483.88,33709.831,158.8,1291.038,0,3.537,4129222.736,10.801
19797,580,10832.572,35309.936,212.96,2397.053,0,1.841,1118130.914,9.213
19798,580,10730.233,35654.377,50.528,78.94,49.945,3.058,3086042.761,15.61
19799,580,11205.438,36705.992,140.37,1277.205,0,3.309,3614085.173,9.115
19800,580,11260.59,34911.428,181.802,1646.529,0,3.348,3698792.649,10.783
19801,580,23084.982,29325.895,108.126,572.199,0,3.298,3590400.363,10.987
19802,580,27197.035,14401.017,1.949,18.326,29.851,1.619,864500.986,8.198
19803,580,27557.84,14910.616,129.004,675.616,0,2.525,2104318.511,11.434
19804,580,28365.138,15116.217,130.642,759.528,0,1.6,845316.58,10.04
19805,580,29900.725,35567.049,112.557,325.978,0,2.459,1995376.513,15.267
19806,580,30857.838,34601.425,81.81,152.443,7.07,2.252,1673908.76,16.327
19807,580,34730.235,29535.359,54.159,77.196,17.371,1.88,1166257.693,14.677
19808,580,35484.918,28332.17,109.018,451.572,0,3.38,3770202.125,13.142
19809,580,35484.536,30395.081,109.973,469.634,0,3.539,4133709.868,13.175
19810,580,36425.028,28223.729,127.521,436.479,0,4.532,6777894.416,19.612
19811,581,10632.597,33978.292,53.311,45.891,35.393,1.291,550050.636,18.244
19812,581,11178.262,34616.956,88.906,301.966,26.299,2.185,1575674.255,11.63
19813,581,11194.126,36672.645,39.359,67.376,35.901,4.221,5878504.288,14.933
19814,581,23807.016,28948.281,156.928,869.149,0,3.262,3510703.433,13.506
19815,581,26629.701,13338.175,91.02,364.813,0,2.258,1682299.43,10.737
19816,581,27217.317,13089.889,47.91,76.143,17.141,2.638,2295983.928,14.186
19817,581,28407.05,15121.848,7.431,22.296,30.601,4.555,6846069.455,10.915
19818,581,30787.604,34533.105,129.435,429.598,0,2.831,2644647.886,16.027
19819,581,32588.675,26071.526,96.959,322.456,0,2.812,2612570.122,13.26
19820,581,34723.56,29520.66,12.251,45.164,23.225,2.139,1510342.709,6.44
19821,581,35474.028,28396.282,149.671,1006.371,0,3.904,5029335.729,12.265
19822,581,35625.248,30472.761,59.486,93.057,19.637,3.209,3398374.446,17.5
19823,582,10335.294,38070.321,163.696,1303.783,0,4.816,7654613.292,12.699
19824,582,10641.34,33872.695,2.319,18.91,32.994,2.6,2230302.818,8.865
19825,582,10783.122,35305.398,155.533,1331.677,0,4.024,5344787.271,10.767
19826,582,10794.186,35677.694,7.512,41.811,48.773,3.046,3061754.355,6.203
19827,582,11249.574,34901.542,248.737,2814.65,0,3.906,5035130.174,12.077
19828,582,11221.831,36667.282,45.013,44.62,42.067,4.003,5288867.183,23.958
19829,582,23058.446,29243.882,130.307,811.922,0,4.019,5330416.947,11.918
19830,582,23776.113,29483.174,55.512,88.175,14.637,2.447,1976174.623,14.941
19831,582,24000.44,28959.599,5.545,33.942,30.549,5.644,10513360.018,8.429
19832,582,30948.522,34599.202,127.859,548.481,0,1.97,1281055.319,12.169
19833,582,35359.801,28321.343,4.126,53.896,25.438,3.378,3766361.55,5.061
19834,582,36516.658,28191.588,39.571,35.183,19.003,2.75,2496424.68,19.759
19835,583,10349.094,38016.293,200.911,2522.369,0,3.667,4438069.841,9.551
19836,583,10530.662,33699.589,159.658,1181.579,0,4.536,6791591.898,12.795
19837,583,10748.409,35715.586,170.586,1519.927,0,4.985,8200295.792,12.241
19838,583,10973.783,37077.884,39.603,42.996,42.804,3.302,3597288.723,18.634
19839,583,11209.629,36664.248,51.557,44.923,37.313,3.339,3680391.097,25.736
19840,583,11292.974,34867.425,172.667,1597.827,0,4.62,7043813.425,11.589
19841,583,23097.741,29319.298,227.176,1773.598,0,3.728,4585529.419,14.47
19842,583,24043.584,28938.522,98.581,420.23,0,4.845,7746392.95,14.168
19843,583,26662.907,13377.14,53.823,137.752,24.263,1.569,812597.918,10.089
19844,583,27188.132,14522.846,113.511,532.199,0,3.094,3160362.42,12.02
19845,583,27523.685,14847.437,43.497,58.127,25.344,3.629,4347050.371,17.522
19846,583,27801.1,15385.826,126.156,543.978,0,1.669,918971.604,11.713
19847,583,29256.522,35994.414,73.503,127.648,6.544,1.011,337485.563,13.858
19848,583,34737.591,29537.253,49.243,52.138,22.921,0.678,151923.844,14.647
19849,583,35479.514,30414.13,116.343,966.313,0,2.793,2574719.839,8.317
19850,583,36517.428,28207.795,103.459,360.176,0,1.66,909412.062,11.87
19851,583,37379.883,25846.062,151.203,564.269,0,3.231,3445662.587,17.358
19852,584,9965.135,39009.171,93.377,479.087,0,3.267,3524363.787,10.221
19853,584,10296.738,38026.559,122.408,937.917,0,2.335,1799806.091,8.704
19854,584,10418.221,39085.013,143.754,914.031,0,3.98,5226814.11,12.512
19855,584,10780.193,35711.297,132.003,1190.963,0,6.597,14362587.805,11.63
19856,584,11010.936,37138.123,179.891,1693.558,0,3.556,4174048.839,10.643
19857,584,11232.085,34620.312,187.942,1668.047,0,4.939,8051698.916,13.121
19858,584,11215.264,36700.304,72.393,132.779,35.58,2.489,2044905.127,15.863
19859,584,27198.234,14405.352,3.087,17.214,30.563,1.428,673110.94,8.455
19860,584,27516.378,14722.027,8.586,26.229,34.025,4.35,6244201.224,9.793
19861,584,27816.808,15373.099,84.051,178.648,21.595,2.571,2181226.326,15.897
19862,584,34648.58,29441.132,6.385,25.405,24.436,3.481,3998325.732,8.593
19863,584,35398.318,28224.473,118.28,436.252,0,4.288,6066994.022,16.917
19864,584,35508.654,30390.452,147.273,1055.119,0,4.5,6683418.99,12.326
19865,584,37403.162,25789.634,91.11,255.623,0,3.028,3026146.523,14.691
19866,585,9957.493,39037.45,107.755,588.56,0,3.626,4338283.583,11.078
19867,585,10290.933,38043.07,37.219,53.405,44.607,3.513,4072688.664,15.163
19868,585,10511.377,33258.759,52.839,46.088,26.094,2.488,2043198.459,22.249
19869,585,10599.302,38456.985,111.019,557.321,15.948,2.111,1471115.685,10.369
19870,585,10700.473,35328.191,125.023,783.105,0,3.025,3019058.275,10.503
19871,585,11016.964,37138.21,170.232,1430.549,0,3.143,3260729.39,10.653
19872,585,11227.758,34619.139,130.856,800.235,0,4.055,5426656.098,12.156
19873,585,11253.598,36526.724,106.568,642.715,0,3.615,4312358.326,10.285
19874,585,22486.335,30210.536,28.057,27.215,20.906,0.534,94062.117,12.537
19875,585,24117.28,28979.888,108.784,460.458,0,2.856,2691921.229,12.208
19876,585,27108.964,14408.954,197.931,1315.426,0,4.128,5624450.845,15.48
19877,585,27832.048,15367.009,98.31,305.815,11.731,2.437,1960549.561,13.373
19878,585,28373.55,14981.021,91.47,191.286,19.893,1.57,813167.284,14.797
19879,585,30855.133,34682.261,137.931,488.887,0,3.035,3039079.248,16.434
19880,585,35494.772,30424.709,105.329,499.178,0,2.47,2013300.72,10.738
19881,585,36421.688,25368.584,85.253,132.413,8.786,1.458,701915.858,16.757
19882,585,36492.295,28168.779,42.24,38.571,18.76,2.233,1645285.459,18.308
19883,586,9922.13,39039.067,4.034,24.028,28.87,5.582,10282761.724,10.604
19884,586,10336.086,38038.675,46.993,81.377,36.612,3.54,4135744.155,14.866
19885,586,10438.141,39244.664,47.225,54.118,28.969,2.771,2533756.534,18.009
19886,586,10768.603,35288.882,208.215,1986.991,0,3.188,3354144.969,11.2
19887,586,10808.888,35705.171,174.346,2007.542,0,2.836,2653365.119,8.672
19888,586,11240.113,34594.023,81.958,220.989,20.132,6.069,12157307.729,20.612
19889,586,21684.898,30314.679,8.528,36.162,27.775,4.828,7693179.571,8.117
19890,586,30951.763,34661.452,44.082,39.374,17.394,0.205,13929.894,14.93
19891,586,34217.143,28492.745,57.697,104.267,18.495,1.467,710244.72,12.563
19892,586,35502.292,30376.674,102.978,378.462,11.698,2.439,1963527.264,12.369
19893,587,10006.222,38922.825,132.815,681.587,0,3.621,4326568.178,13.263
19894,587,10328.618,38091.598,199.156,2028.775,0,4.15,5682614.343,11.423
19895,587,10479.636,39115.499,6.215,28.492,30.751,4.167,5731260.175,8.466
19896,587,10770.949,35707.402,161.939,1792.243,0,2.252,1674078.709,8.197
19897,587,11229.373,34599.034,127.854,751.808,5.138,2.082,1430854.415,10.208
19898,587,11291.973,36401.413,6.513,16.576,39.56,4.307,6122744.435,12.963
19899,587,21761.076,30422.477,134.047,777.133,0,2.339,1804854.313,10.802
19900,587,24001.448,28885.746,18.907,32.81,22.845,4.487,6644569.947,12.523
19901,587,27119.291,14293.025,71.038,137.809,14.043,1.392,639752.408,13.269
19902,587,27444.095,14652.989,136.297,806.131,0,2.932,2837951.689,11.392
19903,587,34228.842,28456.29,134.558,754.382,0,4.308,6126201.242,13.563
19904,587,35518.426,30396.426,9.385,41.511,32.656,2.753,2501776.242,6.433
19905,588,10326.573,38070.112,37.389,59.165,43.39,4.271,6019977.023,15.58
19906,588,10780.761,35691.304,149.458,1497.219,0,2.912,2797784.583,8.66
19907,588,10764.082,36502.628,127.015,788.619,0,2.991,2952027.77,10.631
19908,588,10961.807,37043.14,6.443,39.304,33.314,4.523,6751821.966,7.029
19909,588,11217.34,34691.962,114.759,747.826,0,6.24,12848851.464,13.102
19910,588,11197.926,36490.196,8.019,32.96,44.673,2.192,1585327.229,6.822
19911,588,24034.682,28865.943,58.358,50.621,20.902,3.755,4654036.698,30.197
19912,588,27048.769,14239.803,6.55,31.661,25.022,1.797,1065918.209,6.568
19913,588,28399.844,15036.734,9.936,44.933,24.476,4.887,7880589.099,7.32
19914,588,30997.689,34699.458,74.225,98.98,10.298,1.66,909609.905,17.54
19915,588,32594.716,26125.133,64.593,84.812,10.528,0.956,301558.791,15.087
19916,588,34251.919,28361.942,85.835,230.086,15.791,3.846,4880387.36,16.23
19917,588,35505.329,30422.494,114.678,532.255,0.793,1.975,1287304.047,10.929
19918,588,35736.094,24842.414,66.101,128.755,14.543,3.949,5145460.043,17.611
19919,589,10346.302,38112.576,69.578,79.716,42.725,2.548,2142688.609,21.758
19920,589,10552.945,34008.589,26.899,43.6,24.922,3.678,4463664.893,12.621
19921,589,10745.42,35423.935,162.52,1332.028,0,2.635,2290961.082,10.061
19922,589,10772.005,35762.54,188.59,1930.943,0,2.781,2551474.354,9.715
19923,589,11062.799,36917.898,141.628,1079.979,0,3.712,4548296.867,10.639
19924,589,11202.897,34684.863,88.433,215.178,22.131,1.862,1143713.645,13.718
19925,589,22928.601,29291.274,127.985,705.557,0,1.837,1113933.618,10.402
19926,589,28423.845,15048.74,54.283,80.786,20.33,2.789,2566380.196,16.18
19927,589,28434.377,15386.616,112.478,578.705,0,4.063,5448205.596,12.415
19928,589,29151.189,15737.591,130.313,530.739,0,5.079,8514335.422,18.593
19929,589,35965.146,30507.347,75.898,167.79,9.294,2.48,2029585.487,14.387
19930,590,10309.835,38021.722,126.421,1124.342,0,5.121,8654166.846,10.041
19931,590,10467.378,33282.218,116.593,741.297,0,6.287,13044728.762,13.582
19932,590,10402.018,39284.793,8.023,26.885,37.869,3.831,4843440.719,8.955
19933,590,10560.283,38401.672,2.387,26.113,45.858,1.13,421610.681,6.585
19934,590,10720.85,35333.381,135.672,974.184,0,3.302,3598989.48,10.375
19935,590,11299.772,36617.536,38.203,16.834,38.019,3.82,4815895.692,42.383
19936,590,27511.296,14753.761,149.981,1089.594,0,2.926,2825351.845,10.593
19937,590,29043.645,15644.696,100.146,380.706,0,3.888,4988876.305,13.997
19938,591,10289.239,38028.833,141.512,1196.272,0,3.887,4985898.546,10.08
19939,591,10494.308,33285.604,99.891,473.782,10.022,3.698,4512282.632,11.702
19940,591,10710.381,35364.932,184.347,1712.799,0,4.743,7422883.841,12.255
19941,591,10756.69,35678.361,47.839,74.696,43.815,3.001,2972227.683,15.052
19942,591,11001.423,34037.824,194.791,1952.382,0,5.86,11331766.913,13.466
19943,591,11162.991,34515.142,136.021,1257.234,0,6.302,13104882.207,11.378
19944,591,11246.764,36524.687,68.3,205.624,22.177,8.538,24056768.397,21.021
19945,591,23120.99,29278.673,1.486,14.974,27.496,2.995,2959535.359,10.778
19946,591,27050.598,14240.49,6.247,20.517,24.786,3.139,3252659.454,9.541
19947,591,27518.522,14880.229,1.227,30.743,23.494,2.624,2271463.446,6.532
19948,591,36353.085,26537.854,116.134,438.966,0,1.088,390984.562,11.537
19949,592,10327.334,38031.408,142.351,1195.599,0,4.113,5583891.827,10.37
19950,592,10404.58,39256.053,22.468,36.302,27.869,1.548,790894.45,9.767
19951,592,10715.516,35328.765,132.285,968.757,0,2.62,2265755.344,9.532
19952,592,10751.722,35654.68,39.192,43.233,42.935,3.428,3878062.102,18.68
19953,592,11013.373,34087.751,82.907,223.596,23.894,2.068,1410758.476,12.715
19954,592,11085.271,37323.093,116.728,698.216,0,3.33,3659090.701,10.665
19955,592,11135.781,34510.412,48.081,96.467,35.698,4.35,6245957.571,14.926
19956,592,11252.667,36574.467,94.495,222.951,20.197,3.343,3688053.976,17.793
19957,592,23997.142,28861.423,68.353,112.521,22.866,3.373,3755649.08,18.839
19958,592,27494.211,14766.135,133.212,742.241,0,2.758,2510853.653,11.471
19959,592,29120.142,15684.485,7.164,29.996,23.432,2.553,2151608.106,7.243
19960,592,35567.195,30511.818,56.151,83.355,22.226,1.686,938151.269,14.233
19961,592,35891.018,30502.908,48.961,48.991,21.074,2.217,1622621.612,18.45
19962,592,36365.315,26432.068,90.463,279.885,0,1.961,1268901.609,12.152
19963,593,10294.71,38006.853,135.844,997.961,0,3.698,4512588.386,10.604
19964,593,10400.718,39280.333,3.475,17.794,35.048,4.129,5625372.07,11.232
19965,593,10559.933,38484.146,3.727,44.539,33.809,2.932,2836318.151,5.487
19966,593,10719.965,35358.4,6.811,57.024,50.131,4.459,6562263.328,5.514
19967,593,10786.418,35718.306,238.927,3267.21,0,4.074,5477968.585,10.474
19968,593,11025.108,34048.649,60.563,77.664,34.583,3.737,4609820.719,22.378
19969,593,11118.883,34570.644,7.498,26.328,52.532,1.895,1185239.732,7.496
19970,593,11271.165,36511.005,128.95,711.456,0,2.549,2144360.677,11.093
19971,593,23963.885,28845.896,107.845,666.409,0,4.217,5868569.577,10.772
19972,593,26736.399,12667.092,75.291,142.247,9.49,3.055,3080203.92,17.269
19973,593,27543.908,14838.385,95.836,320.93,11.604,3.734,4601450.15,14.629
19974,593,28778.93,16146.637,59.351,86.572,17.597,2.662,2339073.793,16.943
19975,593,35676.564,28902.742,25.584,29.535,19.212,2.352,1824911.19,13.331
19976,593,35868.075,30485.199,90.792,315.406,2.8,3.046,3062214.072,12.701
19977,593,36196.491,24418.013,96.113,326.926,0,1.484,726881.746,11.396
19978,594,10032.683,38818.839,61.247,100.12,24.166,3.311,3617128.143,17.504
19979,594,10295.368,38013.719,114.202,642.972,3.44,3.74,4615253.628,11.392
19980,594,10357.928,39372.223,119.166,616.226,0,4.989,8215801.669,14.23
19981,594,10718.703,35280.284,6.237,51.273,38.393,2.753,2500786.368,5.244
19982,594,10960.8,34559.74,0.512,26.148,47.66,6.418,13595190.719,10.38
19983,594,11046.558,34032.966,66.429,159.984,30.898,2.778,2546867.139,13.052
19984,594,11148.698,37374.352,46.457,86.185,29.823,2.147,1521314.224,11.957
19985,594,11257.849,36542.956,123.175,816.019,0,2.697,2401027.917,9.775
19986,594,23005.942,29269.494,99.581,298.331,13.843,0.932,286508.025,11.958
19987,594,23935.677,28894.131,166.329,1403.887,0,3.712,4547180.307,11.038
19988,594,26702.771,12654.132,96.638,342.528,0,2.261,1687426.433,11.969
19989,594,26824.919,13452.457,177.683,1190.779,0,2.01,1333588.345,11.336
19990,594,27140.211,14358.17,133.587,720.134,0,3.957,5168415.561,13.353
19991,594,27489.265,14905.647,105.49,453.086,0,2.824,2632551.326,11.828
19992,594,28884.019,16157.076,7.215,33.976,24.522,2.882,2741992.389,6.9
19993,594,29109.771,15851.37,68.282,68.062,21.57,2.714,2430682.755,24.615
19994,594,29237.354,36017.98,48.3,25.869,14.796,1.482,724958.492,24.271
19995,594,35680.216,28881.368,2.529,46.72,21.402,1.943,1245865.429,5.009
19996,594,35761.574,30404.952,4.558,20.498,27.803,3.607,4293047.018,9.702
19997,594,37028.625,25986.003,114.877,277.087,10.003,2.158,1537266.086,16.734
19998,594,37392.708,25777.407,70.636,171.602,4.299,2.063,1404756.522,12.408
19999,595,9956.19,38975.274,35.898,38.148,28.119,5.444,9781035.833,24.786
20000,595,10392.251,39349.039,193.735,1855.424,0,2.111,1470464.603,9.753
20001,595,10466.907,33315.582,110.334,408.89,5.133,0.671,148467.79,11.115
20002,595,10679.453,35362.799,115.342,493.119,13.934,5.476,9897357.025,17.047
20003,595,10796.519,35760.242,3.707,39.198,36.578,4.157,5703776.512,6.466
20004,595,11083.788,37222.809,160.093,1260.059,0,4.606,7002324.16,12.341
20005,595,11250.402,36505.633,131.123,827.239,0,3.158,3292053.579,10.9
20006,595,11371.069,35244.985,98.263,520.528,0,3.117,3206609.002,10.187
20007,595,23087.24,29198.393,73.407,160.743,25.298,1.969,1279080.225,13.358
20008,595,23999.135,28876.36,10.296,59.055,33.129,3.123,3219146.965,5.492
20009,595,26716.189,12621.369,121.45,277.504,10.575,1.442,686513.043,16.201
20010,595,28925.032,16226.185,74.427,122.908,14.603,1.175,455404.806,14.558
20011,595,29146.119,15848.042,152.489,808.563,0,4.114,5584294.018,15.121
20012,595,35807.39,30452.46,161.208,833.449,0,1.841,1118971.565,12.294
20013,595,37056.581,26095.544,105.344,367.325,0,4.323,6168809.991,16.31
20014,596,10727.34,35321.107,141.702,1191.615,0,3.271,3530462.257,9.606
20015,596,10873.649,38214.79,80.78,211.056,23.066,4.261,5992586.04,16.752
20016,596,11119.811,34561.92,4.577,23.607,47.45,4.033,5366510.425,9.202
20017,596,11280.733,36494.94,136.125,1153.35,0,4.995,8235062.241,10.825
20018,596,11336.876,35274.27,165.976,1236.694,0,5.719,10793310.797,14.834
20019,596,26722.663,12643.171,5.505,18.551,20.366,3.912,5049684.697,11.032
20020,596,26758.8,13489.59,86.325,280.075,7.995,4.205,5834351.673,14.764
20021,596,28895.532,16203.24,32.298,21.752,25.453,2.747,2490252.968,22.283
20022,596,29122.161,15910.595,7.419,29.394,24.044,1.556,798963.659,6.885
20023,596,34271.465,28529.245,110.632,446.744,0,3.367,3742201.232,13.486
20024,596,36096.026,24390.55,62.017,139.56,10.619,2.172,1557208.436,12.276
20025,597,9959.89,39028.564,93.668,476.05,9.935,1.686,937769.978,9.127
20026,597,10297.949,38031.306,76.739,351.805,10.74,6.259,12928719.956,12.938
20027,597,10418.613,39299.214,61.48,169.929,28.944,4.493,6661125.216,13.78
20028,597,10497.232,33272.002,60.175,119.731,21.334,2.911,2796555.274,14.257
20029,597,10689.937,34528.906,81.112,182.482,22.24,4.505,6698873.435,19.527
20030,597,10746.125,35757.148,42.839,39.6,38.246,3.996,5270246.007,24.655
20031,597,10894.687,38274.279,136.744,880.904,0,2.697,2401032.904,10.579
20032,597,11040.429,36761.886,78.066,156.704,34.951,3.183,3343551.87,17.233
20033,597,11223.796,34485.16,11.79,10.2,47.695,2.757,2508314.995,17.709
20034,597,11280.981,36557.028,16.881,60.796,38.121,3.253,3492446.417,6.782
20035,597,21456.475,30422.286,106.781,339,0,2.085,1434199.52,13.317
20036,597,23120.329,29276.279,3.197,24.858,27.996,1.776,1040812.19,7.074
20037,597,23878.602,28860.603,60.136,184.414,27.561,5.047,8406903.695,13.341
20038,597,26774.2,13477.626,54.705,111.802,26.507,3.724,4576848.849,14.674
20039,597,28291.741,15471.201,124,590.201,0,2.05,1387348.583,11.327
20040,597,36916.437,26015.953,129.097,454.856,0,3.196,3371644.508,16.125
20041,598,9926.413,39036.559,5.966,32.395,35.011,4.297,6094443.965,7.786
20042,598,10296.681,38026.688,103.559,595.096,0,4.265,6003329.116,11.085
20043,598,10402.076,39282.732,9.535,49.204,39.005,4.473,6604199.249,6.573
20044,598,10570.067,33215.059,72.236,185.208,14.777,3.536,4127325.213,14.399
20045,598,10668.393,35353.544,134.43,1201.08,0.191,2.756,2506440.421,8.627
20046,598,10838.227,35719.137,0.197,10.566,43.649,2.89,2755824.46,13.539
20047,598,11328.124,34827.122,118.089,712.73,0,4.771,7510837.757,12.295
20048,598,23124.737,29274.133,6.035,17.852,36.747,3.543,4141640.508,10.976
20049,598,23934.884,28906.29,112.862,818.404,0,4.801,7607109.073,10.461
20050,598,26711.74,13476.461,104.491,461.62,0,4.03,5359452.404,13.129
20051,598,27251.472,14478.817,34.939,43.627,22.826,3.645,4383908.897,16.665
20052,598,35511.119,30488.866,41.794,40.946,24.04,2.54,2128631.892,18.248
20053,598,36290.831,25518.995,48.218,58.847,14.219,4.709,7318685.948,23.379
20054,599,9959.494,39015.22,121.703,958.226,0,4.709,7316869.062,10.298
20055,599,10469.428,39228.276,124.957,866.928,0,3.529,4110121.6,10.283
20056,599,10696.098,35334.164,126.237,1062.199,0,3.862,4922721.371,9.379
20057,599,11091.342,37398.59,211.503,2150.334,0,3.833,4847500.995,11.554
20058,599,11278.525,36561.086,2.058,14.945,39.946,1.726,983132.11,9.32
20059,599,11282.967,34800.965,5.609,44.126,44.726,4.64,7105056.725,6.428
20060,599,21476.32,30123.361,57.148,93.1,20.172,3.339,3679371.198,16.896
20061,599,23049.393,29234.021,153.455,1198.98,0,3.443,3912371.122,10.753
20062,599,23849.668,28880.199,67.169,103.566,26.833,3.257,3501280.572,19.224
20063,599,26765.868,13550.268,99.66,454.662,0,1.355,605565.888,9.801
20064,599,27241.218,14519.508,41.921,49.157,37.715,3.194,3366977.077,17.788
20065,599,34799.847,29599.305,1.86,21.868,23.283,3.027,3024510.235,8.404
20066,599,35817.04,28865.167,85.512,261.708,0,2.825,2634708.134,12.993
20067,600,9919.02,39000.19,1.38,7.125,33.836,3.179,3335750.884,19.332
20068,600,10401.028,38076.153,8.039,38.128,38.726,3.124,3220289.807,6.691
20069,600,10409.043,39272.085,7.404,33.659,44.383,8.622,24532150.242,11.627
20070,600,10551.191,33255.029,112.426,560.487,0,3.025,3020115.197,11.396
20071,600,10581.523,38354.926,131.736,985.077,0,4.647,7126010.049,11.214
20072,600,10695.294,35407.557,156.888,1287.858,0,4.431,6479661.203,11.597
20073,600,10766.136,35700.569,134.617,951.322,0,2.384,1875509.107,9.658
20074,600,11152.44,34532.851,125.915,970.156,0,4.894,7904272.777,10.883
20075,600,11285.586,36556.435,7.589,40.192,31.705,4.826,7685137.07,7.319
20076,600,11346.047,35221.141,57.869,58.818,30.584,1.933,1233058.758,19.024
20077,600,21445.925,30207.389,162.204,1077.296,0,3.021,3011750.354,11.896
20078,600,22951.429,29303.714,155.815,1007.933,0,1.207,480718.553,10.152
20079,600,23866.362,28896.481,134.909,739.73,0,1.506,748822.546,10.483
20080,600,27241.874,14475.119,51.532,91.125,33.34,4.437,6496662.096,17.326
20081,600,36240.426,25600.39,0.806,38.42,16.129,1.364,614204.637,5.376
20082,601,9997.003,38958.925,9.564,51.458,36.782,3.879,4964654.21,6.122
20083,601,10286.141,38049.879,139.015,848.29,0,3.066,3101468.998,11.452
20084,601,10437.101,39296.047,52.106,86.631,35.428,4.261,5992281.619,17.889
20085,601,10533.852,33270.728,89.288,374.665,0,3.603,4285139.798,11.738
20086,601,10765.5,35566.571,137.692,1085.502,0,5.031,8354695.89,11.542
20087,601,11283.151,36507.915,165.402,1359.453,0,2.403,1906258.867,9.959
20088,601,11333.904,35217.16,264.189,3042.237,0,1.842,1120120.481,10.255
20089,601,22960.124,29310.817,128.415,728.965,0,2.885,2746629.674,11.221
20090,601,27162.633,13144.942,70.947,79.319,17.802,2.36,1837860.372,21.659
20091,601,27269.566,14481.728,6.477,23.511,33.482,3.768,4685035.173,9.363
20092,601,28404.677,15525.078,128.415,680.519,0,2.632,2286952.066,11.437
20093,601,28877.813,16159.475,9.804,38.872,24.171,3.207,3393403.429,7.005
20094,601,35521.612,30478.817,3.951,42.869,21.189,1.341,593640.865,5.216
20095,602,10271.567,38018.981,144.325,873.66,0,2.13,1497306.186,10.791
20096,602,10400.01,39236.309,103.217,310.663,17.801,4.195,5807026.501,17.715
20097,602,11038.213,37244.81,146.999,1227.034,0,4.163,5719572.382,10.687
20098,602,11103.077,34571.394,224.111,2693.593,0,7.328,17722597.367,14.935
20099,602,11280.849,36481.896,6.352,41.825,31.394,4.841,7735116.333,6.895
20100,602,11358.677,35119.562,6.299,48.716,34.406,2.617,2260812.548,5.369
20101,602,23342.77,29073.179,68.287,104.345,24.663,2.943,2858921.551,18.621
20102,602,23857.812,28796.641,147.512,980.947,0,2.599,2229739.862,10.76
20103,602,26786.179,13601.42,1.534,9.486,27.539,2.364,1844505.131,13.503
20104,602,27392.78,14645.141,243.21,2562.146,0,2.983,2937525.744,11.375
20105,602,29036.395,16001.454,8.908,32.59,29.171,2.754,2502859.54,7.337
20106,602,35325.208,29314.629,108.693,484.475,0,3.493,4027277.893,12.626
20107,602,35554.134,30487.937,86.99,251.086,4.8,1.482,724624.462,11.858
20108,602,35820.612,28908.736,102.364,348.474,0,3.598,4273411,14.863
20109,602,36234.651,24527.754,129.237,456.879,0,3.228,3439051.756,16.168
20110,603,9928.516,38999.986,25.797,34.117,34.941,4.687,7249265.447,16.54
20111,603,10316.49,38000.564,4.435,42.493,34.921,6.11,12319662.617,7.234
20112,603,10403.657,39200.946,4.196,30.263,37.068,2.498,2059564.405,6.745
20113,603,10633.652,38483.674,6.446,26.134,43.874,3.37,3748949.996,8.351
20114,603,10691.408,34510.973,104.043,548.676,0,4.19,5795663.857,11.729
20115,603,10680.17,35359.932,2.231,25.911,52.276,3.211,3403307.417,7.685
20116,603,11125.126,37358.739,7.223,37.514,46.665,7.321,17686312.866,9.456
20117,603,11266.954,36553.505,205.995,1899.195,0,3.944,5133662.865,12.287
20118,603,22869.497,29251.995,27.194,21.391,26.338,1.871,1154657.953,16.209
20119,603,23797.577,28913.689,87.573,302.148,35.649,2.01,1333705.04,11.242
20120,603,27323.081,14571.921,46.73,63.226,26.636,4.563,6872252.437,20.628
20121,603,28910.974,15629.533,176.838,1093.627,0,4.494,6664172.661,15.714
20122,603,29073.318,16025.877,65.195,91.575,21.256,1.631,878340.081,15.771
20123,603,35496.827,30455.189,49.029,63.342,22.224,2.154,1531264.67,15.421
20124,603,35757.006,28894.438,142.967,653.287,0,1.578,822199.111,12.047
20125,604,10361.478,39333.711,127.536,762.6,0,2.687,2383277.466,10.617
20126,604,10529.535,38338.925,53.3,105.446,36.706,5.102,8588711.765,17.584
20127,604,10674.028,35377.028,23.524,30.163,52.259,4.87,7826412.477,17.025
20128,604,11049.146,37195.863,7.154,24.276,39.124,4.161,5715103.515,9.727
20129,604,11156.429,34545.529,164.167,1596.211,0,4.169,5735794.408,10.365
20130,604,11268.02,36724.091,7.538,17.983,45.52,4.362,6280202.621,12.621
20131,604,11377.873,35067.294,34.782,40.695,34.129,5.2,8922846.792,21.756
20132,604,22927.365,29282.512,115.812,567.227,0,4.897,7914193.446,14.385
20133,604,23867.554,28883.561,152.406,952.864,0,5.062,8458234.356,14.872
20134,604,26784.36,13553.583,115.354,682.738,0,2.949,2870628.875,10.299
20135,604,27838.761,15359.56,3.446,33.294,23.259,3.21,3399996.806,6.643
20136,604,28883.456,35938.928,102.194,212.308,6.174,2.278,1712522.764,17.481
20137,604,29098.824,15985.132,64.064,83.833,27.747,2.419,1931851.832,18.401
20138,604,35488.993,30453.035,55.859,82.844,21.989,1.768,1032121.431,14.346
20139,604,37263.949,25568.156,143.137,674.769,0,2.972,2915061.338,13.711
20140,605,9955.238,38990.016,103.082,600.963,0,1.508,750943.161,8.81
20141,605,10302.575,38024.761,122.473,776.19,0,3.605,4288512.447,10.857
20142,605,10412.671,39222.961,23.338,33.889,35.758,2.521,2096988.871,11.515
20143,605,11003.91,37246.352,105.696,185.443,40.521,3.606,4292351.339,25.326
20144,605,11198.898,34558.027,4.857,42.378,45.183,3.907,5037955.903,6.152
20145,605,11278.37,34865.508,139.138,1059.598,0,6.047,12066057.536,13.154
20146,605,11314.226,36352.916,127.488,695.721,0,4.409,6416683.632,13.465
20147,605,22976.432,29295.346,153.099,899.22,0,2.853,2686643.337,12.21
20148,605,23778.176,28873.553,31.804,39.79,28.374,2.617,2260218.596,13.928
20149,605,26789.91,13549.898,156.685,1241.407,0,5.283,9211895.226,12.943
20150,605,27389.02,14615.274,105.619,635.415,0,4.447,6526423.926,11.062
20151,605,28381.156,15545.871,155.485,817.698,0,5.135,8702025.926,17.469
20152,605,29091.357,15974.191,173.467,1062.963,0,2.248,1668071.367,12.062
20153,605,35529.173,30462.289,46.168,69.683,23.618,2.274,1707209.117,13.763
20154,605,35917.418,28967.781,10.232,30.798,16.664,1.803,1072540.077,7.349
20155,605,36240.842,24728.588,6.332,30.135,18.624,3.199,3376492.622,7.469
20156,605,36893.66,26035.5,80.565,116.77,14.067,3.54,4135575.591,23.9
20157,605,37345.439,25542.903,37.044,33.92,26.522,1.264,527554.62,14.999
20158,606,9984.132,38955.704,33.088,56.528,34.249,3.247,3478947.07,12.353
20159,606,10322.592,37995.767,6.297,35.288,32.068,4.602,6987763.792,7.598
20160,606,10275.75,39243.722,167.845,1319.562,0,3.928,5092377.526,11.915
20161,606,10503.988,39135.464,160.257,1093.784,0,4.204,5832030.511,13.139
20162,606,10680.815,35339.187,167.037,1566.492,0,3.113,3197421.041,9.792
20163,606,11080.55,37254.13,173.419,1580.23,0,1.84,1117124.905,9.26
20164,606,11195.887,34561.326,5.141,53.209,54.792,7.477,18447358.911,6.87
20165,606,11329.65,35195.35,135.261,899.391,0,3.744,4626228.514,11.363
20166,606,11292.872,36395.248,166.487,1381.55,0,4.143,5663962.969,11.656
20167,606,22522.885,30293.107,132.068,691.756,0,3.765,4679199.305,13.237
20168,606,22960.342,29277.837,7.339,69.579,26.249,1.997,1316578.156,4.406
20169,606,23843.306,28844.422,35.557,60.836,39.681,3.92,5070313.276,13.753
20170,606,26877.12,13683.131,4.127,23.406,33.52,2.592,2217586.916,7.933
20171,606,27310.482,13259.275,69.437,156.669,12.478,3.667,4438113.345,15.67
20172,606,27390.441,14612.861,211.267,1972.587,0,2.845,2670658.641,11.093
20173,606,27704.718,14040.698,69.987,83.688,18.43,2.789,2566515.077,22.102
20174,606,28888.682,15611.853,146.398,824.473,0,1.753,1014040.391,10.995
20175,606,29038.85,35924.825,6.346,38.497,14.274,1.323,577435.524,5.756
20176,606,35557.146,30455.224,124.147,709.257,0,3.399,3812626.858,11.508
20177,606,37376.269,25600.52,6.661,24.379,21.893,4.2,5820748.635,9.606
20178,607,9959.444,38979.239,55.869,72.844,29.508,1.845,1123037.198,15.688
20179,607,10325.289,38039.668,194.539,1879.308,0,5.002,8257163.398,12.708
20180,607,10394.987,39273.795,5.432,18.837,39.667,2.511,2080470.655,9.24
20181,607,10664.434,34463.922,160.323,1250.027,0,3.993,5263189.38,11.692
20182,607,10577.434,38525.719,132.464,1180.109,0,3.092,3154831.264,8.775
20183,607,10689.15,35321.515,143.094,1129.507,0,4.166,5728313.333,10.914
20184,607,11020.029,37318.444,40.633,37.929,37.513,4.871,7828644.27,27.245
20185,607,11126.658,34478.536,8.745,30.573,47.161,6.875,15599582.071,11.289
20186,607,11200.623,36759.36,2.712,38.103,43.276,4.26,5989826.458,6.554
20187,607,21500.235,30346.814,156.061,988.372,0,3.988,5248045.126,13.295
20188,607,27280.57,14558.824,3.023,51.45,37.509,3.244,3473097.795,5.084
20189,607,27667.507,14093.012,179.716,1292.296,0,2.974,2918385.68,12.001
20190,607,27794.312,15369.439,92.355,383.451,0,1.423,668315.571,9.962
20191,607,35413.483,28256.118,107.876,327.27,0,2.622,2268695.898,14.722
20192,607,35942.12,28915.566,50.608,37.043,16.016,1.281,541692.051,19.591
20193,607,36205.204,24729.603,96.461,320.747,0,3.87,4942955.106,15.019
20194,608,10295.767,38018.973,201.335,1808.519,0,2.247,1665857.251,10.462
20195,608,10267.241,39273.348,140.001,912.598,0,3.376,3760575.986,11.357
20196,608,10691.26,35309.381,157.396,1192.726,0,4.985,8201365.891,13.034
20197,608,11043.925,37273.704,7.449,23.379,40.321,2.136,1505045.609,8.177
20198,608,11339.051,35166.386,191.318,1720.197,0,5.034,8361444.21,13.295
20199,608,21507.977,30364.273,109.218,573.589,0.199,3.164,3303905.134,10.969
20200,608,23797.387,28848.703,115.36,595.48,0,2.629,2280651.889,10.9
20201,608,26813.87,13665.118,98.182,194.641,17.743,1.816,1088329.656,16.431
20202,608,28874.411,15602.052,9.144,42.853,22.076,0.915,276254.906,5.75
20203,608,28962.572,36083.872,6.795,41.667,11.506,1.484,726463.889,5.609
20204,608,35441.26,28315.485,4.514,28.436,17.689,3.18,3337607.887,7.449
20205,608,35492.293,30469.353,272.708,2139.792,0,2.777,2544182.891,14.551
20206,608,35942.102,28937.393,59.707,92.512,12.389,2.337,1802116.77,15.566
20207,608,37420.177,25636.659,105.272,432.702,0,4.048,5408211.627,13.937
20208,609,9976.286,38941.8,118.819,823.714,0,3.858,4911253.116,10.261
20209,609,10303.086,38045.377,58.329,113.738,30.463,4.12,5601445.639,16.62
20210,609,10479.909,39116.12,3.649,29.645,40.119,6.125,12381905.524,9.414
20211,609,10678.512,34488.383,60.262,110.24,26.04,1.992,1309753.346,13.466
20212,609,10780.238,35648.772,42.016,39.011,32.495,5.399,9619445.312,30.14
20213,609,11202.752,34479.353,7.943,23.545,53.407,4.915,7970776.299,11.074
20214,609,11279.387,36720.032,0.669,27.986,34.87,2.839,2659004.054,7.016
20215,609,21513.968,30379.278,155.029,1002.754,0,3.074,3119084.079,11.824
20216,609,22500.428,30286.888,109.647,693.348,0,3.871,4946125.932,10.383
20217,609,22950.563,29272.573,54.095,80.483,27.236,3.009,2987854.483,16.673
20218,609,23742.706,28830.55,56.542,71.63,16.432,2.407,1912329.585,17.483
20219,609,26833.12,13692.17,107.423,649.633,0,2.655,2326752.839,9.513
20220,609,27441.505,14721.621,8.081,44.059,25.436,3.316,3628934.312,6.214
20221,609,28965.059,15999.686,4.362,32.275,28.273,3.293,3578361.455,6.919
20222,609,35377.992,28424.231,90.065,305.517,0,2.826,2636692.645,12.531
20223,609,35986.563,28996.726,183.87,831.711,0,3.363,3731790.383,17.666
20224,610,10207.743,39279.734,1.831,15.533,36.795,3.362,3730845.318,11.046
20225,610,10288.253,38048.317,123.784,805.722,3.727,2.533,2118101.542,9.779
20226,610,10732.544,35370.678,12.879,17.91,37.905,3.148,3269887.627,12.992
20227,610,11181.04,34532.002,63.563,88.44,47.665,3.342,3685460.938,20.329
20228,610,11236.289,36714.789,35.181,37.429,36.793,2.56,2162061.804,16.02
20229,610,11279.743,34878.796,8.035,81.738,42.683,3.296,3584644.911,4.306
20230,610,11317.386,35240.272,128.298,790.241,0,3.703,4526049.014,11.517
20231,610,21425.861,30332.95,58.174,24.184,26.815,4.204,5832453.82,63.174
20232,610,22425.081,30318.652,76.949,281.253,13.087,4.364,6284709.688,12.745
20233,610,26807.206,13700.151,153.784,1320.463,0,1.835,1111024.552,8.962
20234,610,27464.123,14686.887,118.86,741.377,0,2.99,2950752.528,10.182
20235,610,27727.916,14061.09,84.968,154.594,19.02,3.884,4979653.398,21.889
20236,610,27865.975,15372.377,128.393,602.806,0,3.572,4211756.395,13.727
20237,610,28944.292,16057.051,33.752,43.135,26.692,1.577,820536.561,12.387
20238,610,33372.173,26736.766,87.737,190.851,10.23,2.272,1703434.756,15.422
20239,610,35492.798,30438.264,118.288,522.138,0,4.612,7020266.529,15.324
20240,611,9996.654,38936.176,76.67,207.766,19.507,3.29,3571052.524,13.943
20241,611,10402.459,39283.308,5.743,50.598,44.846,2.518,2093122.39,5.167
20242,611,10650.338,34439.335,169.996,1582.347,0,3.467,3967575.24,10.256
20243,611,10694.966,35395.198,134.623,1095.316,0,4.34,6215556.148,10.423
20244,611,11213.987,34553.192,117.963,946.874,0,4.751,7449863.337,9.985
20245,611,11253.599,36706.036,73.906,99.349,29.819,3.166,3307981.116,22.4
20246,611,21518.948,30404.286,7.538,22.952,23.284,4.019,5331092.968,10.082
20247,611,23770.362,28836.755,30.198,47.127,22.152,3.574,4214977.885,13.256
20248,611,27677.114,14003.299,7.748,27.427,28.961,1.615,861198.468,7.235
20249,611,27799.235,15335.472,49.477,60.022,20.402,1.533,775938.718,14.838
20250,611,28945.225,16089.658,51.448,47.566,25.456,1.843,1120745.334,18.741
20251,611,33370.82,26761.819,70.868,49.432,26.545,2.337,1802705.424,30.637
20252,611,35510.457,28384.025,113.084,458.056,0,2.923,2820641.376,12.97
20253,611,35435.112,30447.666,33.083,26.516,20.527,2.496,2056292.486,18.895
20254,611,35951.365,28963.485,96.004,296.716,0,3.043,3055705.094,14.235
20255,612,9985.208,38964.594,66.793,196.973,20.686,1.748,1008715.377,10.461
20256,612,10329.573,38127.041,177.586,1820.614,0,4.234,5917416.537,10.599
20257,612,10408.562,39304.006,45.184,36.635,41.809,3.226,3435061.495,24.718
20258,612,10569.378,34400.526,5.561,27.058,38.857,1.073,380142.888,6.747
20259,612,10745.985,35294.156,81.813,269.328,24.799,2.345,1815422.08,11.491
20260,612,10987.951,33960.698,96.578,453.603,11.377,4.816,7654613.679,12.935
20261,612,11201.555,34496.519,34.847,46.061,44.442,6.113,12333908.413,22.026
20262,612,11277.459,34836.186,36.143,65.391,40.559,4.086,5510901.178,13.557
20263,612,23840.632,28878.017,3.221,52.729,25.225,2.677,2365285.434,4.879
20264,612,26802.403,13704.652,163.238,1169.63,0,3.483,4002679.265,11.91
20265,612,27459.413,14700.903,183.459,1382.098,0,2.946,2865002.46,11.763
20266,612,27683.8,14005.03,7.042,21.049,27.931,3.217,3415154.905,9.653
20267,612,28908.636,16120.872,70.44,184.515,19.48,1.529,771360.855,11.289
20268,612,33446.807,26778.437,117.454,417.776,0,4.24,5934052.103,17.204
20269,612,34288.788,28477.146,132.976,603.583,0,2.608,2245016.945,12.862
20270,612,35469.266,28466.232,95.68,318.834,0,3.004,2978550.733,13.43
20271,612,35504.854,30494.036,102.013,290.97,10.117,2.107,1464793.437,13.892
20272,612,36251.553,26206.134,138.604,613.397,0,1.776,1041570.698,12.279
20273,612,36849.662,27926.958,134.299,486.742,0,2.076,1422748.642,14.04
20274,613,10029.813,38957.919,180.873,1588.203,0,5.621,10428142.348,13.782
20275,613,10294.253,37963.072,69.663,91.377,32.428,6.06,12119361.052,34.262
20276,613,10400.124,39276.082,6.605,45.451,37.834,2.422,1935943.022,5.564
20277,613,10586.843,38354.991,100.995,484.946,21.437,2.966,2903496.659,10.875
20278,613,10649.607,35278.737,5.318,29.271,36.994,4.778,7533772.565,8.63
20279,613,10979.303,33969.837,133.234,1094.172,0,4.996,8236874.184,10.909
20280,613,11053.434,37627.648,54.786,88.97,26.124,1.672,922393.597,13.31
20281,613,11199.577,34559.494,9.814,64.646,57.575,7.203,17121348.529,6.668
20282,613,11284.448,34848.473,150.641,1461.506,0,4.682,7235457.906,10.249
20283,613,23765.442,28874.421,131.757,577.74,0,1.834,1110080.155,12.062
20284,613,26800.347,13665.786,132.48,839.295,0,2.883,2743719.634,10.665
20285,613,27400.721,14671.975,148.441,950.853,0,2.842,2666035.258,11.313
20286,613,34278.436,28532.073,125.218,560.272,0,3.674,4454143.92,14.133
20287,613,35459.764,30469.836,206.469,1473.179,0,1.788,1055076.088,11.681
20288,614,10007.376,38930.463,41.8,78.959,27.966,3.596,4267412.891,13.251
20289,614,10270.579,38347.765,149.631,1177.869,0,2.4,1901503.343,9.64
20290,614,10343.061,37968.539,162.886,1342.522,0,5.813,11150548.8,13.625
20291,614,10560.275,38403.133,2.779,30.099,44.02,3.15,3274712.45,6.985
20292,614,10714.394,35232.388,153.017,1313.698,0,2.758,2509497.571,9.531
20293,614,10888.448,38205.715,135.762,927.46,0,5.09,8549266.824,12.787
20294,614,11233.372,36695.386,134.839,986.158,0,3.566,4195792.696,10.457
20295,614,11294.502,34841.364,140.631,1250.855,0,5.264,9145968.236,10.952
20296,614,21531.674,30499.297,29.695,25.656,18.976,2.097,1450697.563,16.189
20297,614,23355.532,29440.376,10.818,31.026,27.733,2.883,2742742.997,8.11
20298,614,23682.648,28960.907,4.377,25.951,20.256,3.455,3939751.46,8.093
20299,614,27432.68,14641.54,8.856,19.343,33.27,4.446,6524564.96,12.574
20300,614,28889.727,16152.836,159.554,965.436,0,3.952,5154590.512,13.902
20301,614,35475.573,30468.832,100.851,563.988,0,2.771,2534484.165,9.711
20302,614,36235.696,26043.612,156.461,943.261,0,2.68,2370984.85,11.954
20303,615,9977.435,38978.648,36.332,39.17,26.895,3.955,5161046.798,19.886
20304,615,10435.452,39320.832,2.492,27.799,28.908,4.702,7294873.228,8.477
20305,615,10711.977,35309.237,145.796,1160.748,0,6.253,12901841.326,13.421
20306,615,11208.909,35583.094,134.181,889.716,0,4.115,5587618.874,11.749
20307,615,11223.72,36673.216,39.218,49.964,32.934,2.298,1742742.499,14.311
20308,615,23805.759,28918.454,146.324,714.555,0,2.192,1585627.72,12.45
20309,615,26788.814,13785.909,145.782,776.777,0,4.024,5343259.889,14.431
20310,615,34271.151,28486.97,115.457,615.717,0,2.39,1884648.826,10.466
20311,615,35489.807,30451.651,101.384,537.655,0,4.017,5325581.925,11.291
20312,615,35889.759,29058.821,71.616,88.154,16.224,1.682,933904.524,18.143
20313,615,36242.106,26082.692,5.455,25.345,24.758,3.193,3364751.133,8.186
20314,616,10596.605,33707.645,187.675,1470.092,0,2.798,2584525.441,11.466
20315,616,10559.782,38442.866,1.788,16.99,46.408,3.482,4000396.823,10.512
20316,616,10694.539,35302.295,63.499,160.112,34.396,3.163,3300854.453,12.892
20317,616,11207.483,34582.833,67.488,331.009,43.59,4.327,6178663.085,9.511
20318,616,11289.105,34909.754,50.102,96.331,36.797,1.398,645262.464,11.308
20319,616,23462.685,29574.534,147.527,859.164,0,1.986,1301798.549,11.042
20320,616,26783.11,13751.906,67.207,111.238,21.814,2.974,2918147.108,17.477
20321,616,27802.755,15299.602,92.001,302.88,0,3.626,4339134.947,14.223
20322,616,28880.948,16158.517,5.934,32.143,23.604,2.538,2125582.725,6.746
20323,616,34297.284,28411.49,103.852,280.266,15.181,2.333,1796235.378,14.962
20324,616,35549.444,28478.127,99.923,348.437,0,2.208,1609229.412,12.257
20325,616,35898.084,29080.363,146.412,536.759,0,3.77,4689286.163,18.559
20326,616,36538.251,27954.376,75.015,114.599,12.931,1.676,927377.823,16.254
20327,617,10286.446,38068.983,43.589,74.126,38.021,4.888,7885291.564,17.192
20328,617,10507.023,38403.684,52.966,68.892,43.651,1.71,965334.589,15.027
20329,617,10706.057,35273.021,80.576,110.86,36.107,2.494,2052375.293,20.727
20330,617,10765.229,36960.71,3.053,14.264,34.056,2.598,2227448.534,10.745
20331,617,11194.795,34560.896,43.062,122.06,58.037,3.404,3824460.899,9.979
20332,617,21458.987,30401.696,84.273,173.36,7.762,1.084,387874.575,13.609
20333,617,23432.14,29579.121,118.351,378.155,9.798,2.842,2666314.146,15.531
20334,617,26788.689,13786.018,75.322,179.661,20.652,1.628,875012.315,12.426
20335,617,34322.126,28400.748,7.869,51.389,29.215,3.116,3203420.181,5.559
20336,617,36355.99,25461.365,86.514,277.066,0,3.927,5090563.839,14.442
20337,618,10306.497,38011.388,53.035,96.882,33.427,3.21,3400028.807,14.642
20338,618,10398.091,38231.681,9.911,18.498,52.552,2.584,2203152.824,10.642
20339,618,10632.199,38475.761,11.12,29.392,44.862,3.34,3681952.889,8.859
20340,618,10723.57,38741.693,70.856,165.124,20.504,1.165,447918.895,11.746
20341,618,11220.829,34597.237,74.536,142.986,50.498,1.738,996960.477,14.213
20342,618,23436.261,29600.063,0.269,11.062,27.494,3.272,3533677.43,13.894
20343,618,23841.358,28878.402,2.651,26.043,25.893,3.204,3388377.704,7.688
20344,618,26785.475,13798.353,62.889,155.929,14.116,3.988,5248879.353,14.294
20345,618,27410.233,14630.687,70.736,170.371,16.18,4.435,6491309.527,16.659
20346,618,27764.364,15277.603,96.304,377.187,9.135,3.826,4829587.941,13.249
20347,618,34348.437,28359.907,125.079,695.811,0,2.204,1603824.739,10.518
20348,618,36991.594,27550.64,66.704,78.188,12.084,1.115,409997.589,16.607
20349,619,10329.291,37998.948,139.126,936.265,14.796,3.621,4327446.026,11.342
20350,619,10612.308,33771.314,38.535,43.198,33.38,0.934,287801.654,13.159
20351,619,10692.234,35480.812,75.215,218.734,28.789,3.282,3554711.562,13.109
20352,619,10675.65,38742.55,146.419,1097.602,0,3.13,3232088.86,10.42
20353,619,11248.636,34657.444,64.71,199.336,25.009,3.718,4562540.584,12.072
20354,619,11217.222,36695.662,168.873,1326.823,0,4.202,5825928.794,12.311
20355,619,11326.19,34890.507,156.97,1360.448,0,2.727,2455062.933,9.598
20356,619,22082.915,29685.091,7.867,28.803,25.683,5.797,11091671.497,10.358
20357,619,23812.058,28909.284,100.313,421.625,0,4.515,6727575.355,13.977
20358,619,27307.419,14597.745,20.965,19.496,44.806,3.848,4885446.698,18.795
20359,619,27796.301,15271.387,103.79,464.358,0,3.574,4218629.13,12.328
20360,619,27954.588,14338.281,99.415,360.987,0,2.123,1487370.817,11.823
20361,619,34321.384,28425.551,74.57,107.507,19.272,1.416,661419.405,16.202
20362,619,35511.192,30485.591,61.731,52.805,29.62,2.939,2851079.571,27.131
20363,619,35920.4,29016.724,65.524,100.049,10.858,2.34,1807483.774,16.573
20364,620,10326.956,37994.327,147.981,1532.734,0,3.861,4919190.466,9.05
20365,620,10471.393,39206.612,189.451,1451.566,0,3.366,3738775.533,12.411
20366,620,10718.804,35365.018,6.802,44.937,45.496,2.562,2166452.899,5.669
20367,620,10635.067,38689.39,148.85,1095.944,4.626,1.23,499082.16,9.266
20368,620,11117.211,37615.91,136.315,817.771,0,3.979,5225558.999,12.572
20369,620,11246.146,34604.81,131.057,844.735,0,3.124,3220599.986,10.712
20370,620,11263.364,36676.618,68.887,72.765,31.516,5.146,8738523.587,36.212
20371,620,11309.194,34873.525,63.33,164.908,29.864,4.067,5458599.916,13.976
20372,620,21449.107,30329.127,68.065,69.452,13.468,1.948,1252608.763,20.86
20373,620,22110.979,29725.512,78.274,192.655,13.091,2.265,1692927.751,13.317
20374,620,23834.615,28875.853,156.189,1205.378,0,4.247,5953522.902,11.865
20375,620,27187.232,13218.089,51.515,48.396,24.844,2.908,2791315.231,22.414
20376,620,27363.275,14639.987,8.104,63.822,39.704,7.704,19584753.611,6.584
20377,620,27877.159,14361.104,102.977,510.62,0,3.403,3822496.445,11.241
20378,620,28960.232,16119.538,2.153,17.723,23.655,2.423,1938239.759,9.05
20379,620,35463.688,30446.369,134.26,572.67,0,4.143,5664093.767,16.301
20380,621,10303.43,38042.555,130.869,1112.095,0,4.966,8140100.724,10.483
20381,621,10526.55,39073.335,99.152,582.372,0,3.403,3822357.784,9.827
20382,621,10616.82,33821.673,66.242,130.396,29.692,2.338,1804139.886,14.102
20383,621,10675.821,35426.551,87.481,343.479,23.912,5.972,11771423.913,15.654
20384,621,10901.853,38362.62,40.674,63.564,28.821,3.228,3437896.492,14.3
20385,621,11246.4,34664.914,53.062,73.645,37.406,2.824,2631380.996,16.868
20386,621,11219.308,36680.395,152.522,1063.843,0,3.586,4243283.575,11.719
20387,621,11301.994,34886.754,54.557,105.261,36.24,2.697,2399862.475,13.431
20388,621,23876.451,28872.453,133.798,641.277,0,4.871,7829165.98,16.238
20389,621,27730.84,15263.003,140.564,741.84,0,4.87,7826948.398,15.626
20390,621,29001.009,16040.333,162.239,871.567,0,1.152,437723.781,11.415
20391,621,34666.787,28900.1,155.958,923.237,0,3.595,4264683.123,13.342
20392,621,35450.26,30415.472,69.774,127.584,16.153,1.894,1183869.347,14.388
20393,621,36303.168,25578.112,51.729,44.267,21.925,1.224,494410.135,17.869
20394,622,9981.976,38938.65,60.836,128.788,14.401,1.599,843462.038,11.918
20395,622,10242.432,38081.672,9.232,23.463,43.259,3.285,3560301.674,9.631
20396,622,10318.625,38320.681,9.905,30.636,43.216,3.511,4068922.944,8.415
20397,622,10542.722,39042.459,65.393,77.768,22.898,1.094,395014.695,16.271
20398,622,10619.037,33789.872,73.913,166.077,22.87,3.398,3810610.687,15.788
20399,622,10671.376,35421.612,198.83,1863.985,0,1.667,917442.652,9.715
20400,622,10891.712,38362.683,96.116,499.121,0,4.261,5990600.817,11.331
20401,622,11039.315,34000.091,3.053,32.43,32.903,2.966,2903246.303,6.592
20402,622,11279.79,34637.822,2.293,38.935,28.727,4.039,5384746.336,6.322
20403,622,11229.548,36755.779,202.753,2086.191,0,4.589,6948639.672,11.992
20404,622,23800.908,28928.925,34.242,30.572,26.452,3.725,4579751.014,21.732
20405,622,27360.316,14641.054,2.549,52.664,42.388,3.617,4316649.203,5.094
20406,622,35549.611,28548.364,239.096,1614.04,0,3.137,3247239.212,15.456
20407,622,36873.568,26316.992,6.905,26.109,17.727,1.316,571543.103,7.156
20408,623,9977.373,38919.176,72.318,229.067,13.224,4.09,5521547.539,13.196
20409,623,10333.481,37992.54,173.274,1449.754,0,2.425,1939943.157,10.143
20410,623,10638.932,33708.139,24.009,27.176,31.479,3.995,5267787.301,16.774
20411,623,10726.021,35595.81,10.047,29.733,40.939,2.32,1776732.653,7.746
20412,623,10921.846,37012.035,105.28,480.15,13.04,5.048,8409194.074,14.417
20413,623,11062.739,37887.561,92.049,434.237,0,4.659,7164893.87,12.276
20414,623,11201.445,34559.429,2.442,35.319,39.246,2.942,2855993.789,6.205
20415,623,11267.551,34913.114,47.805,33.161,39.348,2.302,1748092.591,24.003
20416,623,23744.919,28920.363,83.547,181.466,15.446,2.252,1673342.878,14.954
20417,623,27340.871,14622.166,129.471,914.504,0,3.042,3055870.208,9.958
20418,623,27747.516,15255.302,134.881,600.845,0,3.826,4831242.49,15.214
20419,623,36307.813,25423.737,38.798,25.164,29.723,1.867,1150531.607,20.842
20420,624,9983.283,38857.234,35.248,34.419,29.484,1.846,1124648.47,15.289
20421,624,10369.948,37915.735,43.427,66.138,29.216,5.523,10068004.441,20.343
20422,624,10595.353,33785.168,132.637,1013.967,0,3.24,3463384.022,9.774
20423,624,10881.157,38401.789,5.748,67.667,37.816,4.569,6890479.326,4.856
20424,624,11203.925,34535.227,85.223,134.955,32.619,2.12,1483907.086,18.282
20425,624,11203.281,36718.501,6.183,27.31,32.524,4.038,5381347.293,8.604
20426,624,11314.077,34878.581,140.052,1297.543,0,4.699,7286958.588,10.089
20427,624,23673.533,28885.924,6.511,15.642,21.948,3.467,3967313.153,12.113
20428,624,27329.649,14600.274,54.373,86.646,31.241,3.058,3086055.67,16.031
20429,624,28868.679,16199.813,44.963,38.228,22.702,3.317,3630314.548,24.128
20430,624,36315.356,25436.844,22.244,43.883,29.624,4.484,6635779.082,11.522
20431,625,10286.478,38039.714,154.902,1126.903,0,1.864,1146240.07,9.891
20432,625,10550.281,33840.27,10.299,7.17,36.857,3.199,3376927.225,24.04
20433,625,10700.308,35322.389,130.092,904.616,0,5.286,9219562.37,12.472
20434,625,10927.473,36950.518,194.1,1899.41,0,3.361,3728650.995,10.704
20435,625,10904.473,38387.733,35.049,46.465,37.958,3.731,4593484.128,16.14
20436,625,11215.764,34547.41,131.698,961.139,0,6.304,13115627.454,13.371
20437,625,11281.071,36713.057,9.085,17.01,35.3,4.053,5420878.153,13.304
20438,625,11294.051,34863.988,118.805,988.532,0,2.547,2141695.748,8.274
20439,625,11295.981,35205.275,148.301,1074.692,0,3.903,5028375.035,11.566
20440,625,23720.858,28924.047,125.893,578.437,0,3.736,4607371.366,14.021
20441,625,27513.285,13840.103,3.999,21.199,27.503,4.419,6443165.809,10.279
20442,625,27988.555,14405.644,185.796,1292.552,0,2.675,2362074.109,12.139
20443,625,28923.131,16157.9,120.718,500.96,0,2.124,1488378.412,12.193
20444,625,36329.364,25357.759,78.15,192.34,21.699,1.828,1102908.063,12.687
20445,626,10022.876,38924.1,75.021,242.885,21.4,2.866,2710921.376,11.645
20446,626,10327.213,37985.821,149.561,1204.482,0,2.834,2651018.987,9.838
20447,626,10713.145,35340.292,133.85,799.757,0,1.698,951241.504,10.084
20448,626,10851.684,36913.012,38.935,33.172,37.43,0.918,278263.263,15.306
20449,626,10876.713,38352.467,26.49,29.492,38.543,4.353,6253176.344,18.286
20450,626,11156.977,33990.335,115.971,531.544,0,4.28,6044953.224,14.128
20451,626,11257.224,34599.038,51.797,90.697,29.275,2.395,1893345.558,13.433
20452,626,11160.445,36846.592,47.838,55.361,32.339,1.546,788857.863,15.05
20453,626,11317.958,34878.747,40.506,72.825,37.259,3.536,4127370.868,13.427
20454,626,23755.273,28958.597,8.418,27.308,26.494,4.207,5840069.757,9.319
20455,626,26793.195,13714.265,151.998,804.353,0,3.603,4283197.717,14.206
20456,626,27311.185,14624.652,99.754,553.477,7.049,7.818,20170293.163,15.518
20457,626,27967.941,14361.112,54.559,102.411,15.89,3.199,3377521.012,14.573
20458,626,36280.466,25280.56,225.032,1570.38,0,2.516,2089298.288,13.438
20459,627,9983.597,38917.816,111.859,718.023,0,1.737,996168.133,8.831
20460,627,9974.774,39267.958,123.233,805.035,0,4.428,6469679.875,11.556
20461,627,10612.793,33722.732,137.78,835.642,0,3.234,3450544.114,11.627
20462,627,10675.278,35334.472,127.354,725.481,0,3.944,5133529.175,12.405
20463,627,10716.501,35674.779,54.288,84.991,24.701,1.669,919094.608,13.537
20464,627,10845.982,36915.133,151.011,1173.977,0,2.951,2874806.887,10.216
20465,627,10884.012,38326.75,9.788,24.751,34.94,6.119,12357216.217,12.936
20466,627,11204.634,34562.041,6.402,40.565,31.435,3.208,3396709.518,6.216
20467,627,11281.399,34942.766,153.458,1031.21,0,3.283,3557378.646,11.701
20468,627,26786.93,13758.142,158.386,1061.313,0,3.512,4070662.663,12.257
20469,627,27348.531,14635.08,59.463,76.136,33.88,1.5,742267.337,15.635
20470,628,9921.39,39245.048,165.97,1013.869,0,1.721,977916.772,11.227
20471,628,10021.508,38863.261,142.838,699.352,13.871,3.988,5248221.753,15.075
20472,628,10445.282,39199.97,39.456,63.863,28.806,2.995,2960708.468,13.366
20473,628,10600.003,33734.703,58.479,112.123,26.72,1.008,335127.914,11.796
20474,628,10724.207,35264.188,43.318,60.351,25.896,3.491,4021248.398,16.613
20475,628,10951.501,38317.403,9.042,24.47,38.609,3.959,5173788.824,10.016
20476,628,11122.304,33998.901,3.875,22.588,27.727,5.115,8635636.973,10.558
20477,628,11244.603,36671.386,80.641,239.999,12.851,2.998,2965721.376,13.031
20478,628,11279.93,34878.836,2.716,27.592,38.353,0.886,258780.811,6.359
20479,628,26761.698,13725.306,110.294,570.293,0,3.526,4104132.19,11.555
20480,628,27236.848,13253.034,113.517,502.621,0,4.978,8177363.295,15.471
20481,628,27352.706,14690.504,114.372,426.542,10.129,2.529,2111174.29,13.184
20482,628,27521.075,13846.984,3.36,21.095,25.543,3.083,3136338.695,8.8
20483,628,27979.503,14374.45,121.396,548.473,0,1.497,739172.99,11.021
20484,629,9923.422,38877.252,7.556,28.781,35.17,2.759,2512737.343,7.632
20485,629,10276.863,37973.524,97.629,615.765,11.633,2.28,1716258.033,8.572
20486,629,10476.763,39114.703,12.013,37.814,36.957,6.956,15968059.45,10.814
20487,629,10688.486,36783.026,149.787,872.795,0,4.077,5484417.99,13.86
20488,629,11297.161,34924.69,136.057,1094.395,0,5.755,10929633.258,12.06
20489,629,11280.941,36694.062,141.035,816.229,0,3.243,3471275.528,12.191
20490,629,23012.631,29298.164,84.115,198.528,9.142,2.925,2822859.072,15.535
20491,629,26804.292,13736.294,113.964,577.035,0,3.967,5193436.157,12.541
20492,629,27256.563,13273.147,121.307,583.005,0,3.478,3991992.715,12.86
20493,629,27393.056,14749.106,92.515,358.372,0,2.499,2060412.751,11.311
20494,629,27998.438,14326.92,21.333,48.381,28.168,3.642,4376997.9,9.523
20495,629,36412.835,26463.727,104.328,445.593,0,2.288,1727164.308,11.19
20496,630,10304.737,37978.728,134.716,1251.439,0,1.309,565245.123,7.816
20497,630,10405.547,39208.703,4.972,23.662,32.206,2.146,1520071.706,7.691
20498,630,10593.628,33651.165,67.51,47.555,36.859,4.203,5829545.709,43.674
20499,630,10877.576,35757.016,6.662,28.387,32.655,5.234,9041578.024,9.554
20500,630,11317.668,34867.077,56.951,128.664,36.491,4.039,5384008.653,14.505
20501,630,22101.437,29862.691,204.066,1306.878,0,3.242,3468691.264,14.565
20502,630,26769.914,13760.674,139.689,855.69,0,1.37,619228.359,9.965
20503,630,27369.631,14707.896,82.482,199.191,24.983,1.039,356344.964,12.301
20504,630,27940.916,14384.605,150.741,832.953,0,3.456,3941167.461,13.465
20505,630,36402.916,26487.33,9.583,58.198,24.659,1.731,989111.445,5.089
20506,631,10304.041,37989.864,109,552.954,25.375,2.565,2172048.786,10.596
20507,631,10400.382,39235.783,34.514,68.55,33.575,3.567,4198977.383,11.725
20508,631,10827.189,32952.228,43.185,57.828,17.381,2.427,1944164.859,14.709
20509,631,10875.063,35690.472,9.351,30.756,35.076,3.573,4213157.155,8.294
20510,631,10953.515,38238.689,7.863,27.445,33.162,4.093,5527803.079,9.024
20511,631,11273.338,36718.335,7.131,32.501,36.183,2.715,2432466.822,6.983
20512,631,11326.006,34901.73,114.332,1074.891,0,3.331,3661008.578,7.919
20513,631,23221,29206.975,125.128,671.595,0,3.993,5260874.017,12.854
20514,631,26775.74,13730.196,126.046,602.449,0,2.526,2105250.927,11.94
20515,631,27919.535,14398.041,6.326,30.134,26.733,3.078,3127094.313,7.39
20516,631,36366.52,26541.118,105.645,510.679,0,1.944,1246650.46,10.179
20517,632,10048.893,38963.589,3.79,12.829,35.132,5.962,11728928.692,18.643
20518,632,10301.118,37976.638,147.671,1499.348,0,2.774,2539012.441,8.451
20519,632,10447.235,39232.109,115.991,681.305,0,4.094,5531731.918,11.575
20520,632,10640.464,33724.25,65.326,98.857,33.728,2.484,2035876.279,17.004
20521,632,10716.728,35329.869,183.957,1300.582,0,2.649,2316128.159,11.908
20522,632,11174.717,36954.866,140.367,1005.106,0,3.03,3029776.061,10.36
20523,632,11334.199,34878.34,97.073,796.545,5.415,4.527,6761880.82,8.516
20524,632,23228.116,29180.007,60.272,110.591,23.555,2.762,2518152.78,14.795
20525,632,26776.66,13759.467,31.291,30.905,30.865,3.594,4262200.69,18.957
20526,632,27590.332,13931.813,91.374,187.418,14.427,3.081,3132025.577,18.548
20527,632,27955.451,14364.833,107.966,579.812,0,3.198,3376030.654,10.769
20528,633,10017.44,38900.095,56.56,109.156,31.076,3.867,4934360.822,15.904
20529,633,10310.076,38015.258,77.941,243.564,48.149,3.018,3006086.042,12.385
20530,633,10638.521,33718.744,4.066,25.829,37.111,3.789,4737152.661,8.345
20531,633,10715.381,38718.136,3.758,20.016,36.204,5.125,8667732.231,11.6
20532,633,10950.046,35721.556,47.877,58.844,34.666,3.417,3852978.356,19.059
20533,633,11047.387,37835.215,4.973,23.299,24.095,1.924,1221869.92,7.624
20534,633,11281.72,36716.472,6.367,52.434,35.44,5.186,8875740.819,6.057
20535,633,11324.168,34855.647,127.262,1122.804,0,5.295,9252666.905,10.297
20536,633,23170.696,29262.533,129.313,665.4,0,3.209,3399011.009,12.427
20537,633,26753.729,13660.29,118.679,628.963,0,1.315,570480.762,9.866
20538,633,27295.869,14615.303,46.489,61.646,27.128,2.33,1792314.843,15.134
20539,633,27580.334,13891.579,78.941,145.294,13.165,2.258,1682777.918,16.127
20540,633,27732.144,15255.004,126.614,585.064,0,5.251,9100381.135,16.759
20541,633,27924.965,14388.982,6.508,19.952,26.322,4.756,7466234.106,11.857
20542,633,34399.836,28474.305,5.884,28.004,22.285,4.356,6261429.778,8.661
20543,633,35387.389,30401.581,92.925,420.651,4.867,2.532,2115128.575,10.335
20544,634,10399.084,37751.672,7.332,26.14,42.244,6.255,12910003.773,11.533
20545,634,10484.143,39119.463,8.023,23.284,31.999,5.07,8482695.346,11.395
20546,634,10619.879,33627.436,81.571,161.311,22.053,2.193,1587315.538,15.547
20547,634,10677.762,35452.936,145.184,1076.999,0,5.158,8781524.922,12.705
20548,634,11277.228,36721.376,10.446,43.944,30.343,3.744,4624881.208,6.895
20549,634,11280.047,34879.558,2.168,36.529,48.906,3.71,4542937.78,6.417
20550,634,11375.331,35227.989,129.51,798.616,0,3.177,3330738.084,10.997
20551,634,22136.058,29788.881,135.525,597.812,0,1.977,1289687.114,12.385
20552,634,27416.043,14646.134,143.512,926.073,0,2.239,1654759.835,10.452
20553,634,27668.022,15198.916,78.163,176.409,15.145,1.934,1233955.435,13.519
20554,634,27964.449,14452.887,143.081,742.144,0,5.713,10771107.72,17.696
20555,634,35400.154,30440.294,146.349,729.166,0,2.973,2917317.672,13.403
20556,635,10563.938,33760.42,4.229,19.479,30.817,2.145,1517997.353,8.523
20557,635,10763.359,35641.26,59.415,85.687,38.153,2.581,2198546.66,16.882
20558,635,11214.839,36790.561,6.557,24.429,41.185,6.2,12686976.637,11.848
20559,635,11325.92,35254.159,77.605,188.414,19.102,3.313,3622453.138,15.231
20560,635,23441.726,29757.974,5.576,25.349,23.749,3.062,3094015.558,8.103
20561,635,26779.009,13585.011,30.989,20.137,31.689,2.897,2770438.333,23.21
20562,635,27830.712,15255.298,35.933,33.158,25.953,2.135,1504032.133,16.678
20563,635,32719.899,26647.179,4.063,18.019,21.862,3.577,4222818.841,10.501
20564,635,35419.112,30407.491,54.607,104.139,23.089,2.383,1873925.171,13.046
20565,636,10280.826,38018.74,42.431,42.401,39.852,5.739,10870303.923,29.778
20566,636,10447.255,39170.908,114.112,527.184,0,2.445,1973707.929,11.403
20567,636,10588.739,33677.063,2.251,9.939,37.248,1.883,1170027.952,12.217
20568,636,11126.436,37028.931,12.648,29.763,37.196,3.447,3920815.545,9.369
20569,636,11282.297,34878.752,5.185,33.437,40.31,2.22,1626250.174,6.354
20570,636,11370.598,35280.312,116.711,690.812,0,4.16,5715379.536,11.637
20571,636,27724.312,15222.089,108.875,497.482,0,1.942,1244874.961,10.688
20572,636,35424.069,30402.416,133.779,578.031,0,3.877,4962620.717,15.571
20573,636,36336.592,25823.777,44.83,34.862,19.15,2.801,2588314.689,23.482
20574,637,10323.5,38416.924,12.234,21.617,45.919,3.687,4486438.229,11.877
20575,637,10401.494,37761.666,5.538,59.799,38.129,5.378,9544771.125,5.504
20576,637,10479.837,39118.972,87.871,169.327,17.852,3.353,3710818.566,19.735
20577,637,10766.54,35692.348,126.933,763.925,0,2.974,2918202.201,10.823
20578,637,11120.621,36965.437,5.76,38.279,40.798,3.476,3987020.472,6.476
20579,637,11298.579,34852.251,142.122,1261.494,0,3.203,3385949.57,9.251
20580,637,26682.552,13458.561,100.303,414.458,0,3.771,4693488.858,13.022
20581,637,35387.544,29382.315,89.68,213.977,10.794,3.057,3084790.704,16.361
20582,637,35436.885,30402.373,5.199,25.785,19.748,4.404,6401733.304,9.095
20583,638,10322.979,38392.248,5.041,25.133,43.971,4.065,5454530.824,8.913
20584,638,10357.97,37895.201,119.435,733.225,0,4.012,5311036.852,11.351
20585,638,10724.123,35763.162,8.067,43.741,30.863,2.959,2890005.209,6.091
20586,638,11042.283,37840.098,4.347,35.64,27.817,2.06,1400456.711,5.983
20587,638,11306.213,34834.03,121.639,941.201,0,5.817,11166286.022,11.51
20588,638,23109.03,29297.044,76.269,63.518,19.637,1.151,437024.638,21.862
20589,638,26793.385,13723.325,86.508,230.167,11.857,2.464,2004375.364,13.747
20590,638,28914.846,16121.491,71.743,155.122,7.851,2.903,2782099.88,14.916
20591,638,35380.586,29323.303,92.717,322.998,0,2.902,2780144.154,12.638
20592,639,10029.136,38887.307,132.058,797.285,0,2.153,1530468.898,10.294
20593,639,10309.405,38384.495,8.22,11.502,40.467,2.754,2503772.275,14.327
20594,639,10781.193,35753.887,139.551,936.005,0,4.21,5848321.508,12.086
20595,639,11048.337,37825.068,21.551,17.499,30.11,2.015,1339752.616,15.525
20596,639,11280.647,34801.141,5.759,31.035,37.783,3.703,4526030.096,7.561
20597,639,21558.862,30352.282,40.711,34.517,21.054,1.479,722313.469,16.764
20598,639,23108.193,29303.17,134.348,720.315,0,3.634,4358597.098,12.981
20599,639,23390.581,29808.101,136.014,810.791,0,5.938,11638423.958,15.554
20600,639,26669.001,12595.345,68.624,167.821,8.703,4.076,5484067.09,15.428
20601,639,26745.194,13666.576,117.773,532.896,0,3.573,4212388.185,13.292
20602,639,27394.535,14638.53,120.74,719.322,1.012,6.052,12088123.781,14.361
20603,639,27840.12,15199.711,5.597,34.141,21.228,2.836,2654269.229,6.603
20604,639,28917.743,16203.9,152.727,749.706,0,4.065,5451928.591,15.946
20605,640,10070.02,38884.246,6.65,22.207,38.272,1.763,1025300.743,8.012
20606,640,10322.502,38402.612,7.698,21.133,34.808,5.898,11478500.036,13.382
20607,640,10382.737,37844.367,29.898,29.302,27.84,2.642,2302961.516,16.193
20608,640,11119.166,36961.54,4.422,41.861,39.903,5.134,8697999.043,6.761
20609,640,11202.266,34485.284,4.181,28.653,43.959,4.05,5413559.324,7.984
20610,640,11318.972,34907.211,94.839,693.375,0,4.051,5416907.684,8.742
20611,640,21781.76,30591.123,81.735,139.077,17.089,3.438,3901439.972,20.927
20612,640,26722.59,13659.186,121.86,540.761,0,1.624,869913.473,11.265
20613,640,27401.825,14665.892,122.815,755.059,0,3.776,4705929.722,11.287
20614,640,27645.213,14001.7,98.441,193.587,14.335,3.731,4594806.622,22.366
20615,640,28942.306,16193.566,136.994,559.558,0,2.761,2515458.006,14.305
20616,640,35350.11,29338.717,57.361,101.459,17.125,3.049,3067990.47,15.329
20617,640,35357.531,30400.899,3.305,24.777,19.351,2.061,1402226.634,7.244
20618,641,10005.427,38843.311,123.442,629.362,0,2.524,2102417.859,11.323
20619,641,10705.266,32923.577,77.673,133.968,13.682,3.108,3188684.943,18.992
20620,641,10715.315,35497.126,61.544,87.629,32.181,2.786,2560658.994,17.939
20621,641,11162.935,36929.097,140.875,1191.61,0,3.309,3612593.834,9.565
20622,641,11287.258,34711.843,39.071,33.972,35.809,2.992,2954548.08,20.823
20623,641,23417.501,29834.684,147.641,787.955,0,3.297,3588182.193,13.357
20624,641,26713.256,13725.907,69.406,122.582,11.66,2.546,2139981.289,16.001
20625,641,27398.453,14645.685,162.549,979.569,0,4.274,6027227.684,14.669
20626,641,28880.454,16193.557,78.632,130.458,13.571,2.292,1734153.473,17.331
20627,641,35358.788,30396.296,9.512,27.433,17.564,2.664,2342469.244,8.242
20628,642,9977.438,38862.287,116.015,599.336,0,6.2,12687246.757,15.872
20629,642,10401.891,37751.044,7.168,26.624,37.412,4.418,6441944.687,9.35
20630,642,10549.434,33703.565,59.608,147.282,21.688,4.433,6485676.768,14.613
20631,642,10713.219,35489.811,66.806,103.202,28.157,3.901,5021722.679,21.124
20632,642,10774.728,35702.571,114.948,681.361,0,0.823,223515.115,8.96
20633,642,10871.256,34512.097,106.261,336.882,16.597,3.096,3162470.181,15.039
20634,642,10874.138,38260.266,139.203,909.223,0,5.334,9387815.35,13.823
20635,642,11194.761,36863.278,123.636,736.086,13.496,2.475,2020765.621,10.262
20636,642,11283.137,34883.458,7.051,48.548,36.994,2.934,2840701.348,5.571
20637,642,23440.316,29766.607,6.164,33.149,30.016,3.024,3016917.866,6.905
20638,642,27405.661,14735.837,74.964,117.448,21.958,3.106,3184508.265,19.924
20639,642,35355.846,30326.458,7.921,28.346,19.323,3.243,3470912.008,8.13
20640,643,10024.491,38876.886,164.13,1109.488,0,3.291,3574928.954,12.187
20641,643,10323.172,37920.533,11.016,44.712,37.57,5.42,9693138.179,7.975
20642,643,10576.433,33669.977,39.525,52.959,24.168,3.238,3460631.856,15.779
20643,643,10897.559,38263.43,112.371,629.054,0,5.399,9620439.263,13.385
20644,643,11166.341,36993.112,97.491,333.07,21.804,7.058,16437991.866,21.489
20645,643,11321.829,34852.517,218.318,2004.082,0,1.86,1141500.133,10.493
20646,643,27403.25,14688.068,111.518,579.063,0,2.52,2096677.196,10.544
20647,643,27701.885,13974.819,47.746,43.845,20.595,1.271,532983.659,16.634
20648,643,35362.944,30377.139,139.248,602.168,0,2.206,1605861.269,13.047
20649,643,35921.398,30084.41,6.529,31.856,15.394,1.43,674791.346,6.417
20650,643,37082.461,26471.987,119.167,372.953,0,3.174,3324723.374,16.568
20651,644,10009.35,38814.719,128.908,754.61,0,2.172,1556637.565,10.355
20652,644,10376.846,37803.092,36.242,56.722,33.777,2.738,2474208.4,12.785
20653,644,10878.291,38232.656,11.362,36.254,37.473,2.541,2130438.224,7.296
20654,644,10999.106,36995.892,104.74,773.035,0,5.725,10816310.495,10.635
20655,644,11317.263,34864.9,138.783,923.3,0,5.358,9472967.61,13.63
20656,644,27176.107,14386.042,183.658,1089.234,0,2.376,1862339.984,12.916
20657,644,27395.303,14689.903,134.971,918.208,0,4.302,6106857.904,11.801
20658,644,35370.432,30424.977,67.634,68.141,20.851,1.287,546904.374,18.708
20659,645,10026.149,38916.1,151.968,1268.646,0,2.697,2400445.15,9.609
20660,645,10419.665,37831.858,214.829,2459.448,0,5.075,8499934.881,12.126
20661,645,10399.255,39046.056,5.06,28.258,30.694,2.344,1813861.919,7.049
20662,645,10685.602,34308.933,82.849,240.705,12.839,2.874,2725319.169,13.27
20663,645,10690.481,35725.8,120.391,1002.026,0,2.239,1654641.733,8.179
20664,645,11200.142,36833.222,165.474,1156.341,0,2.235,1648372.937,10.821
20665,645,11309.767,34844.345,118.862,830.434,0,3.105,3182075.604,9.574
20666,645,23169.235,29174.031,106.754,635.976,0,3.429,3881051.214,10.209
20667,645,35344.515,30382.188,140.712,580.243,0,2.177,1563636.37,13.48
20668,645,35808.076,24973.087,83.428,261.472,3.128,1.982,1297025.774,11.56
20669,646,10009.741,38738.434,193.573,1456.266,0,2.984,2937903.846,12.234
20670,646,10308.634,37957.442,47.386,95.191,34.974,3.924,5081837.818,14.051
20671,646,10552.625,33637.827,116.138,690.455,0,2.626,2275254.469,10.03
20672,646,11279.432,34559.346,8.118,27.587,30.33,3.867,4935381.754,8.853
20673,646,11332.036,34899.852,121.549,671.951,0,2.481,2031503.705,10.634
20674,646,12309.587,10698.63,65.413,101.859,11.539,2.722,2445899.791,17.292
20675,646,23105.082,29283.111,166.322,946.978,0,1.789,1056431.636,11.773
20676,646,27386.081,14681.548,137.803,795.188,0,2.963,2897744.107,11.691
20677,646,34683.628,29625.119,76.684,222.795,0,3.564,4192572.759,13.72
20678,646,35310.063,30354.875,108.02,391.644,0,1.378,626459.533,11.599
20679,646,35760.299,25435.69,8.011,33.532,21.263,3.993,5262037.21,7.81
20680,646,36256.297,26565.152,76.241,124.194,12.377,1.881,1167802.514,16.214
20681,647,10002.818,38800.775,5.405,47.3,31.03,2.513,2084043.236,5.329
20682,647,10327.979,37976.19,44.191,117.052,39.89,4.563,6872520.999,11.865
20683,647,10514.825,33681.296,160.206,1073.499,0,2.501,2063845.69,11.153
20684,647,10838.027,38312.442,139.786,1036.373,0,5.997,11867471.286,13.418
20685,647,11285.953,34801.214,9.17,44.727,26.694,2.767,2527353.896,6.123
20686,647,23161.222,29212.475,133.481,767.784,0,4.07,5466600.835,12.895
20687,647,27199.857,14381.572,114.708,535.959,0,4.626,7063381.75,14.37
20688,647,27826.334,15109.299,46.043,61.035,21.029,1.038,355828.165,12.995
20689,647,34687.579,29575.07,81.703,147.238,11.36,0.977,314733.196,14.267
20690,647,35828.234,25568.693,50.049,74.673,20.604,2.813,2610714.692,15.507
20691,647,37223.698,26609.539,75.517,226.247,0,1.189,466700.837,10.598
20692,648,10008.553,38803.632,9.898,28.599,32.193,2.913,2800223.798,8.314
20693,648,10290.007,38030.746,112.515,836.19,0,4.13,5629110.601,9.682
20694,648,10389.59,37813.698,75.894,196.782,28.581,4.016,5322954.024,15.654
20695,648,10560.935,33600.849,4.091,24.175,36.145,3.804,4775154.388,8.753
20696,648,10727.206,34328.808,43.55,40.669,31.197,2.215,1618551.94,18.237
20697,648,10722.186,35519.223,8.357,31.536,32.721,4.568,6885085.165,8.695
20698,648,10847.27,38298.605,113.932,695.793,0,4.467,6586948.693,11.54
20699,648,11180.93,36876.994,26.079,41.919,38.245,1.659,907977.703,10.166
20700,648,11200.994,36444.089,2.24,30.284,29.771,4.114,5586332.116,7.526
20701,648,11321.057,34845.609,38.222,35.733,34.489,3.734,4600318.133,22.055
20702,648,23101.889,29305.464,81.956,139.278,24.523,2.453,1985657.309,17.929
20703,648,27161.105,14414.044,106.295,527.852,0,5.683,10659386.926,14.531
20704,648,27393.779,14709.7,109.825,731.149,0,3.992,5261055.343,10.148
20705,648,35769.997,24882.724,156.109,844.078,0,1.336,589349.287,11.287
20706,648,36257.266,26670.846,65.451,98.478,11.887,4.164,5723343.959,22.146
20707,649,10299.729,37986.375,158.328,1463.357,0,4.833,7708523.392,11.134
20708,649,10638.868,33676.672,5.655,22.556,38.56,2.334,1798348.732,8.155
20709,649,10699.984,35475.503,66.977,57.987,30.986,2.139,1510248.75,24.058
20710,649,10748.413,35730.548,165.212,1387.723,0,2.344,1812669.977,9.78
20711,649,11286.061,34903.613,244.519,2287.976,0,3.912,5050058.297,13.67
20712,649,23760.714,29066.603,42.15,70.14,18.424,2.883,2742942.226,13.331
20713,649,27160.421,13174.547,44.668,86.628,26.824,2.046,1381594.65,11.323
20714,649,27387.81,14724.035,113.685,634.089,7.981,3.265,3517809.466,10.916
20715,649,35841.493,24808.362,11.2,24.005,22.528,3.796,4754559.615,10.736
20716,649,36460.811,27777.821,84.567,303.919,1.354,2.561,2164581.442,11.324
20717,649,37189.033,26551.377,93.403,292.422,0,3.269,3527512.169,14.254
20718,650,9983.506,39161.753,152.332,925.377,0,4.148,5678748.212,13.716
20719,650,10309.377,37967.046,116.247,983.167,0,6.39,13479863.487,10.936
20720,650,10635.414,33758.228,5.979,20.448,35.075,4.863,7804267.025,11.614
20721,650,10814.127,35563.26,74.823,49.791,37.587,2.125,1489638.054,31.299
20722,650,11282.065,34678.222,57.463,122.053,29.082,3.24,3464758.867,13.83
20723,650,27102.657,14314.494,120.313,579.063,0,3.246,3476605.137,12.457
20724,650,27144.991,13186.839,70.628,160.707,17.341,2.988,2945929.857,14.42
20725,650,27358.953,14640.796,9.428,54.243,29.011,4.431,6479875.888,6.123
20726,650,35811.202,24751.408,0.98,14.255,25.668,4.26,5990045.285,13.209
20727,650,37184.854,26541.654,94.574,300.946,0,3.134,3242972.796,13.975
20728,651,10297.899,38038.799,130.711,892.142,0,5.47,9875509.296,12.927
20729,651,10724.015,32961.304,5.241,15.996,27.323,5.246,9081763.505,14.56
20730,651,10851.318,35682.733,143.371,1210.34,0,2.364,1844176.941,9.007
20731,651,11199.498,34562.815,6.591,33.755,35.293,5.433,9740532.64,8.525
20732,651,11359.43,34799.796,0.617,21.909,45.316,2.435,1956709.251,7.873
20733,651,27251.197,13201.698,145.207,646.506,0,2.668,2348948.076,13.864
20734,651,27401.616,14669.806,111.289,405.489,0,3.854,4901982.025,15.467
20735,651,37185.833,26552.851,74.64,80.757,16.955,1.924,1221036.899,21.08
20736,652,9948.275,39095.359,121.117,610.843,0,5.156,8773862.198,14.955
20737,652,10312.003,37996.625,149.248,1244.559,0,2.691,2389572.381,9.509
20738,652,10367.684,37729.084,192.814,1666.755,0,3.161,3297082.606,11.342
20739,652,10630.265,33708.143,139.293,949.062,0,4.621,7047990.559,12.446
20740,652,10797.998,35680.188,2.614,19.479,44.419,6.27,12975629.542,13.255
20741,652,11369.917,34904.417,49.115,100.471,28.934,5.016,8304182.466,16.119
20742,652,21721.466,30664.1,102.128,398.291,1.73,3.468,3968137.729,13.263
20743,652,27380.555,14634.221,32.175,45.586,19.221,2.15,1525300.035,12.186
20744,652,37108.682,26584.552,52.08,47.133,16.985,1.659,907975.403,18.54
20745,653,9965.449,39077.748,182.448,1237.364,0,3.947,5140440.554,14.064
20746,653,10304.557,37981.978,114.694,697.072,0,4.688,7253952.167,11.888
20747,653,10383.743,37794.923,73.344,80.299,30.864,1.158,442594.506,18.229
20748,653,10618.93,33677.941,212.084,2182.093,0,4.802,7611282.968,12.659
20749,653,11310.435,34691.764,118.397,645.693,0,2.296,1739803.385,10.394
20750,653,11338.162,36342.989,150.26,948.181,0,3.833,4849040.073,12.765
20751,653,21741.021,30678.349,70.311,205.692,18.616,3.278,3545631.576,12.529
20752,653,27369.092,14652.437,38.684,44.69,20.122,2.225,1634098.067,15.018
20753,653,27993.892,15202.263,7.28,14.796,27.225,1.333,586074.749,9.864
20754,653,32591.478,26693.04,71.016,200.533,10.403,0.869,249433.477,10.439
20755,653,37104.053,26656.171,124.917,496.104,0,1.611,856870.365,12.149
20756,654,9999.231,38957.823,7.745,27.452,28.997,2.947,2866877.746,8.035
20757,654,10277.065,38080.298,1.033,27.159,34.323,4.243,5940576.857,8.147
20758,654,10759.73,35637.149,125.208,950.086,0,4.877,7850459.18,10.945
20759,654,11204.218,37039.365,3.316,15.038,33.349,3.991,5256353.47,12.512
20760,654,11297.909,34937.33,130.8,961.911,0,3.136,3245536.285,9.846
20761,654,11358.261,36318.216,3.708,26.993,27.532,1.895,1185655.578,6.854
20762,654,21726.618,30687.271,45.532,56.991,22.619,0.885,258258.197,13.181
20763,654,23542.725,29731.516,44.345,33.296,19.03,2.858,2696509.196,24.251
20764,654,24196.813,29044.12,47.238,47.66,16.577,2.38,1869462.989,18.503
20765,654,32527.766,26730.318,79.72,261.474,4.862,1.899,1189829.017,10.906
20766,654,35823.199,25482.77,113.33,404.059,0,2.328,1787783.505,13.187
20767,654,37065.057,26663.368,88.715,245.625,3.753,0.979,316211.937,11.807
20768,655,10249.276,37998.691,7.91,21.69,41.617,3.974,5211866.131,10.568
20769,655,10725.965,35704.828,65.08,89.033,33.705,2.888,2753342.185,19.423
20770,655,10843.83,34432.375,138.916,1052.552,0,4.62,7045254.693,11.496
20771,655,11090.015,34407.541,139.803,1106.111,0,4.379,6329352.531,10.942
20772,655,11068.55,37778.736,75.593,226.333,10.515,5.278,9193469.462,16.248
20773,655,11120.776,37003.942,42.733,46.883,36.452,3.143,3259979.75,18.725
20774,655,11312.145,34934.292,147.187,1213.671,0,4.925,8005918.516,11.591
20775,655,21687.954,30659.724,116.348,534.325,0,3.021,3011504.004,12.28
20776,655,23484.591,29779.75,94.56,355.114,0,3.944,5135218.778,13.674
20777,655,28627.372,15282.756,164.617,809.753,0,2.85,2680538.159,14.39
20778,655,32508.622,26633.97,57.607,87.654,20.659,2.745,2487330.664,16.37
20779,655,35919.703,24797.619,2.275,30.954,32.839,2.754,2503722.733,6.618
20780,655,36587.988,27717.214,105.765,358.039,0,3.646,4387941.567,15.353
20781,655,37119.447,26756.915,3.974,41.258,20.75,3.468,3968696.611,5.971
20782,656,10310.842,37969.339,65.468,129.652,32.816,3.608,4296916.814,16.499
20783,656,10755.375,35692.874,169.169,1521.569,0,3.26,3506843.328,10.264
20784,656,10833.53,34291.002,118.365,679.42,0,4.681,7231843.787,12.666
20785,656,10822.633,38261.44,94.313,441.505,0,3.737,4608441.737,11.427
20786,656,11200.1,36978.525,134.03,890.322,0,2.485,2037100.283,10.076
20787,656,11291.576,34934.093,96.798,421.974,14.155,4.094,5532123.017,12.68
20788,656,27398.855,14614.182,68.051,90.55,17.137,1.677,928185.733,16.788
20789,656,28618.111,15291.441,131.581,566.695,0,2.904,2782944.615,13.684
20790,656,32415.813,26615.095,106.946,443.742,0,1.976,1288704.611,11.226
20791,656,36014.704,30132.678,127.575,428.516,0,2.046,1381063.093,14.222
20792,656,36597.54,27657.18,61.366,86.032,12.147,2.732,2462519.644,17.957
20793,656,37136.101,26737.754,85.511,269.52,0,3.254,3495156.439,13.385
20794,657,9957.961,38987.539,65.47,73.789,21.607,4.012,5310995.138,27.444
20795,657,10296.854,38006.886,48.814,92.961,34.46,3.844,4877349.334,14.71
20796,657,10719.833,34323.455,3.915,41.596,37.22,4.214,5859009.012,6.265
20797,657,10750.094,35645.08,79.446,218.086,27.228,1.948,1252038.769,12.14
20798,657,27121.062,13162.17,2.422,14.248,24.198,2.022,1349203.591,9.94
20799,657,32463.66,26664.798,112.094,458.278,0,2.47,2014162.05,12.206
20800,657,34196.609,28642.267,2.274,10.711,20.734,3.887,4987121.357,15.865
20801,657,35860.548,24861.916,0.378,19.573,28.836,7.059,16443644.54,14.116
20802,657,35878.291,28123.469,58.876,53.798,16.394,3.099,3170258.403,25.756
20803,657,36237.566,25257.995,51.386,92.651,18.018,3.135,3244171.027,14.386
20804,657,37161.867,26686.205,114.661,455.752,0,3.273,3536443.446,13.807
20805,658,10292.754,38023.315,125.373,964.875,0,4.783,7548768.647,10.751
20806,658,10616.369,33567.08,113.018,604.879,0,2.568,2176828.392,10.475
20807,658,10879.45,34316.566,1.928,32.398,46.558,3.581,4231060.199,6.848
20808,658,11363.826,34878.303,9.772,27.36,43.462,2.922,2817524.225,8.526
20809,658,24206.086,29004.854,93.179,287.589,0,2.285,1724107.389,12.8
20810,658,32432.148,26669.493,113.902,536.571,0,4.021,5335988.287,13.28
20811,658,35770.203,24850.74,76.954,134.105,19.086,4.6,6984290.358,23.485
20812,658,36226.551,25079.901,55.047,54.166,19.597,2.029,1358784.16,19.234
20813,659,9926.672,39234.485,54.6,57.625,24.203,2.298,1742743.176,19.111
20814,659,10396.113,37893.891,175.116,1450.592,0,1.805,1075518.501,9.797
20815,659,10553.075,33593.194,102.523,559.023,6.107,1.537,779984.116,9.123
20816,659,10795.273,35678.779,2.055,23.03,53.22,2.03,1360621.894,7.44
20817,659,10848.074,34310.57,151.689,1514.614,0,3.366,3738123.046,9.053
20818,659,11099.537,37815.01,85.953,186.744,18.864,4.261,5990527.956,20.244
20819,659,11120.539,37033.69,6.754,51.494,47.019,3.92,5069858.112,5.673
20820,659,11271.9,34914.658,150.702,1381.647,0,5.684,10662731.696,11.692
20821,659,27378.213,14659.643,105.449,499.871,0,4.596,6970651.912,13.344
20822,659,32435.548,26661.32,96.142,353.724,0,2.953,2878946.376,12.535
20823,659,35819.36,24705.078,100.805,358.739,0,4.232,5913294.084,15.387
20824,659,36308.046,25116.567,38.627,54.282,24.823,2.085,1434896.323,13.011
20825,660,9959.181,39018.748,73.676,176.043,19.33,2.849,2678817.2,14.058
20826,660,10534.629,33638.532,116.779,552.747,0,3.518,4085092.714,12.731
20827,660,10878.433,34313.262,6.332,39.435,44.806,3.582,4234341.87,6.491
20828,660,10873.679,35684.05,4.299,19.867,35.958,2.616,2257911.49,8.839
20829,660,11044.885,37761.642,6.737,28.196,28.54,3.381,3772859.181,8.007
20830,660,11125.224,34561.011,4.53,38.776,40.708,5.417,9683062.804,7.324
20831,660,11229.042,36930.646,45.9,52.903,32.24,1.652,900097.468,15.007
20832,660,21720.306,30633.011,77.061,158.755,15.145,3.076,3123397.677,16.518
20833,660,23507.702,29664.063,51.955,41.02,19.416,1.473,716104.445,19.565
20834,660,24197.22,29060.587,29.776,22.559,19.203,2.722,2444591.912,19.728
20835,660,28719.499,15313.378,2.255,11.065,20.935,2.673,2357214.746,12.809
20836,660,32479.774,26638.823,3.313,44.119,24.717,2.189,1581750.488,5.271
20837,660,36283.341,25050.375,45.244,55.895,19.492,1.944,1246700.562,14.84
20838,660,36509.001,27632.953,80.726,154.941,6.601,1.85,1129856.8,15.051
20839,661,9955.067,39042.871,134.487,693.998,0,5.976,11784783.214,17.421
20840,661,10297.531,37987.81,104.835,731.081,0,3.57,4205367.652,9.226
20841,661,10720.906,35587.685,9.916,31.938,38.249,3.43,3883322.052,8.126
20842,661,11097.85,37780.628,94.206,201.14,19.611,1.731,988809.601,15.152
20843,661,11203.742,36993.312,146.924,1202.791,0,6.598,14367291.906,13.639
20844,661,11321.114,34920.391,114.928,927.539,0,2.168,1551423.603,8.083
20845,661,21717.11,30648.566,57.206,76.681,15.059,2.775,2541524.85,17.914
20846,661,24153.948,29153.67,18.163,32.848,24.111,2.384,1876127.74,9.647
20847,661,27295.03,13204.102,147.214,894.356,0,2.677,2364991.654,11.454
20848,661,32588.815,26707.247,53.586,74.103,11.933,1.826,1100198.191,14.773
20849,661,34321.163,28086.435,118.527,582.398,0,4.201,5824529.087,13.506
20850,661,36468.905,27674.898,82.641,163.086,11.014,3.317,3630243.154,18.483
20851,661,37082.793,26771.02,100.236,298.811,0,3.338,3677164.033,15.599
20852,662,10002.474,38969.05,76.158,152.128,22.599,3.124,3221028.555,16.877
20853,662,10198.237,38437.546,108.735,607.854,0,1.509,751123.003,9.263
20854,662,10306.568,37980.304,120.461,926.351,0,6.678,14717898.373,12.4
20855,662,10907.929,34302.205,84.618,350.636,30.374,4.999,8247974.995,13.225
20856,662,11267.956,36900.739,45.924,61.358,30.89,2.7,2405398.494,15.761
20857,662,11285.87,34877.072,5.338,15.327,34.351,3.216,3414019.877,11.551
20858,662,27277.714,13280.759,2.722,14.916,26.124,2.082,1430930.527,9.761
20859,662,28640.066,15281.31,2.109,27.723,18.953,4.531,6773926.356,8.32
20860,662,32544.711,26733.89,85.489,250.014,0,2.344,1818745.574,12.677
20861,662,34325.085,28073.391,106.106,435.576,5.691,1.902,1193889.372,11.175
20862,662,36169.557,24944.218,160.879,903.814,0,2.857,2694468.117,12.981
20863,662,37076.621,26838.107,85.149,164.942,4.116,1.473,716036.731,14.72
20864,663,9994.515,38976.802,41.356,92.378,22.741,2.753,2501370.03,10.747
20865,663,10915.791,34296.952,130.169,1199.946,0,5.137,8708545.833,9.998
20866,663,11114.749,37493.482,142.353,1022.335,0,4.125,5615150.618,11.573
20867,663,11305.535,34894.744,138.143,1004.009,0,5.443,9776600.675,12.797
20868,663,27241.096,13231.923,52.384,117.043,23.08,3.639,4370761.57,13.287
20869,663,27362.717,14722.229,9.388,39.726,21.705,2.493,2051330.426,6.489
20870,663,34327.387,28066.995,138.849,722.106,0,4.566,6879823.219,15.117
20871,663,36193.64,24800.821,129.007,533.861,0,2.878,2733143.072,13.835
20872,663,36427.561,27602.004,50.577,57.484,13.743,0.981,317786.533,14.633
20873,664,10025.457,38917.321,131.173,915.905,0,3.989,5251929.493,11.025
20874,664,10292.67,37980.624,135.467,889.673,0,3.345,3691847.392,11.032
20875,664,10507.805,33575.331,124.235,801.464,0,1.878,1164420.678,9.392
20876,664,11119.395,34478.689,1.881,35.348,42.719,3.504,4052202.576,6.434
20877,664,11117.123,37439.75,8.079,49.816,29.528,3.023,3015392.366,5.663
20878,664,11237.585,36996.098,156.527,1126.001,0,3.182,3341012.147,11.215
20879,664,11295.035,34920.379,54.226,117.169,39.442,3.465,3962554.019,13.589
20880,664,27268.397,13219.229,99.226,338.957,11.771,2.494,2052875.759,12.747
20881,664,27400.273,14734.075,118.495,684.478,0,3.535,4125044.297,11.237
20882,664,28058.166,14488.629,87.193,171.882,9.227,1.382,630552.041,14.608
20883,664,34353.189,28042.897,144.515,638.297,0,1.802,1071437.928,12.62
20884,665,10000.087,39005.559,101.526,203.889,23.505,3.76,4664462.765,22.606
20885,665,10154.15,38480.964,7.142,38.697,31.736,6.417,13587810.912,8.516
20886,665,10301.561,38032.288,42.503,49.926,36.14,2.63,2282999.165,16.425
20887,665,10388.61,37806.965,141.733,950.666,0,2.302,1748326.69,10.194
20888,665,10519.616,33613.486,153.741,882.61,0,2.771,2533536.402,12.317
20889,665,10958.528,34321.953,3.562,46.736,50.3,4.033,5368137.743,5.704
20890,665,11110.516,37405.347,39.577,47.794,31.337,4.619,7041599.3,20.83
20891,665,11318.894,34937.841,68.061,124.057,21.991,3.455,3938626.776,17.611
20892,665,11285.769,36343.447,183.963,1178.671,0,3.196,3371053.336,13.492
20893,665,27842.431,15126.289,6.148,30.28,20.399,2.508,2075015.78,7.006
20894,665,28642.848,15313.371,124.9,455.37,0,4.308,6124695.338,17.82
20895,665,34364.278,28059.571,158.864,944.474,0,5.323,9350366.28,16.451
20896,665,36229.343,25146.809,76.403,138.571,21.075,5.767,10975041.489,26.514
20897,666,9985.052,38976.358,58.744,90.275,24.527,3.149,3271814.014,17.441
20898,666,10362.956,37894.366,47.904,43.699,42.867,3.484,4005538.776,24.356
20899,666,10523.65,33647.639,160.475,1150.911,0,3.749,4638731.998,12.096
20900,666,11089.071,37445.975,169.747,1362.983,0,3.751,4644070.374,11.622
20901,666,11330.171,34987.294,55.165,83.246,33.05,3.915,5056935.176,19.043
20902,666,11303.641,36381.097,151.398,818.155,0,3.606,4292081.458,13.963
20903,666,21879.094,30005.936,49.332,42.497,25.248,2.534,2118496.875,21.787
20904,666,27259.764,13201.544,61.284,164.522,18.388,1.278,539060.786,10.235
20905,666,28655.633,15302.773,146.67,686.053,0,3.26,3507981.03,14.511
20906,666,32596.522,26731.897,96.268,314.517,0,1.837,1114375.168,12.033
20907,667,9888.648,39055.967,256.692,2640.293,0,4.141,5658546.904,13.56
20908,667,10374.091,37904.84,143.48,996.924,0,3.596,4266539.799,11.297
20909,667,10578.045,33674.926,36.892,44.924,28.007,3.189,3356467.335,16.285
20910,667,10956.647,34322.168,8.958,48.141,53.336,3.776,4705524.514,6.225
20911,667,11129.91,37397.163,67.583,75.93,22.211,1.04,357046.738,16.967
20912,667,11201.986,34901.139,162.499,1128.27,0,2.101,1456804.855,10.628
20913,667,11253.04,36414.092,43.162,40.91,27.165,2.89,2755693.69,20.14
20914,667,27266.787,13259.862,58.287,129.053,26.002,3.545,4146267.397,14.053
20915,667,27440.429,14718.864,5.61,47.545,20.936,2.647,2312863.364,5.373
20916,667,27979.559,14371.248,117.039,476.829,0,3.594,4263415.468,14.296
20917,667,32670.246,26670.194,83.746,262.292,1.616,2.797,2582491.575,12.599
20918,667,34337.058,27947.54,1.31,5.781,23.444,1.712,966889.526,16.802
20919,667,35571.719,27168.41,105.959,339.469,0,2.216,1620324.205,13.379
20920,667,36274.744,25238.024,81.226,229.351,7.86,4.06,5440686.347,15.451
20921,668,9997.839,38977.185,53.33,93.605,23.057,5.433,9741632.282,20.231
20922,668,10186.322,38512.061,77.47,169.403,19.225,1.862,1144026.557,13.603
20923,668,10322.349,37923.245,6.871,26.878,34.194,5.304,9284466.439,10.093
20924,668,10989.361,34335.024,70.652,153.39,41.416,2.362,1840829.99,13.767
20925,668,11071.512,37344.505,169.805,1094.647,3.977,2.093,1445824.758,11.383
20926,668,11292.423,34979.946,103.23,663.646,0,6.228,12807212.873,12.23
20927,668,11285.772,36321.429,4.624,20.628,28.246,2.345,1814409.937,8.449
20928,668,21737.851,30280.66,107.154,448.246,0,3.897,5012857.18,13.688
20929,668,27253.246,13248.553,109.519,473.638,0,2.388,1882023.563,11.53
20930,668,27413.008,14712.382,72.456,153.437,10.208,1.379,627517.687,12.739
20931,668,28013.855,14430.548,41.832,41.253,19.088,1.378,626903.881,15.28
20932,668,35607.655,27160.394,126.9,495.202,0,1.404,650272.144,12.157
20933,668,36237.654,24880.946,3.982,26.749,22.852,4.209,5847792.036,8.48
20934,668,37009.975,26960.214,105.337,326.181,0,2.598,2227916.635,14.264
20935,669,9998.433,39117.853,5.373,43.095,30.998,3.858,4910891.918,6.128
20936,669,10560.061,33655.961,156.194,1001.725,0,4.385,6346095.223,13.777
20937,669,10929.682,34295.817,53.545,118.522,40.195,7.046,16383006.568,20.006
20938,669,11143.145,37365.25,129.339,735.136,0,3.33,3660145.639,11.774
20939,669,27280.324,13279.857,2.51,34.345,34.055,4.192,5800014.589,6.974
20940,669,27985.467,14446.453,138.315,660.202,0,3.161,3296511.98,13.592
20941,669,28702.656,15301.836,50.956,76.749,11.724,1.412,658085.437,13.085
20942,669,34336.049,28031.344,97.782,370.282,0,3.137,3248068.67,12.68
20943,669,35803.36,24910.719,92.245,351.729,0,2.943,2858679.632,11.925
20944,669,35920.907,29919.113,5.848,45.277,20.491,2.853,2686162.495,5.619
20945,670,9953.075,39069.925,196.007,1486.198,0,5.804,11116889.605,16.832
20946,670,10240.208,38000.056,0.843,24.328,34.944,3.358,3721624.44,8.049
20947,670,10446.547,37829.636,133.997,916.682,0,4.315,6144543.462,11.711
20948,670,10534.148,33568.513,57.006,66.2,27.824,3.007,2983729.085,20.625
20949,670,10891.857,33503.186,109.222,633.729,0,3.737,4608945.91,10.842
20950,670,10939.82,34257.396,198.925,2181.492,0,2.752,2498616.469,9.597
20951,670,11042.419,35719.428,5.002,15.284,37.698,5.371,9521360.995,15.277
20952,670,11075.454,37380.611,164.78,1323.059,0,2.349,1820593.284,10.033
20953,670,11287.815,34622.988,34.922,34.256,40.355,1.921,1217529.681,15.353
20954,670,11301.162,34927.926,154.284,1405.735,0,4.738,7407246.492,10.95
20955,670,21550.438,30490.654,220.585,1385.592,0,4.818,7661943.709,19.185
20956,670,27250.847,13240.895,76.988,234.803,15.08,1.824,1097516.367,11.098
20957,670,27399.16,14643.437,3.891,16.825,22.962,3.241,3466668.786,10.546
20958,670,35601.65,26962.984,6.718,29.3,16.676,3.675,4458105.355,8.021
20959,670,35762.592,24882.04,10.729,22.08,27.211,4.251,5964472.365,11.849
20960,670,35841.429,26159.918,2.694,37.084,23.513,3.174,3323813.069,6.14
20961,671,10291.882,38054.12,129.44,828.464,0,2.477,2024062.377,10.091
20962,671,10524.227,33531.206,76.741,153.386,25.403,1.666,916272.071,13.971
20963,671,10693.414,35700.064,42.971,47.833,28.915,3.481,3998629.186,19.588
20964,671,10951.128,34277.94,74.922,164.851,28.673,1.121,414965.989,12.412
20965,671,11109.875,37343.94,200.975,2079.267,0,3.681,4471846.053,10.872
20966,671,11281.153,34875.087,8.223,29.544,34.003,2.745,2486097.282,7.637
20967,671,27200.553,13200.541,1.19,61.373,28.729,5.783,11035432.449,5.22
20968,671,27409.408,14704.433,112.339,519.739,0,3.625,4337490.815,12.757
20969,671,28060.519,14525.293,60.926,92.61,16.589,1.47,713122.724,14.253
20970,671,35657.056,26987.586,101.905,329.991,0,3.473,3979982.945,15.122
20971,671,35788.292,26134.935,58.102,32.068,20.237,2.405,1909389.805,32.832
20972,671,35839.052,29920.323,1.479,41.775,19.01,2.657,2330361.979,5.477
20973,671,35860.408,24934.582,122.172,706.06,0,3.248,3482179.174,11.138
20974,672,10242.795,37999.621,5.295,42.232,52.355,9.541,30042375.071,9.69
20975,672,10756.473,35695.888,164.806,1300.774,0,1.665,915301.944,9.648
20976,672,10957.297,34300.647,85.387,236.065,36.189,4.642,7109693.505,17.494
20977,672,11129.41,37320.907,44.121,51.78,34.247,2.859,2697443.172,17.329
20978,672,11346.036,34885.757,25.002,18.029,35.123,3.018,3005205.101,20.56
20979,672,27242.45,13184.97,49.18,61.587,25.861,1.45,693454.633,14.379
20980,672,27456.466,13477.168,44.175,56.501,19.633,4.309,6128466.367,20.172
20981,672,28751.387,15344.027,85.571,377.928,0.192,4.378,6325975.301,11.924
20982,672,34310.21,27997.564,92.758,152.467,16.33,3.015,2999298.348,21.88
20983,672,35580.619,27091.161,84.238,283.021,0,4.817,7661872.263,15.185
20984,672,35734.671,26181.664,121.39,523.484,0,3.323,3643371.709,13.627
20985,672,35811.448,29882.489,63.22,129.645,11.4,5.036,8368162.818,18.941
20986,672,35951.678,25065.827,134.557,722.269,0,3.588,4249190.775,12.918
20987,672,35972.132,28839.353,110.951,371.251,0,2.993,2955477.389,14.706
20988,672,36286.003,26669.491,93.465,307.419,0,1.621,866861.517,11.572
20989,673,9965.017,39010.758,117.065,529.965,0,2.988,2946831.735,12.402
20990,673,10300.965,38034.414,119.192,793.303,4.68,4.237,5924670.004,10.949
20991,673,10486.414,33600.444,7.504,35.578,32.905,2.665,2344398.281,6.653
20992,673,10700.445,35656.896,145.134,958.317,0,4.454,6546443.008,12.887
20993,673,11280.027,34881.368,1.597,36.787,34.629,2.2,1596608.695,5.741
20994,673,27388.203,14730.785,56.928,102.424,12.985,2.896,2768023.078,14.779
20995,673,32559.086,26801.584,2.642,25.735,19.595,2.701,2407019.723,7.402
20996,673,35758.176,27202.114,8.004,32.809,18.281,2.63,2281830.203,7.056
20997,673,35839.636,24879.579,1.916,43.954,25.33,3.99,5253602.313,5.805
20998,673,36284.849,26571.818,76.695,182.062,8.365,3.73,4592253.703,16.232
20999,674,10233.613,38455.013,154.14,1119.401,0,3.94,5123885.763,11.899
21000,674,10266.459,37977.351,67.125,189.843,23.579,3.01,2990373.266,12.116
21001,674,10554.379,33593.929,9.06,19.942,33.351,2.579,2195394.292,9.864
21002,674,11291.343,34900.879,118.325,697.725,0,1.607,852722.641,9.457
21003,674,27274.557,13409.858,138.06,819.277,0,4.651,7140412.914,13.75
21004,674,27365.943,14755.221,43.445,72.232,16.654,0.837,231003.961,11.105
21005,674,34356.595,28031.477,119.17,415.033,0,3.65,4396352.348,16.346
21006,674,35810.733,27233.868,165.091,731.49,0,2.032,1363084.148,13.964
21007,674,35839.718,24883.158,5.433,61.513,40.292,3.565,4194179.446,4.839
21008,675,10276.742,38028.99,93.083,345.27,14.362,2.676,2363011.811,11.872
21009,675,10633.114,33599.307,7.18,25.457,31.325,3.196,3370447.337,8.51
21010,675,10693.301,35701.483,122.319,670.128,0,4.2,5822673.882,12.751
21011,675,11049.089,34390.608,163.899,1640.651,0,3.968,5196938.291,9.974
21012,675,11299.81,34902.325,51.536,44.201,34.604,2.562,2166338.86,22.521
21013,675,23922.365,29043.034,8.962,31.453,21.882,3.023,3016587.341,7.683
21014,675,27301.347,13396.855,132.611,766.871,0,2.682,2373684.334,11.092
21015,675,27386.69,14689.374,94.23,380.518,0,2.392,1889325.686,11.031
21016,675,28818.177,15368.377,62.023,72.181,15.743,2.559,2160947.162,20.075
21017,675,32475.93,26779.503,101.145,144.757,17.406,3.18,3337932.63,26.736
21018,675,35846.974,24904.36,45.49,80.634,38.69,3.241,3466233.934,13.842
21019,675,35921.834,28940.382,89.011,220.411,8.502,1.708,962733.881,13.396
21020,676,10239.53,38397.197,3.289,24.953,31.276,1.897,1187542.493,7.126
21021,676,10289.934,38019.342,120.725,731.992,0,1.935,1235972.611,9.613
21022,676,10555.492,33639.785,54.701,57.817,27.352,4.655,7150519.785,28.418
21023,676,10752.6,35717.699,118.614,658.546,0,5.054,8429750.731,13.522
21024,676,21471.808,30199.359,145.037,599.294,0,3.231,3445347.912,15.663
21025,676,21898.644,30635.179,43.609,53.974,13.44,1.75,1010389.404,14.223
21026,676,27412.798,14689.335,77.206,188.293,11.575,2.211,1612668.96,13.208
21027,676,28027.773,14463.934,121.965,563.134,0,3.459,3949192.321,13.243
21028,676,28737.693,15350.529,57.573,68.259,17.025,2.218,1623464.766,17.932
21029,676,32482.483,26764.4,126.488,626.861,0,3.565,4194353.155,13.07
21030,676,35814.882,24848.683,117.397,552.883,0,3.036,3042508.719,12.166
21031,676,35813.99,26114.467,97.961,348.452,0,2.419,1931411.111,12.233
21032,677,10307.922,37998.255,155.281,1143.149,0,1.812,1083640.8,9.803
21033,677,10685.874,35724.201,101.544,627.682,0,2.855,2690371.42,9.231
21034,677,10800.289,38279.94,1.038,13.252,27.632,3.031,3031746.912,11.773
21035,677,11123.734,37440.966,135.162,736.929,0,2.203,1601844.299,11.128
21036,677,23038.335,29761.067,37.14,53.348,22.468,2.529,2111078.211,13.322
21037,677,27257.253,13237.269,85.228,322.24,6.999,3.134,3242347.987,11.66
21038,677,27413.952,14699.085,124.339,498.993,0,2.032,1363281.52,12.541
21039,677,28008.793,14441.65,157.461,879.491,0,2.472,2015883.124,12.326
21040,677,32467.516,26805.32,133.761,522.092,0,2.358,1835380.87,13.821
21041,677,35985.13,24916.301,115.091,693.178,0,4.16,5711530.153,11.388
21042,677,36528.938,28719.497,105.5,371.664,0,4.114,5584484.798,15.781
21043,678,10222.178,38518.166,216.201,1899.155,0,2.667,2346983.36,11.498
21044,678,10263.366,38020.474,61.546,114.12,24.824,2.262,1689128.772,13.944
21045,678,10591.523,33631.589,116.985,405.147,12.177,2.357,1833333.258,13.74
21046,678,10720.764,35738.66,224.593,2285.63,0,4.809,7630719.771,13.323
21047,678,11163.511,37519.112,2.82,12.662,28.231,3.668,4441236.286,13.553
21048,678,11233.284,34874.203,142.444,966.393,0,3.258,3503625.615,11.057
21049,678,27102.23,14356.956,93.846,304.514,0,1.671,921779.066,11.737
21050,678,27276.186,13199.563,1.439,26.852,23.084,3.026,3022665.457,7.341
21051,678,27438.678,14631.339,5.432,17.103,25.015,4.059,5438415.166,11.923
21052,678,28736.86,15424.099,151.683,671.59,0,4.83,7698523.892,18.96
21053,678,32496.939,26823.328,120.666,444.866,0,2.836,2655090.339,14.252
21054,678,34641,29360.912,8.451,34.354,17.585,2.875,2727458.789,7.08
21055,678,35840.089,24883.292,3.344,23.909,21.561,2.972,2915418.308,8.017
21056,678,36088.105,25122.697,7.455,17.271,27.713,2.637,2295558.278,10.415
21057,678,36523.058,28667.444,103.287,314.698,0,2.228,1638160.115,13.619
21058,678,37318.036,25248.64,148.653,585.098,0,1.832,1108032.419,13.784
21059,679,10194.927,38410.42,82.963,190.408,17.448,2.503,2067528.688,14.843
21060,679,10479.899,33511.589,158.715,931.653,0,3.043,3055610.879,12.76
21061,679,10918.789,34390.644,36.431,40.139,44.287,2.801,2588872.915,16.44
21062,679,11123.927,37682.99,6.883,20.013,27.474,2.37,1853008.486,9.059
21063,679,11283.548,34879.215,7.029,25.185,33.983,4.601,6986462.453,9.893
21064,679,23045.291,29767.245,9.478,26.579,28.099,1.867,1150495.137,7.848
21065,679,27461.158,14670.31,69.974,113.01,18.171,2.447,1976488.191,16.845
21066,679,27791.53,15172.688,142.368,872.58,0,3.431,3884759.257,12.035
21067,679,27983.031,14446.093,117.205,435.659,4.839,3.829,4838995.418,15.756
21068,679,35868.25,26117.35,53.081,89.725,11.402,1.763,1025501.413,12.928
21069,679,36090.595,25107.655,48.083,31.799,28.39,2.295,1738129.006,24.909
21070,680,9976.688,38920.907,72.76,156.425,11.551,4.161,5713321.619,17.903
21071,680,10883.065,34398.463,6.292,45.694,41.246,2.18,1568583.204,5.442
21072,680,11151.453,34590.732,46.109,71.032,33.853,4.838,7725659.32,19.104
21073,680,11292.585,34960.511,10.295,17.159,34.958,1.577,820786.522,10.08
21074,680,21471.599,30243.706,4.772,8.871,27.102,3.483,4003276.177,17.994
21075,680,23074.037,29856.479,111.348,636.792,0.826,1.568,811563.339,9.294
21076,680,27226.75,13235.634,135.065,619.258,0,2.145,1518002.844,12.281
21077,680,27995.789,14473.679,6.33,35.94,24.748,2.856,2691978.919,6.515
21078,680,35826.077,24900.205,53.54,63.639,21.882,3.281,3552882.46,20.418
21079,680,36510.266,28816.441,82.822,269.201,0,2.396,1895131.534,11.72
21080,680,37030.143,27079.112,123.08,398.267,0,2.475,2021190.587,15.041
21081,681,10479.656,33519.934,2.168,36.364,26.85,3.444,3915131.938,6.306
21082,681,11361.154,34958.889,2.689,25.688,31.502,3.468,3969273.615,7.957
21083,681,23078.912,29794.594,188.17,1281.01,0,5.486,9932409.393,17.167
21084,681,27518.82,14745.75,76.282,227.773,6.617,1.69,943009.531,11.058
21085,681,27765.343,15171.968,118.866,830.938,0,1.834,1110746.831,8.748
21086,681,27955.994,14432.613,144.854,894.446,0,2.737,2471841.816,11.29
21087,681,28760.537,15444.732,58.965,110.716,11.76,3.732,4596575.494,16.357
21088,681,35869.926,26059.281,82.526,251.73,0,2.54,2128758.607,12.354
21089,681,36520.378,28688.264,186.73,783.267,0,1.807,1077055.177,15.139
21090,682,10493.151,33446.952,67.129,81.152,22.886,2.958,2887072.28,21.984
21091,682,10880.629,38155.462,5.295,41.658,29.011,2.774,2540230.606,5.806
21092,682,11015.622,34348.097,161.199,1267.887,0,3.241,3466618.41,10.841
21093,682,11352.236,34880.68,7.018,33.781,34.153,1.355,606151.497,6.267
21094,682,21440.874,30161.007,3.634,28.41,22.833,3.535,4124221.797,7.584
21095,682,23074.44,29808.939,156.051,1019.888,0,3.783,4723932.417,12.711
21096,682,27255.71,13263.174,76.732,262.451,3.879,2.234,1646787.609,10.73
21097,682,27760.496,15200.8,6.177,19.438,33.646,1.76,1022243.51,8.554
21098,682,27939.615,14381.171,49.661,43.531,19.017,3.179,3334895.236,24.318
21099,682,34479.345,28356.296,2.344,25.351,17.543,2.56,2162527.583,7.359
21100,682,35795.243,24958.808,57.883,87.165,19.417,2.535,2120291.967,16.039
21101,682,36516.679,28756.896,91.151,296.089,0,2.174,1559810.179,12.105
21102,683,10286.12,38020.305,95.583,440.378,0,3.949,5149587.391,11.907
21103,683,10469.911,37629.935,135.549,682.841,0,5.971,11767820.025,17.875
21104,683,11038.656,34323.814,4.355,27.718,32.379,2.59,2213327.927,7.178
21105,683,11125.675,37668.512,155.361,980.843,0,2.967,2906212.638,11.898
21106,683,11360.293,34960.216,7.784,23.028,39.075,5.256,9118303.944,11.648
21107,683,23131.875,29792.247,28.295,29.577,30.013,4.152,5689661.71,19.05
21108,683,27242.63,13329.928,53.758,66.27,18.634,2.559,2160919.432,17.74
21109,683,27720.026,15161.758,49.077,60.822,39.312,2.196,1591936.398,15.949
21110,683,28827.898,15421.475,119.633,411.659,0,3.133,3238839.461,15.439
21111,683,35587.274,28886.184,48.106,74.453,14.064,1.65,898313.018,12.856
21112,684,10463.471,33449.808,36.91,66.766,24.612,3.817,4809105.453,13.254
21113,684,10507.26,37674.318,107.619,617.855,0,5.12,8651630.562,12.377
21114,684,10806.087,35371.574,69.881,93.03,27.564,3.3,3593026.214,22.234
21115,684,11303.743,34936.621,114.77,796.711,0,4.393,6368655.441,10.518
21116,684,21440.828,30170.88,3.95,38.858,24.675,3.581,4231813.28,6.248
21117,684,23056.795,29767.775,175.183,1155.165,0,3.31,3614934.228,12.968
21118,684,27279.813,13359.949,0.842,43.398,20.02,1.648,896619.458,5.095
21119,684,27747.601,15189.495,65.751,105.032,26.67,5.318,9334461.737,24.93
21120,684,28763.677,15471.945,64.3,118.896,7.681,3.735,4604596.735,17.478
21121,684,34593.735,28494.713,40.834,47.734,17.353,2.157,1535239.471,15.11
21122,684,35601.87,28874.927,6.013,21.105,21.156,2.801,2589928.317,8.975
21123,685,10473.842,37666.133,182.531,1427.803,0,3.004,2977551.102,11.508
21124,685,10714.71,34348.525,144.986,873.765,0,3.255,3495878.009,12.093
21125,685,10722.769,32941.814,156.919,660.546,0,2.982,2935176.841,15.783
21126,685,11118.626,37630.271,169.278,1146.797,0,3.052,3074871.379,12.108
21127,685,11301.807,34947.399,128.971,840.455,0,3.154,3283076.799,10.561
21128,685,21442.156,30277.425,117.748,534.103,0,2.798,2584091.115,12.181
21129,685,23095.354,29771.466,61.258,103.285,17.433,2.178,1565029.786,14.624
21130,685,27738.783,15162.313,134.109,853.24,0,3.621,4326602.097,11.503
21131,685,27882.044,14332.489,55.405,50.848,22.851,3.174,3325323.376,25.043
21132,685,28805.32,15439.093,6.169,23.992,19.488,2.621,2267210.044,8.155
21133,685,32899.731,32533.254,128.461,361.572,0,3.187,3352349.786,18.909
21134,685,34538.247,28428.206,103.761,355.828,0,3.514,4074737.12,14.764
21135,685,35567.499,28869.198,151.477,566.073,0,1.695,947997.664,14.155
21136,685,36514.212,28720.231,97.51,365.673,0.296,3.471,3975994.658,13.231
21137,686,10174.722,38522.167,37,53.899,24.126,3.386,3783424.003,14.708
21138,686,10481.285,33471.329,32.567,66.157,20.823,2.285,1723622.135,9.954
21139,686,10434.34,37726.486,111.516,589.588,0,3.464,3959862.676,11.392
21140,686,10780.782,32948.291,132.839,510.663,0,3.17,3315548.163,15.399
21141,686,10838.666,34387.726,73.357,74.033,31.985,3.757,4656988.596,31.255
21142,686,11111.981,37664.92,172.627,1205.52,0,3.947,5142254.675,13.241
21143,686,11304.879,34988.175,73.715,246.065,20.155,5.095,8566068.792,14.355
21144,686,23044.314,29790.114,174.801,1513.645,0,3.718,4561893.536,11.218
21145,686,27201.323,13199.978,1.151,39.835,23.82,3.592,4257562.047,5.977
21146,686,27734.334,15139.372,81.01,250.038,18.853,2.696,2399516.61,12.336
21147,686,27919.673,14358.372,1.83,24.154,26.557,2.616,2258135.412,7.584
21148,686,32957.424,32557.151,3.174,19.4,16.095,1.411,657354.553,7.913
21149,686,34646.005,28361.584,144.41,595.461,0,2.71,2423416.49,14.615
21150,686,36383.842,27665.559,115.364,405.938,0,1.877,1162434.374,12.793
21151,686,36503.213,28617.993,117.42,392.572,0,3.065,3099612.39,15.419
21152,687,10199.8,38512.07,140.973,700.615,0,2.03,1359572.938,11.86
21153,687,10724.278,35592.693,9.324,34.837,30.966,1.187,464938.246,6.488
21154,687,10873.045,34316.787,7.189,17.939,36.823,5.656,10556525.167,14.68
21155,687,11117.91,37609.805,9.182,16.165,35.112,2.744,2485739.156,11.613
21156,687,11285.573,35002.306,85.824,197.011,16.469,3.23,3442488.722,16.742
21157,687,23090.641,29854.725,162.486,1210.361,0,4.715,7335844.847,13.14
21158,687,27714.96,15166.285,57.276,119.574,23.243,1.284,544354.35,11.378
21159,687,34618.116,29483.734,162.051,817.397,0,2.871,2720698.904,14.039
21160,687,35838.318,25122.799,4.482,19.223,19.546,2.902,2779005.543,9.345
21161,688,10447.949,37715.31,106.297,547.884,0,1.88,1166040.875,9.8
21162,688,10715.409,35706.465,39.888,44.041,31.691,2.932,2836455.547,17.435
21163,688,10809.308,32929.977,56.732,84.19,13.14,3.352,3708390.688,18.065
21164,688,11204.692,36798.801,3.577,14.897,34.346,3.588,4249211.584,11.986
21165,688,11306.815,34926.915,149.451,912.863,0,3.852,4898008.948,13.043
21166,688,23119.144,29812.709,2.081,18.394,31.649,2.643,2305700.582,9.046
21167,688,27472.383,14728.624,41.399,57.94,19.56,2.168,1551757.499,13.565
21168,688,27967.376,14429.056,123.71,642.597,0,4.36,6274340.865,13.598
21169,689,10034.137,38923.175,148.673,865.616,0,3.687,4485763.86,13.2
21170,689,10439.192,37709.881,124.359,601.368,0,4.892,7898845.034,15.303
21171,689,10567.911,33603.252,6.556,14.132,32.893,0.808,215569.893,9.547
21172,689,11119.282,37601.035,7.274,38.417,24.264,1.331,584965.211,5.885
21173,689,11227.93,36599.964,108.145,570.082,0,1.202,477269.889,9.381
21174,689,22214.373,29612.651,214.677,1118.117,0,1.364,613961.662,13.749
21175,689,23216.719,29842.789,10.59,12.28,29.474,2.38,1870039.282,13.93
21176,689,27658.684,15149.077,129.401,752.477,0,3.328,3655485.071,11.596
21177,689,35485.659,28844.217,90.807,311.659,0,3.498,4039970.093,13.486
21178,689,35808.347,25052.467,59.808,60.314,23.407,2.374,1860216.628,21.072
21179,689,36400.946,27673.082,5.959,34.7,17.095,1.078,383252.054,5.975
21180,689,36473.926,28471.997,68.218,121.038,9.074,3.179,3334169.645,17.287
21181,690,10629.366,33662.692,34.813,52.288,30.624,4.129,5627124.681,15.431
21182,690,10711.042,35604.774,29.885,49.409,32.948,3.525,4101332.523,12.605
21183,690,10825.458,32928.405,90.651,286.271,0,2.96,2890969.528,13.395
21184,690,11193.514,36913.333,166.922,1114.212,0,4.192,5798475.061,13.73
21185,690,21477.182,30406.122,63.749,38.539,17.716,0.644,136786.612,22.081
21186,690,23231.547,29861.963,123.915,753.292,0,6.474,13833577.802,15.031
21187,690,23721.232,28893.899,106.846,349.001,0,3.915,5059994.783,16.439
21188,690,27662.172,15125.477,119.501,663.11,0,1.382,630691.021,9.697
21189,690,34552.894,28410.572,65.93,95.079,11.935,1.958,1265390.445,16.331
21190,690,35809.71,24939.956,113.875,513.334,0,3.681,4472649.229,13.192
21191,690,36401.299,27696.711,35.92,57.826,15.12,1.711,965932.787,11.22
21192,691,10080.437,38568.102,5.565,22.666,29.291,2.604,2237914.086,8.324
21193,691,10422.013,37787.625,142.125,778.397,0,2.396,1895000.898,11.639
21194,691,10508.726,33459.005,144.116,763.505,0,4.341,6217681.113,14.92
21195,691,10717.858,35600.865,4.514,24.608,33.102,3.119,3211163.486,8.133
21196,691,10836.738,32968.311,138.226,620.109,0,3.716,4557922.854,15.19
21197,691,10913.378,34423.831,61.567,166.838,21.029,2.654,2324059.834,11.442
21198,691,11106.883,37678.69,164.335,1151.636,0,5.411,9663531.842,14.96
21199,691,11194.444,36885.21,7.458,29.588,30.179,2.674,2359550.863,7.43
21200,691,11316.111,34987.635,130.708,844.593,0,3.014,2997111.391,10.57
21201,691,21479.669,30359.619,99.052,365.733,0,1.484,726358.777,11.061
21202,691,23198.072,29845.998,8.944,34.144,30.024,4.943,8064330.693,8.667
21203,691,27521.899,14959.772,2.783,39.756,25.567,5.124,8663811.459,6.829
21204,691,27919.94,14446.738,0.612,21.996,24.75,2.124,1489354.179,7.642
21205,691,28736.141,15368.006,63.938,79.902,14.128,1.306,563271.187,16.049
21206,691,34518.718,28352.139,90.836,293.423,0,3.174,3325385.177,13.545
21207,691,35590.408,29004.861,64.974,104.73,12.366,2.399,1899404.205,16.039
21208,692,10026.232,39000.481,41.218,36.078,25.256,3.162,3300085.969,21.909
21209,692,10430.41,33497.108,143.888,775.309,0,2.154,1531116.035,11.569
21210,692,10769.104,35478.635,59.98,79.696,22.564,2.958,2887237.069,19.085
21211,692,10834.46,32940.278,33.794,37.645,20.126,2.654,2323867.973,15.49
21212,692,10942.419,34397.818,41.892,61.175,34.945,3.514,4075520.427,15.825
21213,692,11129.724,37634.049,97.683,455.224,0,4.334,6200782.432,12.47
21214,692,11292.833,34959.867,75.89,153.785,22.078,2.421,1934837.426,15.121
21215,692,23245.016,29850.604,126.446,756.727,0,5.442,9772931.859,13.926
21216,692,23814.315,29500.316,142.701,629.163,0,1.874,1158899.577,12.632
21217,692,27548.44,15040.05,1.442,28.931,34.786,3.829,4837458.302,7.516
21218,692,29102.319,16042.858,150.955,554.025,0,2.165,1547430.251,15.129
21219,692,35575.343,29111.009,109.503,373.016,0,3.475,3985236.014,15.312
21220,692,35780.826,24919.654,44.955,52.288,15.85,2.513,2083701.77,16.698
21221,692,36457.273,27689.829,58.936,75.035,12.996,2.779,2547866.318,18.929
21222,693,9968.893,38973.928,84.402,278.282,3.755,1.664,913677.718,10.991
21223,693,10143.229,38524.557,88.281,243.914,9.9,1.295,553711.54,12.059
21224,693,10270.909,38079.345,2.745,11.548,30.907,2.638,2297296.215,12.434
21225,693,10512.404,33467.779,163.91,945.643,0,2.073,1417538.189,11.891
21226,693,10671.548,35602.94,2.83,18.058,31.707,2.595,2221973.564,9.176
21227,693,10828.905,32921.737,56.311,73.134,20.246,1.912,1206494.712,15.939
21228,693,10849.369,34428.544,51.456,66.904,33.213,4.372,6308982.698,21.979
21229,693,11176.699,37681.54,1.759,15.217,25.576,4.347,6236795.746,12.759
21230,693,21494.895,30336.985,142.688,567.679,0,3.328,3655705.975,16.121
21231,693,27524.058,14994.075,40.991,51.73,29.001,2.538,2125732.32,15.171
21232,693,28643.49,15291.022,48.747,55.709,21.336,1.535,778011.184,15.274
21233,693,32638.952,27037.961,5.955,26.345,19.431,2.462,2000015.583,7.556
21234,693,34797.222,28873.687,163.502,773.79,0,2.922,2818842.644,14.843
21235,693,35393.925,27759.431,120.417,407.219,0,2.915,2805428.628,15.252
21236,693,35681.456,29128.693,12.684,31.518,22.207,4.097,5538855.56,9.642
21237,693,35714.023,27387.814,69.296,136.181,11.818,0.947,296202.305,12.543
21238,693,35775.203,24974.839,24.987,28.333,29.667,0.813,218331.461,11.442
21239,694,10013.648,38930.742,183.47,1083.464,0,3.226,3435495.624,14.301
21240,694,10320.796,38076.889,8.361,41.873,25.669,3.687,4486769.709,6.642
21241,694,10527.268,33545.747,41.258,40.05,30.539,2.984,2937688.873,19.649
21242,694,10711.449,34391.968,57.455,65.836,25.605,4.979,8180454.63,28.785
21243,694,10785.634,35421.859,138.841,770.557,0,2.536,2123251.255,11.539
21244,694,10835.616,32988.995,56.094,82.177,14.288,1.186,463931.68,13.588
21245,694,11144.948,37664.837,52.143,87.376,19.277,2.039,1371606.747,13.285
21246,694,11314.238,34990.075,69.652,96.985,27.725,4.281,6049310.666,25.106
21247,694,23661.484,28978.806,269.714,2109.146,0,2.678,2366296.291,14.3
21248,694,27516.818,14799.614,3.329,30.944,29.003,2.914,2802789.384,6.782
21249,694,27574.951,15046.073,25.647,22.657,30.982,0.835,230285.474,13.151
21250,694,28660.587,15337.105,131.492,614.975,0,4.937,8045466.292,16.469
21251,694,35741.626,25212.545,94.665,329.457,0,5.445,9785016.349,17.281
21252,695,10279.862,37988.055,109.01,507.381,0,2.718,2438179.604,11.34
21253,695,10481.476,33437.699,11.016,39.098,21.864,1.497,739926.124,6.491
21254,695,10719.7,35399.202,53.616,105.874,24.963,2.534,2119630.786,12.861
21255,695,10804.976,32954.392,10.728,37.23,23.112,1.538,780593.699,6.62
21256,695,10918.793,34410.942,73.315,156.352,32.572,4.878,7854013.476,19.936
21257,695,11243.334,34933.282,49.65,65.62,28.295,4.395,6375381.009,21.286
21258,696,10304.604,38028.583,136.072,976.983,0,4.472,6599424.074,11.611
21259,696,10507.011,33495.237,167.434,1001.572,0,4.346,6233474.104,15.205
21260,696,10799.977,35440.55,7.081,31.622,30.295,4.645,7120313.802,8.42
21261,696,10800.94,32930.685,118.983,478.019,0,2.025,1352931.725,12.209
21262,696,10928.961,34397.643,139.481,958.19,0,4.373,6312170.877,12.075
21263,696,11284.209,36249.25,209.849,1585.559,0,3.163,3300702.609,13.118
21264,696,21810.503,30359.593,72.918,125.797,19.615,3.019,3007483.175,17.975
21265,696,27499.537,14825.854,49.471,60.965,23.058,3.917,5063623.305,20.932
21266,696,35508.106,27758.964,133.428,529.516,0,3.377,3764852.726,15.514
21267,696,35789.384,24973.97,91.095,240.467,8.296,2.51,2078790.633,14.333
21268,697,10282.331,38023.166,115.978,639.699,0,2.882,2740400.474,10.737
21269,697,10753.962,32868.104,53.114,61.552,14.852,3.279,3548408.525,20.714
21270,697,17810.864,22135.875,42.476,863.045,0,30.601,309048289.375,7.568
21271,697,22953.957,29811.204,107.365,305.623,13.979,2.796,2580734.307,15.684
21272,697,27521.846,14802.265,6.043,45.157,30.02,3.432,3887163.263,5.862
21273,697,32904.424,32431.101,77.835,207.823,0,3.012,2993191.511,13.748
21274,697,36559.533,27750.557,94.498,156.076,14.309,3.284,3559325.739,23.139
21275,698,10749.801,35470.723,47.589,48.006,28.608,3.972,5206051.954,24.272
21276,698,23761.804,29207.275,6.246,44.688,23.772,2.239,1654598.357,5.52
21277,698,26775.594,13776.476,74.874,108.781,17.442,3.141,3256487.267,21.2
21278,698,27102.906,14278.4,98.166,334.787,0,1.579,822417.72,11.595
21279,698,27514.805,14802.605,6.403,30.89,28.293,3.181,3338763.258,7.353
21280,698,35560.987,27338.513,84.391,266.656,0,3.193,3365685.436,13.159
21281,698,36361.241,25787.371,87.115,270.368,0,3.995,5265800.187,14.972
21282,699,9983.427,38921.077,119.028,582.119,0,2.37,1853975.825,11.207
21283,699,10268.727,38014.916,74.139,175.156,18.921,1.545,787769.072,12.297
21284,699,10937.406,34427.312,122.958,655.021,0,3.658,4416211.558,12.32
21285,699,21743.654,29888.402,99.15,336.897,0,2.995,2960276.679,13.541
21286,699,23730.034,29235.76,111.761,509.29,0,2.113,1473480.42,11.019
21287,699,26800.785,13760.591,6.459,27.336,22.068,3.616,4314348.36,8.303
21288,699,27040.068,14161.825,4.753,39.876,17.006,3.556,4173985.142,6.221
21289,699,27999.776,15598.678,1.474,45.844,23.776,2.873,2723393.109,5.254
21290,699,28875.176,15432.809,7.622,22.139,20.669,1.649,897605.075,8.144
21291,700,10721.064,35524.098,4.614,22.748,30.538,1.155,440496.255,7.297
21292,700,21736.104,29836.149,105.279,429.209,0,4.017,5324626.852,13.97
21293,700,22917.3,29928.358,178.555,1048.16,0,3.683,4476075.236,14.907
21294,700,23792.18,29233.287,52.47,77.136,18.966,3.326,3649695.812,17.307
21295,700,26805.181,13683.259,3.212,13.538,27.292,2.474,2019782.423,10.969
21296,700,27535.321,14812.196,38.309,26.579,25.414,1.943,1246398.634,20.087
21297,700,35582.111,27359.584,70.571,88.688,12.607,3.59,4253356.541,24.618
21298,701,10147.169,38548.272,131.712,779.191,0,2.365,1845563.386,10.587
21299,701,10481.587,33499.801,76.965,100.28,25.406,3.327,3652413.882,24.277
21300,701,21763.38,29838.459,9.411,14.637,22.194,4.053,5422355.014,15.131
21301,701,26999.556,14233.623,62.281,65.311,17.278,1.789,1056198.615,18.936
21302,701,27519.505,14797.765,6.921,40.778,26.8,2.117,1478438.925,5.86
21303,701,27865.964,14453.305,126.471,548.542,0,3.967,5192587.728,15.083
21304,701,34518.961,28390.1,105.503,330.73,0,2.555,2154346.315,14.088
21305,701,34847.117,29592.116,30.37,36.002,18.567,1.425,670445.755,12.32
21306,702,10470.372,33537.345,175.949,1214.271,0,5.543,10140702.64,16.203
21307,702,10705.637,35573.61,44.115,52.929,38.6,1.958,1265468.065,14.971
21308,702,10719.125,34388.342,6.302,33.999,25.843,3.363,3732994.914,7.007
21309,702,21688.2,29887.065,56.269,98.876,18.761,3.161,3298404.307,15.464
21310,702,23830.438,29390.477,128.125,503.083,0,3.567,4198669.357,15.576
21311,702,26852.409,13900.17,59.727,52.233,22.616,1.334,587295.911,19.249
21312,702,36826.046,26855.787,60.398,32.759,17.641,0.656,141942.748,22.883
21313,703,10154.617,38511.56,4.178,14.229,29.786,4.655,7150277.839,14.506
21314,703,10433.244,37726.979,74.166,188.554,10.057,2.362,1840645.59,12.795
21315,703,10465.125,33488.139,213.514,1648.055,0,2.996,2962170.42,12.838
21316,703,10667.005,35508.536,31.607,32.471,38.063,2.77,2532219.088,16.274
21317,703,21718.75,29889.085,133.08,473.809,0,3.149,3272940.068,16.238
21318,703,27470.259,13536.793,93.983,313.849,0,3.009,2988735.537,13.27
21319,703,27757.506,15283.032,7.712,38.199,23.212,3.269,3527467.541,6.697
21320,703,32800.78,32385.602,7.409,23.419,13.495,1.241,507997.117,7.643
21321,703,36459.037,27972.517,94.844,297.595,0,2.942,2857105.926,13.81
21322,704,10182.48,38595.175,76.297,53.587,31.815,1.877,1162354.783,28.662
21323,704,10496.676,33516.209,18.857,48.266,38.25,1.159,443087.167,7.31
21324,704,10559.593,37720.139,4.083,17.072,28.413,2.228,1638543.985,9.296
21325,704,10718.998,35522.423,9.435,37.404,41.079,5.013,8294087.537,8.294
21326,704,21692.485,29896.917,38.472,43.82,15.911,1.747,1007221.548,14.191
21327,704,23001.814,30005.481,83.548,73.206,27.119,3.218,3418314.18,34.895
21328,704,23928.788,29430.762,121.129,522.09,0,4.564,6873389.319,15.791
21329,704,27742.895,15210.399,125.68,597.343,0,4.139,5654820.185,14.323
21330,704,28521.91,15217.524,117.247,485.181,0,2.017,1342774.597,11.886
21331,704,34842.575,29600.705,126.5,493.092,0,3.134,3241784.934,14.687
21332,704,35335.959,28694.865,106.247,319.653,0,2.007,1329911.358,13.606
21333,705,10524.205,33421.152,124.309,941.071,0,4.898,7918503.739,10.93
21334,705,10666.618,35523.062,71.197,129.827,27.533,2.024,1352511.34,14.814
21335,705,11191.606,36437.528,183.48,1415.891,0,3.247,3478653.353,11.941
21336,705,21618.21,30028.118,98.483,356.109,0,3.024,3018714.72,12.974
21337,705,23837.943,29440.512,7.067,35.258,29.323,4.222,5881744.294,7.501
21338,706,10501.132,33451.002,62.736,148.733,25.763,4.26,5988244.94,15.252
21339,706,10691.043,35458.676,117.76,763.66,0,2.676,2364210.448,9.631
21340,706,11198.803,36479.736,4.684,53.314,37.168,3.743,4622927.971,5.253
21341,706,21628.737,29981.645,45.683,43.142,22.245,1.548,791316.782,16.671
21342,706,22973.417,30048.324,36.452,44.483,23.483,1.252,517245.658,12.656
21343,706,26839.816,13802.964,119.246,496.451,0,2.831,2645734.013,13.034
21344,706,36480.826,27761.145,5.046,34.043,17.497,3.577,4221956.038,6.932
21345,707,10512.807,33451.288,124.685,771.539,0,4.716,7340741.109,12.474
21346,707,10731.383,35625.378,58.936,66.016,31.569,2.333,1795547.249,19.255
21347,707,11188.732,36505.549,46.484,40.333,41.651,3.538,4130065.701,25.158
21348,707,21685.355,29910.127,8.557,24.115,32.082,4.729,7378843.225,10.86
21349,707,22955.298,29998.564,149.977,1116.53,0,3.192,3362070.62,10.685
21350,707,27680.203,15118.984,5.771,36.285,27.532,2.834,2651057.953,6.388
21351,707,32880.554,32483.316,4.319,15.761,16.188,3.276,3540849.543,11.178
21352,707,35361.039,28652.483,6.755,26.104,14.931,2.461,1998603.275,7.739
21353,707,35803.368,25057.236,35.567,52.292,21.88,3.26,3507104.775,14.135
21354,707,36559.824,27694.078,7.683,25.932,15.483,2.562,2166632.768,8.026
21355,708,10103.573,38919.599,71.146,109.961,24.97,4.048,5407834.833,22.556
21356,708,10645.65,35681.209,3.333,23.316,38.574,2.302,1748684.852,7.658
21357,708,21626.186,30005.625,68.018,174.646,14.509,4.054,5424831.434,14.75
21358,708,21921.138,30563.986,8.789,28.415,18.857,3.363,3732489.287,8.421
21359,708,22964.57,29928.34,6.405,38.925,19.498,2.127,1493598.261,5.948
21360,708,23873.743,29417.621,97.281,289.429,0,3.277,3544693.124,15.191
21361,708,34682.814,29501.958,88.19,181.745,8.068,2.421,1934307.873,16.371
21362,708,36736.477,26871.684,122.453,454.64,0,3.156,3288016.675,14.911
21363,709,10051.165,38915.954,133.64,713.447,0,3.186,3349931.454,12.353
21364,709,10479.496,33445.263,5.023,35.717,37.076,3.01,2990039.374,6.433
21365,709,10669.383,35654.392,176.375,1338.096,0,3.018,3006072.349,11.502
21366,709,11222.068,36518.879,140.214,952.475,0,5.19,8888241.042,13.284
21367,709,21599.938,30000.17,5.192,38.407,17.582,2.648,2314783.652,6.029
21368,709,21899.618,30540.008,115.994,437.667,0,1.583,826875.173,11.982
21369,709,22917.703,30008.104,127.886,597.239,0,2.044,1378248.239,11.652
21370,709,23562.943,28947.241,131.05,465.584,0,4.232,5909968.139,18.665
21371,709,27533.136,14731.433,189.984,1344.024,0,3.172,3321403.464,12.851
21372,709,32848.653,32428.083,61.27,91.674,10.235,2.221,1627379.383,15.897
21373,710,10483.162,33445.724,8.484,36.791,33.302,2.61,2247865.085,6.668
21374,710,10718.769,35683.611,7.539,29.593,45.865,4.443,6515855.505,8.775
21375,710,10785.722,32956.209,123.847,514.874,0,2.418,1929774.561,12.753
21376,710,11240.647,36518.32,122.55,769.1,0,4.136,5645527.071,11.511
21377,710,21630.288,29922.129,135.038,721.796,0,3.849,4890233.319,13.373
21378,710,32914.389,32446.498,101.596,269.214,0,3.445,3917207.318,17.413
21379,710,34739.566,28791.518,90.421,195.684,10.655,1.618,863624.434,14.488
21380,711,10148.753,38576.765,56.363,121.424,22.442,3.811,4793860.218,14.522
21381,711,10698.535,35644.104,131.595,1004.951,0,4.333,6194911.304,10.721
21382,711,21719.2,29893.805,130.204,517.279,0,2.554,2152255.391,13.753
21383,711,22859.23,30055.423,127.638,572.23,0,4.22,5878244.074,15.275
21384,711,23795.779,29548.865,92.773,274.1,0,2.028,1358221.594,12.758
21385,711,35742.446,25011.119,89.614,297.988,0,2.25,1671572.625,11.909
21386,711,35901.353,24365.684,95.929,297.028,0,5.09,8550590.336,18.4
21387,712,10471.47,33486.064,125.778,621.626,0,3.74,4616060.874,13.305
21388,712,10716.257,35690.696,153.334,1278.586,0,2.373,1857807.585,9.43
21389,712,10770.806,33041.326,33.069,34.115,23.426,4.473,6601375.227,21.36
21390,712,12832.878,10237.472,3.614,15.815,18,3.526,4104099.151,11.383
21391,712,21762.589,29889.103,135.544,766.167,0.341,2.515,2087525.911,11.222
21392,712,22890.219,29998.912,138.005,772.777,0,3.872,4948682.299,13.164
21393,712,27630.618,15121.212,161.984,843.271,0,2.642,2304182.68,13.375
21394,712,27734.073,14547.33,162.96,823.677,0,7.401,18074902.138,24.277
21395,712,28506.692,15169.908,82.76,249.027,0,2.228,1638051.408,12.079
21396,712,34558.532,28415.678,92.468,310.153,5.571,2.521,2097325.005,12.404
21397,713,10710.267,35458.543,176.33,1484.066,0,3.065,3099966.193,10.803
21398,713,10695.383,35715.479,147.188,1068.946,0,5.731,10840016.587,13.819
21399,713,10809.586,32948.866,55.484,80.632,18.82,2.622,2269528.642,16.256
21400,713,11280.868,36482.673,6.597,30.162,33.021,3.635,4360478.987,7.813
21401,713,21792.059,30527.146,61.613,103.647,11.794,4.615,7030120.588,20.708
21402,713,21813.929,29804.234,119.066,366.436,12.867,3.321,3640223.736,17.111
21403,713,23640.945,29022.744,143.228,564.884,0,2.114,1474361.903,13.908
21404,713,32961.255,32478.401,4.109,16.791,14.915,2.776,2542568.511,10.01
21405,713,34697.052,28761.466,88.707,96.576,17.919,1.346,597537.394,20.905
21406,714,10174.096,38612.954,152.738,1035.946,0,4.86,7793513.596,13.686
21407,714,10506.187,33492.155,151.437,809.166,0,1.259,522928.821,11.118
21408,714,10672.919,35690.096,54.656,51.8,36.546,4.068,5461312.773,28.338
21409,714,11319.076,36360.659,120.484,858.97,0,2.947,2865404.498,9.41
21410,714,21827.395,29902.934,17.748,24.641,22.507,2.381,1870732.912,11.377
21411,714,23627.24,29033.605,117.907,446.139,0,3.113,3197178.972,14.271
21412,714,26840.121,13807.346,181.095,884.935,0,4.132,5635624.974,18.339
21413,714,27625.937,15096.424,109.458,452.137,0,2.315,1768484.436,11.772
21414,714,28716.147,15998.883,216.416,1521.087,0,0.536,94718.48,11.158
21415,714,32867.571,32431.606,34.405,24.074,16.009,2.151,1527345.639,19.855
21416,715,10124.04,38619.854,118.454,484.582,18.943,5.991,11845367.134,19.146
21417,715,10494.483,33462.274,155.488,939.602,0,1.18,459670.084,10.5
21418,715,10678.102,35760.513,3.159,23.147,39.872,6.854,15501868.117,12.276
21419,715,10803.518,32908.486,136.738,700.975,0,1.667,917219.389,11.094
21420,715,11306.474,36388.658,145.15,1160.646,0,3.358,3722505.264,10.145
21421,715,21921.213,29828.007,7.313,15.189,21.529,1.866,1149281.163,10.273
21422,715,22912.408,30005.333,149.459,760.946,0,2.764,2520959.3,13.074
21423,715,23638.138,29038.472,102.188,300.577,2.995,2.116,1477142.972,13.656
21424,715,32879.652,32449.228,43.978,43.297,13.737,2.507,2073541.976,18.54
21425,715,35844,24913.195,101.552,211.541,12.638,1.986,1301719.346,16.644
21426,715,36053.844,25182.41,111.313,464.094,0,3.197,3372695.522,12.989
21427,716,10076.887,38721.64,7.875,37.35,30.772,2.759,2512446.189,6.569
21428,716,10724.317,35464.635,162.953,1155.065,0,2.185,1575461.838,10.59
21429,716,10716.01,35682.274,7.472,47.77,31.068,3.623,4332822.339,5.938
21430,716,11153.789,34584.74,59.62,118.263,22.747,2.88,2738155.332,14.157
21431,716,11279.502,35032.895,8.674,19.938,34.07,3.319,3634922.657,10.632
21432,716,11309.697,36334.095,54.797,81.218,35.421,3.686,4482566.968,18.601
21433,716,21837.561,30639.03,4.858,16.218,23.207,2.155,1532442.331,9.65
21434,716,21961.907,29867.616,150.536,973.799,0,2.046,1381429.312,10.557
21435,716,26798.049,13759.404,8.464,42.861,19.082,2.453,1986106.812,6.037
21436,716,34501.349,28419.14,57.034,68.896,17.465,2.669,2350420.153,18.943
21437,716,34725.476,28766.05,65.925,81.916,17.062,2.353,1826964.431,19.191
21438,716,35900.831,24968.786,133.112,635.459,7.222,2.224,1631877.986,11.974
21439,717,10697.129,35717.595,143.488,845.876,0,3.32,3637499.457,12.276
21440,717,10775.883,32940.657,130.301,558.335,0,2.303,1750348.322,12.743
21441,717,10766.077,35348.877,68.021,136.521,21.337,1.437,681837.424,12.79
21442,717,11309.082,36372.643,163.438,1262.654,0,2.827,2636732.28,10.646
21443,717,11378.357,34972.741,130.388,806.407,0,4.638,7099290.293,12.777
21444,717,21422.871,30198.893,69.629,158.653,5.653,1.63,876436.384,12.255
21445,717,21964.052,29806.667,110.405,535.633,0,1.81,1080594.275,10.299
21446,717,26780.402,13768.378,111.294,434.12,0,3.314,3625456.152,13.784
21447,717,27760.235,14489.523,31.464,30.603,27.857,3.218,3417280.78,18.123
21448,717,28318.976,15898.457,44.135,45.907,19.927,1.79,1057484.039,16.006
21449,717,34559.075,28404.233,3.911,42.682,24.464,2.023,1350424.554,5.369
21450,717,34723.251,28799.252,5.026,21.258,24.936,2.149,1523441.785,8.206
21451,717,35842.883,29979.416,114.192,334.056,0,2.41,1916388.858,15.205
21452,717,35922.89,24993.074,154.226,899.787,0,2.113,1473750.142,11.443
21453,718,10082.021,38642.535,2.021,25.063,36.702,6.05,12078754.132,10.453
21454,718,10698.243,35721.619,67.041,207.658,19.838,6.411,13565059.12,16.425
21455,718,10776.467,32915.652,103.524,453.746,0,4.955,8101596.387,14.538
21456,718,10952.996,34632.873,8.842,12.145,38.409,3.944,5134099.366,16.937
21457,718,21991.475,29766.581,198.665,2013.501,0,2.583,2201849.723,9.925
21458,718,28303.974,15861.566,64.652,129.511,12.627,3.234,3450991.358,15.436
21459,719,10102.533,38646.14,28.095,32.884,29.539,4.18,5765750.693,17.438
21460,719,10672.474,35708.607,56.394,71.074,30.581,2.307,1755961.46,17.248
21461,719,10801.578,32955.624,2.665,26.711,24.442,2.978,2927089.987,7.412
21462,719,11290.818,36348.875,136.556,869.069,0,3.934,5106712.416,12.015
21463,719,21888.452,30531.317,115.039,410.114,3.409,3.207,3394617.892,14.81
21464,719,21987.024,29772.095,171.594,1832.023,0,2.467,2007768.509,8.761
21465,719,23593.19,29659.553,47.418,58.657,16.251,3.887,4986834.048,20.267
21466,719,26770.627,13776.794,110.598,440.825,0,3.257,3500759.663,13.432
21467,719,27402.437,13500.416,143.534,731.107,0,3.495,4032212.346,13.855
21468,719,28327.315,15812.473,44.095,38.622,25.969,2.844,2668343.8,21.434
21469,719,33130.252,26525.217,39.032,24.592,16.438,3.106,3184568.677,27.368
21470,719,35846.815,24959.774,26.404,20.198,24.817,1.502,744469.751,15.493
21471,719,36371.956,24869.911,26.129,23.276,19.34,3.179,3334845.285,18.173
21472,719,36473.493,27571.014,117.253,370.707,0,2.446,1975010.681,14.758
21473,720,10692.234,35701.876,117.382,712.689,0,3.733,4600034.913,11.008
21474,720,10801.039,32955.278,5.2,35.569,25.275,3.8,4766009.392,6.883
21475,720,10825.05,38585.037,244.302,1869.064,0,2.173,1557994.832,12.846
21476,720,11301.325,36358.425,98.06,667.509,0,5.78,11026779.656,10.843
21477,720,21975.422,29741.34,80.98,379.364,14.536,5.172,8828945.158,11.905
21478,720,34970.402,28918.591,148.943,647.887,0,1.532,774445.988,12.621
21479,720,35815.22,24931.338,98.41,459.201,0,2.343,1811932.982,10.315
21480,720,36428.825,26075.665,108.138,343.121,0,2.81,2607078.033,14.654
21481,720,36432.363,27572.664,69.932,80.051,15.758,1.999,1319374.973,19.788
21482,721,10755.62,32942.071,112.918,494.694,0,2.636,2292552.999,11.937
21483,721,22025.407,29763.874,123.917,673.422,0,4.115,5589633.071,12.824
21484,721,23598.69,29674.554,5.949,18.173,24.378,3.216,3412309.435,10.388
21485,721,26803.125,13793.055,40.72,59.459,29.187,4.09,5521702.172,16.873
21486,721,28408.359,15839.388,141.494,706.792,0,3.606,4292462.829,14.094
21487,721,34959.499,28954.722,1.976,22.59,20.655,3.29,3571860.757,8.458
21488,721,35827.888,24930.352,98.528,350.875,0,1.839,1115642.858,11.59
21489,722,10684.33,35645.194,148.597,797.391,0,3.366,3739024.221,13.47
21490,722,10718.158,32960.593,7.506,20.838,24.215,2.957,2885426.473,9.558
21491,722,11020.282,34607.622,60.144,80.023,27.021,1.912,1206158.44,16.248
21492,722,11287.459,36359.338,130.198,831.467,0,6.433,13655161.149,14.944
21493,722,11347.227,35020.605,140.223,759.236,0,2.416,1926359.562,11.649
21494,722,23459.7,29134.943,153.478,759.539,0,2.105,1462570.087,12.591
21495,722,23642.465,29614.284,147.738,680.639,0,2.83,2642581.532,13.975
21496,722,26760.603,13742.032,124.907,700.038,0,6.62,14461329.036,16.412
21497,722,35806.619,24943.608,53.582,78.656,14.269,2.19,1583156.619,14.922
21498,723,10646.053,35671.179,7.823,18.651,26.205,1.995,1312952.806,9.325
21499,723,10713.41,36557.901,50.68,75.991,23.143,2.237,1652162.69,14.397
21500,723,10751.176,32966.346,136.081,616.772,0,3.385,3780434.79,14.316
21501,723,11321.543,36344.975,50.86,80.767,33.011,1.095,395657.882,12.346
21502,723,22087.918,29757.347,178.177,917.507,0,3.367,3740962.398,15.721
21503,723,26800.658,13795.203,2.74,13.544,27.321,3.207,3394750.177,12.054
21504,723,27356.847,13361.307,6.811,26.435,26.058,4.144,5667428.725,9.045
21505,723,35774.704,24961.859,110.113,498.911,5.237,1.344,595756.872,10.347
21506,724,10046.402,38720.172,0.298,17.157,31.688,3.704,4528721.422,10.655
21507,724,10733.461,35420.535,197.85,1840.161,0,6.133,12415146.939,14.868
21508,724,11360.111,34963.054,5.983,22.04,30.001,3.537,4129322.573,9.436
21509,724,27187.351,13131.612,115.904,511.15,0,4.298,6096474.769,14.565
21510,724,28430.019,15907.352,105.263,422.825,0,3.922,5076699.759,13.967
21511,724,36444.778,27684.508,114.813,413.044,0,3.538,4132745.93,15.328
21512,724,36400.846,28393.451,5.466,28.956,16.32,1.808,1078322.378,6.751
21513,725,10001.769,38854.798,122.571,635.831,0,2.006,1328491.065,10.658
21514,725,10744.619,32945.907,51.623,58.887,24.145,3.269,3526732.131,20.582
21515,725,10725.206,35488.538,41.405,74.01,24.748,4.262,5993274.253,14.89
21516,725,10783.686,38736.102,92.609,258.546,11.368,2.511,2080412.618,13.957
21517,725,11322.789,35027.468,71.755,138.953,19.219,3.756,4656746.16,18.182
21518,725,11270.247,36333.041,162.319,1140.741,0,5.459,9835331.65,14.861
21519,725,22114.441,29746.905,119.954,529.267,0,3.224,3429637.574,13.157
21520,725,26775.642,13782.597,62.617,163.163,20.14,1.793,1060902.416,10.913
21521,725,28348.33,15837.692,154.604,947.899,0,3.452,3932524.14,12.738
21522,725,35908.709,30010.929,106.825,378.721,0,3.092,3156283.793,13.959
21523,726,10647.762,33665.862,183.025,1195.351,0,2.675,2360783.343,12.521
21524,726,10774.37,32941.18,123.837,642.106,0,2.751,2496642.494,11.475
21525,726,10779.238,38690.663,143.341,829.212,0,5.911,11529329.278,16.56
21526,726,10844.773,35408.497,119.54,723.089,0,5.131,8688107.672,12.84
21527,726,11324.21,36347.692,144.661,1018.619,0,4.89,7891822.457,12.827
21528,726,22078.474,29680.906,5.098,45.638,23.026,4.594,6965708.595,6.194
21529,726,23610.354,29647.924,67.728,90.931,15.991,2.795,2578464.231,19.883
21530,726,26813.708,13802.112,89.04,183.452,16.907,5.105,8599297.824,24.457
21531,726,28319.109,15845.464,4.123,24.897,23.293,3.201,3381400.925,8.079
21532,726,32399.773,26720.541,5.153,40.533,13.047,1.622,868605.309,5.536
21533,726,32887.617,32662.034,38.782,49.619,13.361,4.01,5306139.808,18.056
21534,726,34532.464,29434.387,113.221,373.852,0,2.149,1524604.619,13.551
21535,727,10602.714,33689.634,56.359,65.545,26.506,1.794,1061601.864,16.812
21536,727,10721.719,32960.198,1.081,21.228,28.461,3.496,4033832.962,8.963
21537,727,10758.683,35489.014,160.351,1012.125,0,4.001,5284076.765,13.605
21538,727,11318.896,34942.818,79.834,166.733,17.169,1.074,380930.52,13.126
21539,727,11282.227,36350.249,58.972,147.723,29.832,2.096,1449840.223,11.13
21540,727,32747.643,32676.455,96.097,244.155,0,2.799,2585291.78,15.796
21541,728,10034.652,38832.955,141.848,675.545,0,3.008,2986951.945,13.595
21542,728,10724.374,32883.425,6.438,33.208,23.082,3.246,3478149.754,7.067
21543,728,11284.147,34994.721,125.132,312.107,18.955,2.17,1553982.428,17.305
21544,728,11310.369,36355.054,115.941,602.249,0,3.905,5033348.375,12.378
21545,728,21426.792,30248.979,41.901,55.514,17.386,2.261,1687580.658,14.292
21546,728,23573.438,29688.586,103.526,323.998,0,3.245,3476057.414,15.209
21547,728,26750.786,13709.034,114.809,553.868,0,4.203,5829597.644,13.391
21548,728,27285.398,13278.552,36.198,64.727,19.961,2.504,2068577.329,11.42
21549,728,28260.671,15821.354,173.904,814.123,0,4.14,5655871.839,18.405
21550,728,32720.142,32639.588,2.829,53.035,13.112,2.756,2506458.394,4.859
21551,728,36372.072,26277.375,124.615,523.455,0,2.096,1449759.858,12.295
21552,729,10081.82,38642.873,9.273,47.835,23.157,2.931,2835259.194,5.964
21553,729,10684.904,32915.363,140.715,599.85,0,1.932,1232136.038,12.861
21554,729,10795.533,38664.998,139.522,660.795,0,2.488,2043448.408,12.725
21555,729,11302.072,34882.704,47.7,64.183,21.88,4.409,6413981.167,20.518
21556,729,21473.878,30198.748,83.142,271.662,0,1.594,838973.457,10.903
21557,729,22037.038,29675.212,94.615,323.135,0,4.023,5345672.856,14.804
21558,729,26778.277,13627.275,37.399,21.882,28.065,1.426,670793.679,20.197
21559,729,28216.423,15841.643,57.314,98.172,13.471,3.536,4126583.29,16.766
21560,729,32727.126,32557.622,7.486,19.85,17.125,1.341,593309.554,8.429
21561,730,10110.31,38586.603,116.561,567.753,0,3.034,3038383.288,11.844
21562,730,10658.475,32974.273,182.998,1133.365,0,3.807,4783745.728,14.814
21563,730,10695.75,35719.826,59.476,120.829,25.042,3.943,5130770.658,15.934
21564,730,10768.555,38687.696,110.944,527.131,0,3.817,4809206.548,12.679
21565,730,10964.803,34462.913,121.598,638.069,0,3.289,3569827.196,11.888
21566,730,11351.714,34930.275,119.528,701.615,0,2.315,1768576.132,10.019
21567,730,11306.967,36682.593,142.538,759.445,0,2.603,2236103.574,12.111
21568,730,21402.727,30208.79,125.116,448.682,0,1.78,1045626.68,13.116
21569,730,26686.401,13612.613,179.417,1184.5,0,3.538,4131751.223,13.516
21570,730,27638.073,13995.727,132.729,537.942,0,1.769,1032734.002,12.606
21571,730,28218.53,15840.597,81.803,206.704,5.366,4.008,5301088.474,16.776
21572,731,10074.146,38563.719,133.629,712.07,0,2.889,2753782.082,11.984
21573,731,10688.576,32925.077,131.584,624.946,0,2.521,2098023.208,12.299
21574,731,10699.234,35629.295,133.895,815.849,1.452,3.475,3984536.326,11.66
21575,731,10757.597,38660.025,131.791,705.444,0,3.754,4650579.017,12.999
21576,731,10959.169,34478.188,9.951,54.179,26.649,4.35,6245912.339,6.195
21577,731,21407.729,30169.804,29.457,18.241,18.985,1.664,913864.184,18.697
21578,731,22037.102,29697.681,106.76,481.025,0,2.391,1886820.014,11.081
21579,731,22479.197,30237.271,6.693,29.796,25.023,2.897,2769573.421,7.394
21580,731,26731.644,13659.55,115.604,521.392,0,1.851,1130241.363,11.047
21581,731,27294.981,13319.507,57.926,67.794,18.073,2.679,2368530.593,19.591
21582,731,35683.741,29276.965,6.863,19.531,18.476,1.025,346695.498,8.21
21583,732,10094.402,38601.282,140.723,827.04,0,3.852,4896879.957,12.861
21584,732,10639.505,32959.404,2.034,21.634,19.903,2.686,2381244.639,8.19
21585,732,10756.569,38669.337,114.762,639.151,0,3.838,4860775.634,11.627
21586,732,10877.318,35365.992,8.999,25.034,32.913,3.168,3311808.015,9.04
21587,732,11081.895,34462.102,47.476,52.89,24.644,3.606,4291184.777,21.09
21588,732,11355.644,34947.43,7.925,32.781,27.239,2.791,2571275.319,7.134
21589,732,21438.813,30238.78,5.475,48.809,15.065,2.231,1643143.319,5.172
21590,732,22058.536,29726.089,85.579,365.549,0,2.264,1691407.146,10
21591,732,22521.653,30146.124,83.116,149.267,21.492,2.175,1561170.078,16.701
21592,732,28611.26,15265.56,111.769,469.125,0,2.417,1928626.48,11.921
21593,732,35175.66,29191.122,38.623,38.772,18.804,2.178,1565848.366,16.354
21594,732,35700.367,29248.716,117.274,408.29,0,1.724,980747.138,12.795
21595,733,10061.693,38602.227,105.772,550.154,0,2.924,2822882.69,10.585
21596,733,10701.507,35602.492,41.647,41.2,28.351,2.646,2310962.408,18.41
21597,733,10734.924,32944.956,106.853,490.051,0,2.095,1449300.247,10.689
21598,733,10839.061,38677.269,194.005,1417.662,0,5.032,8356763.98,15.773
21599,733,11333.803,34931.759,120.35,794.043,0,2.176,1561954.259,9.298
21600,733,22598.373,30066.525,94.832,473.317,0,3.311,3619033.098,10.545
21601,733,28627.272,15255.166,127.503,496.008,0,2.878,2733939.124,14.317
21602,733,35438.063,27763.991,7.751,35.031,13.902,2.758,2510169.866,6.804
21603,733,35679.076,29204.61,7.041,50.983,24.633,2.482,2033405.246,5.286
21604,734,10132.183,38605.952,128.828,625.006,0,4.866,7813279.865,15.624
21605,734,10479.512,33437.518,6.804,48.195,19.122,4.291,6076202.598,6.078
21606,734,10710.449,32924.87,112.578,496.359,0,4.209,5846455.461,14.125
21607,734,10683.188,35725.908,33.179,42.374,27.589,1.764,1026434.004,12.566
21608,734,10796.033,35440.497,3.827,24.859,28.674,3.344,3690037.322,8.162
21609,734,10799.173,38716.046,3.489,23.224,27.236,1.781,1046445.736,7.379
21610,734,26869.113,13952.717,156.158,699.788,0,5.002,8256483.271,19.638
21611,734,27883.98,15140.589,172.523,1005.711,0,3.049,3066949.361,13.551
21612,734,28642.577,15280.662,8.894,24.411,23.479,2.445,1972856.456,8.523
21613,734,32583.055,32533.584,153.327,548.112,0,1.37,619144.894,14.121
21614,734,35515.025,27676.376,8.958,16.012,18.755,2.239,1654192.423,10.875
21615,734,35673.552,29266.984,48.919,73.376,19.082,1.783,1049624.618,13.391
21616,734,35922.472,25043.239,3.975,29.068,15.083,2.562,2166165.849,6.918
21617,735,10069.811,38601.73,40.486,49.096,27.977,2.302,1748191.019,14.994
21618,735,10543.101,33508.543,151.293,1058.002,0,3.028,3025939.614,11.016
21619,735,10707.842,32937.834,136.737,642.963,0,2.381,1871812.47,12.482
21620,735,10689.58,35645.284,138.252,884.574,0,3.127,3226431.284,11.132
21621,735,10751.157,35353.994,76.248,219.742,19.692,3.052,3074243.261,12.953
21622,735,10938.452,34423.677,61.91,87.573,26.564,1.456,699900.409,14.96
21623,735,11230.316,36434.431,119.358,773.151,0,2.599,2229874.427,9.654
21624,735,11289.953,34906.337,90.63,277.733,9.517,0.821,222569.993,11.213
21625,735,28607.881,15251.544,119.346,477.345,0,3.951,5150904.314,15.344
21626,735,32542.56,32621.761,33.225,29.784,14.607,3.036,3041915.931,19.103
21627,735,35562.083,27782.755,144.43,703.58,0,1.334,587448.25,11.463
21628,735,35756.957,29278.773,6.553,27.408,22.233,3.451,3929204.383,8.175
21629,735,35882.433,25001.571,136.234,536.626,0,3.65,4397045.627,16.408
21630,736,10109.937,38621.29,172.288,1206.224,0,1.351,602305.032,10.344
21631,736,10707.459,35619.542,152.42,948.959,0,3.231,3444983.324,12.193
21632,736,10742.194,38716.926,27.828,44.942,26.645,4.383,6339751.794,13.9
21633,736,10997.996,34424.201,178.243,1315.411,0,4.988,8210457.166,14.598
21634,736,26878.533,14003.298,9.817,21.549,22.748,2.662,2338666.37,9.693
21635,736,28603.219,15251.805,136.262,490.69,0,3.456,3941020.252,17.081
21636,736,35626.08,27823.77,83.985,254.02,0,3.307,3611163.328,13.704
21637,736,35808.275,24977.985,101.358,432.824,0,1.788,1055300.434,10.558
21638,737,10057.621,38632.768,46.115,74.918,33.308,3.165,3304955.857,14.677
21639,737,10483.502,33554.292,110.156,463.634,0,3.109,3190544.016,12.695
21640,737,10701.922,33025.749,124.653,550.56,0,2.521,2096635.855,12.459
21641,737,10712.292,35737.333,36.857,54.072,36.549,1.768,1031068.822,12.022
21642,737,10642.826,36574.655,10.138,17.17,28.266,4.298,6095097.783,14.165
21643,737,10740.929,35385.09,160.909,1258.349,0,3.696,4508776.412,11.356
21644,737,10990.453,34416.276,128.376,792.575,0,4.937,8043514.854,13.05
21645,737,11320.242,36349.048,117.579,527.331,0,1.088,390535.244,10.599
21646,737,22081.512,29713.714,2.979,15.617,25.728,2.89,2755740.054,10.482
21647,737,26993.395,14058.273,57.366,42.512,23.085,2.288,1726948.455,25.298
21648,737,27267.151,13259.177,63.601,119.078,14.192,0.571,107573.717,12.108
21649,737,27399.859,14837.293,114.476,519.916,0,4.548,6825199.781,14.532
21650,737,27697.018,14018.196,36.785,51.26,22.856,2.756,2506441.689,13.936
21651,737,27891.296,15114.425,128.476,659.579,0,5.462,9846604.69,15.95
21652,737,28623.654,15331.376,133.295,574.608,0,2.88,2736631.662,13.751
21653,737,34547.61,29436.192,33.758,49.123,16.293,1.638,885115.313,11.56
21654,737,35753.915,27922.255,6.394,16.907,19.304,1.351,602528.705,8.984
21655,737,35762.723,24958.909,1.866,22.866,27.23,5.067,8473767.72,10.13
21656,737,36293.126,26094.699,111.263,392.232,0,2.934,2841691.841,14.112
21657,738,10101.289,38602.579,180.637,1480.988,0,3.98,5227211.297,12.232
21658,738,10301.043,38195.038,33.319,33.58,30.027,3.268,3525301.826,18.175
21659,738,10717.793,35652.881,147.683,889.192,0,3.138,3249269.133,12.097
21660,738,10771.871,38655.041,128.727,768.102,0,6.492,13908941.229,15.753
21661,738,11292.27,36429.511,187.043,1304.268,0,2.734,2467271.438,12.247
21662,738,26958.994,14081.03,2.966,30.013,24.84,2.936,2845633.207,6.891
21663,738,27253.251,13255.266,83.272,120.499,18.756,2.95,2871999.915,22.118
21664,738,28557.901,15326.497,4.93,17.006,24.059,2.259,1683741.826,9.491
21665,738,35818.229,24981.715,101.82,530.284,0,2.524,2103101.4,9.992
21666,738,35834.254,25598.133,5.993,23.423,23.573,3.733,4598738.207,9.241
21667,738,35898.571,29069.815,87.24,155.791,6.608,1.984,1299233.944,16.778
21668,739,10174.058,38613.812,47.18,49.245,35.359,4.106,5563100.609,23.989
21669,739,10719.925,33035.915,231.008,1295.103,0,2.259,1683406.565,15.253
21670,739,10990.456,34439.229,132.341,822.977,0,3.098,3167436.726,11.003
21671,739,26926.175,14002.137,135.397,834.768,0,3.96,5175850.606,12.249
21672,739,27280.547,13278.452,1.511,46.051,21.128,3.637,4364809.593,5.489
21673,739,27709.812,14008.818,122.605,530.73,0,2.32,1776319.598,12.232
21674,739,27884.858,15111.052,122.82,638.727,0,4.736,7402230.793,14.088
21675,739,34539.876,28385.567,51.559,64.541,15.121,2.232,1643608.594,16.331
21676,739,34585.519,29370.766,82.235,166.937,9.972,2.589,2212143.022,16.224
21677,739,35819.847,24976.373,56.536,101.434,17.818,2.101,1456679.04,13.356
21678,739,35919.425,28976.524,47.234,83.726,11.756,2.953,2878484.515,13.614
21679,740,10159.806,38598.751,1.746,30.54,34.473,3.231,3444696.869,6.9
21680,740,10720.65,35678.88,7.285,44.274,32.393,3.285,3561031.138,6.053
21681,740,10808.137,35340.97,58.746,103.069,27.026,1.885,1172130.504,13.468
21682,740,10737.902,38632.777,23.965,22.979,34.622,3.781,4718621.311,18.512
21683,740,26971.558,14034.712,35.29,48.398,27.065,1.258,522146.868,11.734
21684,740,27281.796,13282.147,2.946,27.292,24.84,4.941,8056422.493,8.847
21685,740,27920.684,15121.028,5.343,26.231,34.846,4.083,5500731.858,8.719
21686,740,35830.078,24956.869,125.83,596.09,0,1.97,1281210.929,11.372
21687,740,35779.275,25432.514,48.897,46.334,18.685,3.331,3662057.76,23.283
21688,741,10709.484,35707.069,68.262,113.535,26.544,1.93,1228670.675,15.148
21689,741,10726.829,32967.541,158.219,700.28,0,3.995,5266241.733,17.551
21690,741,10800.294,35361.514,2.879,32.674,29.713,2.837,2655446.278,6.485
21691,741,10758.76,38671.14,160.265,944.818,0,3.283,3556081.387,13.154
21692,741,10922.916,34444.941,134.975,903.036,0,4.162,5716316.06,11.777
21693,741,26976.662,14044.459,156.263,847.628,0,3.854,4902807.253,14.665
21694,741,27763.785,15219.197,20.736,33.165,26.765,1.921,1218319.271,10.034
21695,741,32478.635,32633.783,3.947,19.089,16.804,4.594,6965152.273,11.353
21696,741,34582.77,29419.828,149.112,634.286,0,2.511,2080353.76,14.255
21697,741,35688.96,25437.57,6.252,25.806,20.175,3.779,4711956.602,8.734
21698,741,35910.259,29106.779,74.321,113.11,11.873,1.74,999670.748,16.354
21699,742,10241.148,38561.511,11.606,47.098,30.833,5.016,8304528.834,7.587
21700,742,10344.214,38090.623,103.661,279.292,19.13,0.832,228186.136,12.823
21701,742,10732.211,35429.102,170.231,1292.398,0,3.906,5034093.417,12.3
21702,742,10703.664,35692.457,162.003,986.594,0,3.05,3069445.084,12.627
21703,742,10728.451,38600.168,122.71,598.399,1.785,1.196,472450.885,10.425
21704,742,26999.177,14045.254,122.546,638.319,0,3.991,5257627.517,12.945
21705,742,27298.227,13300.269,33.955,51.702,17.82,2.519,2094514.697,12.374
21706,742,27837.754,15126.762,4.105,19.885,26.316,4.048,5406529.289,10.348
21707,742,32529.761,26914.189,98.167,339.351,0,1.457,700686.547,11.396
21708,742,35806.326,24962.232,88.648,219.653,4.331,2.109,1468283.938,13.983
21709,743,10356.918,38064.239,139.252,869.598,0,2.225,1633685.272,10.461
21710,743,10640.442,35595.333,19.3,28.179,26.543,2.722,2444491.826,11.49
21711,743,10768.539,38682.146,150.119,820.727,0,3.085,3140630.877,12.967
21712,743,11280.412,36439.968,2.24,36.801,33.946,5.17,8820273.33,7.2
21713,743,27705.212,15280.618,1.392,13.479,22.36,3.12,3212449.941,11.8
21714,743,28159.818,15808.513,91.21,201.663,11.874,1.651,899768.366,14.43
21715,743,32487.269,26879.991,83.09,212.919,7.631,1.794,1062451.559,12.759
21716,744,10314.937,38067.486,116.097,646.728,0,3.547,4153811.683,11.378
21717,744,11262.55,36364.371,177.077,1551.624,0,4.456,6553363.52,12.077
21718,744,34718.385,28484.949,6.062,15.364,20.502,2.006,1327975.473,10.059
21719,745,10328.785,38034.282,120.584,643.03,0,2.952,2876821.995,11.31
21720,745,27239.122,13240.126,99.058,335.667,0,2.583,2202310.445,12.928
21721,745,27793.343,15161.384,95.483,311.236,6.784,4.196,5809114.562,15.759
21722,745,32480.005,26881.361,7.6,52.333,19.393,3.732,4595556.278,5.67
21723,746,10812.493,33057.945,56.44,83.316,19.397,1.247,513467.243,13.649
21724,746,13303.142,34965.843,53.717,1230.241,0,78.209,2046852689.336,18.767
21725,746,32535.322,26870.681,51.565,69.906,15.615,2.566,2172626.826,16.253
21726,747,10725.876,33029.514,7.652,19.252,23.876,2.045,1380180.44,9.154
21727,747,22488.482,30267.239,84.062,171.738,14.067,2.78,2550479.94,16.834
21728,747,32526.695,26860.508,130.735,445.726,0,0.585,113079.795,12.57
21729,747,35839.024,24888.338,4.812,34.265,22.928,2.152,1527761.137,6.198
21730,747,35929.266,29126.627,160.852,623.971,0,1.262,525212.66,13.699
21731,748,10327.011,38041.782,59.402,115.377,22.268,1.832,1107908.569,12.668
21732,748,10771.364,33020.033,94.344,380.331,0,2.559,2160897.022,11.224
21733,748,10792.796,38678.737,121.34,590.883,0,5.492,9954168.785,15.981
21734,748,11218.075,36424.421,44.769,28.494,32.872,1.546,789273.654,21.17
21735,748,22638.362,30186.138,119.016,592.9,0,2.364,1844850.699,11.075
21736,748,27756.229,15278.476,6.105,30.229,27.538,3.475,3984334.971,7.597
21737,748,32531.018,26836.427,124.963,509.853,0,3.216,3412308.025,14.255
21738,748,35877.334,24952.675,139.565,748.974,0,3.944,5132122.2,13.791
21739,748,35930.374,29129.777,185.937,982.303,0,1.148,435240.48,12.379
21740,749,10119.891,38598.11,170.493,1261.813,0,3.52,4089378.603,12.038
21741,749,10334.279,37961.887,131.648,710.412,0,5.604,10363545.447,15.859
21742,749,10645.442,35592.657,6.639,14.22,31.873,3.279,3548086.236,12.699
21743,749,10808.699,32993.733,45.84,70.273,21.254,2.726,2452087.746,14.382
21744,749,11243.001,36378.856,137.264,790.219,0,5.394,9602985.549,15.199
21745,749,22570.142,30218.071,94.021,461.185,6.994,2.186,1577040.581,9.647
21746,749,27417.228,13477.897,110.006,460.86,0,1.954,1259488.743,11.317
21747,749,29039.557,15999.584,4.137,28.417,20.103,4.108,5569886.122,8.068
21748,749,32561.302,26877.748,6.376,38.049,17.686,2.826,2634916.134,6.289
21749,749,35830.893,26590.861,58.805,100.045,14.517,2.558,2158690.655,14.946
21750,749,35886.665,29071.846,133.282,589.758,0,1.77,1033989.183,12.005
21751,749,35962.198,24870.397,258.604,2103.747,0,1.551,794015.143,12.059
21752,750,10113.497,38610.117,69.998,181.253,19.815,2.624,2271568.709,12.601
21753,750,10277.477,38024.14,100.796,426.497,0,3.879,4966133.156,13.001
21754,750,10684.41,35711.875,130.084,638.878,0,4.514,6723487.748,14.963
21755,750,10791.552,32993.645,155.551,810.826,0,2.062,1402920.824,12.244
21756,750,11204.829,36398.548,5.441,22.607,34.206,1.504,746729.869,7.588
21757,750,21841.924,29924.9,6.781,33.327,23.461,4.434,6488276.893,7.889
21758,750,22574.693,30219.085,116.581,762.577,1.599,3.677,4463074.149,10.37
21759,750,28941.244,16034.034,128.848,541.384,0,2.304,1752508.523,12.815
21760,750,34559.125,28399.158,11.251,23.842,16.667,1.94,1242256.772,8.869
21761,750,35795.306,26520.348,119.61,491.125,0,1.79,1057101.129,11.823
21762,750,35919.308,24885.493,4.213,38.789,22.87,4.414,6428354.178,6.701
21763,750,35933.1,28962.409,52.643,53.764,19.047,1.538,780815.952,16.964
21764,750,36082.746,27886.838,60.185,80.719,13.355,2.8,2586399.564,18.52
21765,751,10102.396,38577.661,124.885,676.528,3.461,2.617,2260622.904,11.077
21766,751,10298.409,38050.885,121.737,572.88,0,1.407,653378.713,10.724
21767,751,10745.377,38672.804,92.461,288.059,10.419,4.652,7140522.207,16.878
21768,751,10822.89,32978.93,86.323,507.981,0,4.526,6760545.393,9.922
21769,751,11206.006,36718.791,6.219,25.272,28.436,2.155,1532712.927,7.597
21770,751,21827.917,29961.112,105.391,409.684,0,2.279,1714222.03,11.91
21771,751,22718.469,30160.842,6.022,31.233,23.348,2.38,1869588.398,6.796
21772,751,27400.03,13398.746,56.014,86.23,13.467,2.629,2281097.802,15.723
21773,751,27697.506,15284.287,183.044,1544.525,0,3.809,4786925.2,11.886
21774,751,32558.174,26860.797,32.525,36.326,16.243,2.441,1966355.284,14.792
21775,751,34585.997,29342.996,62.766,31.156,17.916,1.277,537761.218,27.954
21776,751,35819.094,26439.49,92.405,336.995,0,5.895,11470877.76,17.182
21777,751,35884.897,24862.189,107.494,356.335,0,2.56,2162449.688,13.747
21778,752,10749.199,32987.07,112.456,444.573,0,4.055,5426148.396,15.032
21779,752,27680.557,15223.477,44.057,85.841,25.985,4.362,6279486.9,14.574
21780,752,28186.72,14772.35,98.138,369.073,0,2.142,1514504.41,11.514
21781,752,36164.342,24952.623,7.973,21.353,21.318,4.369,6299347.71,11.221
21782,753,10076.396,38552.835,5.445,16.796,32.632,2.316,1769772.036,9.726
21783,753,10324.925,37997.86,10.793,31.552,28.835,3.028,3026543.86,8.123
21784,753,10435.255,37641.217,142.399,764.719,0,3.74,4615427.112,13.654
21785,753,10546.889,33495.087,94.553,397.231,0,1.382,630473.153,9.993
21786,753,10673.436,35660.279,74.044,92.784,20.406,3.469,3971002.786,24.989
21787,753,10797.707,32972.6,114.795,569.691,0,5.139,8716035.791,14.528
21788,753,12399.651,10638.624,2.242,28.406,14.387,1.811,1082285.433,6.516
21789,753,21843.103,29921.867,9.878,32.564,19.65,1.839,1116507.66,7.067
21790,753,27644.334,15231.749,121.863,635.849,0,5.149,8749499.29,14.619
21791,753,35964.432,24904.775,122.97,685.359,0,4.32,6157689.699,12.801
21792,753,36365.11,26059.29,100.076,205.315,8.587,4.162,5715502.388,23.406
21793,754,10076.674,38642.065,3.857,23.034,27.295,2.806,2598473.607,8.141
21794,754,10294.165,38029.956,100.607,431.251,0,4.414,6430563.707,13.646
21795,754,10729.128,35689.03,171.864,1075.747,0,2.557,2157943.561,12.216
21796,754,10760.864,38597.537,135.295,815.562,0,4.728,7377021.283,13.502
21797,754,10818.803,32984.363,64.688,146.878,14.619,2.297,1741272.75,12.652
21798,754,11279.395,36744.917,144.954,809.606,0,4.525,6756557.357,14.707
21799,754,27085.188,13885.89,119.388,542.28,0,3.125,3222441.404,12.719
21800,754,27227.384,13188.495,102.373,387.418,0,3.368,3743269.828,13.41
21801,754,27689.061,15254.108,38.554,51.671,21.668,3.816,4805098.998,16.902
21802,754,28554.677,15167.204,136.679,632.891,0,0.928,284490.113,11.155
21803,754,28925.482,16118.181,98.404,279.765,0,1.931,1230888.639,13.362
21804,754,35927.578,24840.135,103.834,459.373,16.57,3.646,4386340.773,12.524
21805,754,37346.803,25290.343,31.547,18.197,16.122,1.329,583273.553,18.836
21806,755,10303.485,38025.08,103.011,571.7,0,1.87,1154594.729,9.239
21807,755,10695.129,35764.82,79.954,123.293,28.905,2.178,1566185.8,18.068
21808,755,10806.86,32960.653,3.139,15.755,21.958,3.571,4209508.689,11.4
21809,755,11281.514,34490.551,5.52,19.709,30.793,2.121,1485274.777,8.649
21810,755,27669.102,15228.303,164.621,863.442,0,5.82,11180240.979,19.877
21811,755,32575.697,26922.769,117.059,391.273,0,2.885,2747409.893,15.033
21812,755,35904.183,24883.346,91.223,395.612,0,3.216,3413006.241,11.191
21813,756,10686.542,35750.888,63.407,152.175,23.275,2.19,1583001.133,11.961
21814,756,10846.019,33024.145,228.139,1290.9,0,2.843,2666544.406,16.274
21815,756,27676.909,15285.761,6.49,25.637,26.467,1.659,907829.875,7.309
21816,756,28902.431,16114.352,106.347,338.583,0,2.897,2769166.839,14.625
21817,756,32559.727,26880.139,1.782,42.896,17.051,3.112,3195024.041,5.553
21818,756,37360.517,25356.261,9.437,55.365,10.178,2.78,2550452.019,5.456
21819,757,10358.912,38039.19,84.441,292.449,8.831,2.913,2801149.175,12.005
21820,757,10653.719,35763.271,8.889,36.337,47.09,2.421,1933787.203,6.705
21821,757,10816.051,32957.964,50.655,81.488,23.083,2.152,1528052.383,13.616
21822,757,11292.448,36689.782,141.03,727.478,0,3.479,3995002.156,13.543
21823,757,12245.637,10623.02,62.738,92.047,8.135,3.703,4524834.008,20.473
21824,757,21907.422,29897.386,44.625,49.277,21.57,1.84,1117503.423,15.604
21825,757,27329.237,13361.083,159.436,982.209,0,1.391,638639.38,10.669
21826,757,27714.85,15246.946,82.687,188.311,10.425,2.01,1332667.355,13.995
21827,757,32643.201,26962.218,6.497,28.602,16.755,0.946,295291.007,6.648
21828,758,10319.971,37999.349,4.324,28.091,28.357,2.493,2051689.139,7.063
21829,758,10719.608,35764.061,10.931,55.16,34.64,3.827,4834482.163,6.098
21830,758,10800.271,33023.77,66.831,69.011,26.757,1.857,1137874.427,20.137
21831,758,11245.569,34541.674,39.183,41.602,26.025,2.562,2165617.746,16.797
21832,758,21916.899,29914.303,14.683,19.182,22.882,3.894,5004699.383,14.705
21833,758,22447.226,30197.084,124.011,707.546,0,4.509,6710487.644,12.914
21834,758,27288.921,13457.08,192.549,1156.71,0,2.239,1653898.709,12.994
21835,758,28893.593,16155.35,122.868,447.533,0,1.715,971053.069,12.779
21836,758,32637.509,26974.301,9.62,25.644,17.646,2.881,2738264.073,8.81
21837,758,36000.516,24843.497,2.419,19.878,18.99,2.714,2430688.147,8.699
21838,759,10662.987,35732.897,100.219,275.304,29.116,3.779,4713856.792,17.589
21839,759,10815.054,32959.403,107.727,634.27,8.002,2.882,2740298.675,9.864
21840,759,11315.343,36710.482,146.174,857.088,0,4.594,6966237.972,14.375
21841,759,12193.649,10644.402,94.483,294.057,0,1.522,764344.847,11.908
21842,759,22479.238,29458.786,9.56,10.85,26.879,1.878,1164298.139,13.528
21843,759,22428.401,30178.086,88.297,199.753,17.716,2.544,2136244.89,15.654
21844,759,27315.523,13388.355,148.302,967.24,0,3.545,4147405.796,11.993
21845,759,32621.798,27020.981,138.587,467.245,0,2.194,1588555.637,15.206
21846,759,35601.914,30551.976,9.507,18.243,18.551,1.279,539695.396,9.269
21847,759,35827.176,25396.616,48.666,43.947,18.727,1.103,401237.54,16.573
21848,760,10145.596,38587.354,31.807,15.697,29.087,3.931,5098758.757,35.977
21849,760,10313.105,38036.41,72.47,175.303,15.123,3.843,4873199.638,15.648
21850,760,10809.743,32953.553,116.559,881.655,0,3.474,3982232.527,9.269
21851,760,11169.038,34466.91,178.52,1323.998,0,5.449,9800313.641,15.311
21852,760,21910.901,29829.678,78.844,185.233,9.597,3.94,5122052.962,17.138
21853,760,22424.519,30186.033,76.73,173.385,12.667,2.898,2770876.985,15.063
21854,760,27297.327,13364.481,128.011,774.148,0,5.313,9319504.836,13.757
21855,760,28238.773,14809.623,143.515,672.611,0,2.176,1562694.977,12.601
21856,760,35754.099,30562.649,8.165,22.868,15.939,1.964,1273299.258,8.317
21857,760,35895.653,24803.21,50.738,101.608,26.882,2.586,2207454.837,12.465
21858,760,36161.124,27836.224,7.247,21.21,16.506,1.927,1225357.202,8.46
21859,761,10284.891,38055.219,39.258,48.571,25.408,2.095,1448076.55,14.207
21860,761,10715.229,35755.736,141.966,1058.977,0,3.618,4319897.482,10.72
21861,761,10800.625,38635.314,10.618,40.051,23.356,3.571,4208367.69,7.262
21862,761,10814.801,32952.498,80,279.314,13.989,3.252,3489095.622,11.979
21863,761,12217.522,10648.215,97.591,312.298,0,1.776,1040872.551,12.201
21864,761,21886.42,29832.318,114.119,436.031,0,2.017,1343421.4,12.276
21865,761,22502.102,30196.391,95.229,331.644,6.715,0.807,214929.969,10.741
21866,761,27300.468,13348.666,135.538,671.125,0,4.302,6107402.574,14.947
21867,761,28072.94,15720.001,4.002,5.917,22.576,2.943,2857740.055,22.145
21868,761,28258.457,14777.146,112.755,388.518,0,1.553,796010.76,12.392
21869,761,34561.695,28396.429,6.282,46.521,18.25,4.767,7498090.39,6.36
21870,761,35805.127,25407.576,79.577,220.253,11.606,2.28,1716051.07,12.51
21871,761,35932.138,24841.802,81.719,68.278,16.361,2.579,2195330.757,31.034
21872,762,10079,38684.403,105.725,229.114,18.181,1.644,892358.04,15.861
21873,762,10297.456,38121.579,100.756,239.539,15.685,2.926,2824902.218,17.386
21874,762,10640.398,33596.772,9.472,36.844,34.702,2.748,2491882.322,6.922
21875,762,10689.262,35728.665,154.824,1162.918,1.488,2.851,2681699.166,10.505
21876,762,10810.153,33005.244,147.309,862.529,0,4.068,5461490.57,13.636
21877,762,11232.178,34454.064,125.671,723.697,0,5.144,8733048.591,13.846
21878,762,11279.677,36319.691,2.221,25.935,29.797,4.101,5551108.553,8.372
21879,762,22500.363,30170.359,86.544,278.527,18.12,2.846,2673449.336,12.691
21880,762,27490.141,14835.343,141.08,636.334,0,2.594,2221270.414,13.381
21881,762,28109.714,15762.608,41.39,49.83,31.016,2.626,2275344.355,15.936
21882,762,28962.656,16120.396,37.951,38.48,19.39,3.142,3258608.887,18.753
21883,762,35822.653,25453.986,75.625,222.702,10.41,2.975,2919917.724,12.595
21884,762,35973.104,24918.738,60.058,107.297,29.557,3.544,4143787.963,16.733
21885,763,10081.142,38637.477,8.898,28.88,29.778,5.326,9362030.254,10.193
21886,763,10665.064,35735.717,30.262,39.026,35.516,3.976,5217140.727,16.105
21887,763,10834.099,32985.329,92.54,470.53,0,3.343,3689036.605,10.295
21888,763,11207.279,34516.632,115.967,624.889,0,2.508,2075253.035,10.534
21889,763,11259.505,36682.232,177.525,1271.371,0,3.026,3022434.457,12.004
21890,763,22502.194,30201.669,89.161,400.921,0,2.432,1953905.593,10.055
21891,763,27494.016,14910.72,19.293,14.359,20.452,4.411,6421597.413,24.589
21892,763,28123.415,15772.973,142.924,696.078,0,3.063,3095665.188,13.543
21893,763,28912.132,16177.131,53.518,86.771,9.671,3.189,3356184.094,15.981
21894,763,35768.179,26564.025,6.275,12.937,20.837,2.49,2046437.931,12.019
21895,763,35921.499,24962.015,3.596,29.274,24.958,3.263,3513386.822,7.255
21896,764,10111.992,38623.908,37.476,37.12,31.173,3.47,3974499.808,20.004
21897,764,10294.425,38099.5,67.713,115.708,16.725,1.91,1203735.092,14.792
21898,764,10642.516,33644.113,36.612,43.124,29.064,2.983,2936128.156,16.136
21899,764,10685.417,35715.04,131.538,959.675,0,4.11,5574454.166,10.838
21900,764,10810.924,32986.104,59.184,112.906,18.605,4.055,5427024.994,16.913
21901,764,11242.59,36735.974,26.546,38.026,23.405,3.03,3030629.588,12.684
21902,764,22371.234,30338.654,44.914,40.696,25.081,2.531,2113867.882,19.967
21903,764,27356.816,13362.877,11.802,25.029,28.311,3.69,4494257.763,10.521
21904,764,27456.775,14730.076,102.488,363.592,0,2.611,2249106.843,12.851
21905,764,28106.964,15777.214,44.124,66.633,13.725,2.939,2850094.568,14.667
21906,764,35852.347,26522.326,40.662,24.956,19.617,2.238,1652308.494,23.855
21907,765,10274.138,38059.244,80.003,198.836,19.625,2.413,1921465.245,13.636
21908,765,10714.692,35783.493,203.787,2065.454,0,4.07,5467056.711,11.557
21909,765,11233.842,36692.026,162.83,1053.807,0,4.222,5883929.09,13.847
21910,765,22427.724,30335.537,107.097,397.725,0,3.017,3004697.742,13.425
21911,765,28101.241,15698.923,1.319,12.951,21.124,2.192,1585549.931,10.686
21912,765,28930.626,16127.625,75.53,145.252,5.899,3.503,4049544.218,18.237
21913,765,35966.753,24803.314,51.124,65.542,13.393,3.872,4947866.551,20.545
21914,766,10276.16,38091.311,125.205,533.324,5.951,3.291,3574138.607,13.978
21915,766,10718.692,35688.389,7.281,38.985,43.865,1.809,1079486.24,5.964
21916,766,10978.341,33724.175,64.253,87.491,30.558,2.001,1320831.434,16.811
21917,766,22959.616,29994.182,7.068,33.111,26.318,4.451,6539089.38,8
21918,766,27397.399,14683.534,99.105,334.581,0,3.104,3180351.933,13.775
21919,766,28109.574,15758.524,43.27,42.176,20.861,2.885,2746786.442,19.735
21920,766,28479.741,15045.058,3.443,24.996,16.229,3.417,3854106.222,8.143
21921,766,35853.18,26612.541,97.899,300.386,5.935,3.285,3561273.957,14.939
21922,767,10060.988,38739.663,50.504,73.66,24.052,3.847,4883954.012,18.364
21923,767,10283.163,38051.038,74.656,158.584,15.288,1.529,771538.6,13.097
21924,767,10711.652,35678.413,7.57,20.444,30.775,4.949,8084299.805,12.276
21925,767,10826.594,32996.368,138.038,740.148,0,3.267,3521398.771,12.69
21926,767,11112.401,37607.14,105.999,382.459,0,3.089,3154705.317,13.717
21927,767,22511.172,29424.287,117.814,384.537,0,3.687,4485568.504,17.104
21928,767,26640.582,13524.105,9.94,41.811,14.826,0.784,202752.426,5.93
21929,767,28105.61,15756.472,179.275,821.64,0,2.603,2236720.527,15.469
21930,767,28446.378,15016.072,159.824,816.375,0,4.518,6735720.61,16.935
21931,767,29051.982,15719.186,59.625,100.806,8.65,2.239,1654273.86,14.502
21932,767,36010.456,24903.52,183.286,1062.227,0,3.012,2993537.954,14.103
21933,768,10043.088,38669.582,104.094,522.037,0,4.474,6606878.759,12.524
21934,768,10318.678,38074.728,7.093,39.3,24.584,2.986,2943434.454,6.345
21935,768,10716.27,35757.858,10.173,51.962,20.711,2.295,1738798.006,5.635
21936,768,11301.446,36308.138,263.226,3012.395,0,3.086,3142064.249,11.456
21937,768,27453.145,13489.419,134.853,512.087,0,3.788,4734720.281,17.052
21938,768,28490.422,15126.47,37.92,32.628,18.641,2.83,2642699.239,20.122
21939,768,35755.514,25471.537,134.115,497.59,0,2.909,2793413.204,15.352
21940,768,35867.215,26546.013,112.571,425.946,0,2.948,2868542.576,13.576
21941,768,35982.606,24826.992,125.508,677.637,0,2.696,2399060.769,11.217
21942,769,10091.233,38624.164,59.887,85.816,18.185,2.168,1551768.661,16.031
21943,769,10330.484,38108.811,136.489,751.011,0,3.321,3638914.244,12.45
21944,769,10799.06,33032.072,147.357,728.071,0,2.827,2638415.338,13.312
21945,769,27440.243,13521.464,3.262,29.231,20.375,4.992,8223249.383,8.487
21946,769,28080.646,15715.833,37.632,65.447,26.766,5.829,11212684.033,17.492
21947,769,35975.091,24831.399,104.652,467.049,0,2.092,1444277.657,10.733
21948,770,10093.365,38633.106,22.283,27.247,26.648,6.15,12483065.94,20.621
21949,770,10847.724,33885.245,95.83,444.762,0,4.494,6665617.241,12.553
21950,770,11290.151,36721.269,9.074,20.022,29.424,4.249,5958117.122,12.036
21951,770,27444.759,13474.369,110.472,490.304,0,1.35,601473.966,10.485
21952,770,28466.194,15090.732,122.184,460.015,0,4.214,5860675.299,16.893
21953,770,36000.07,24797.811,7.117,35.814,19.934,2.65,2317048.359,6.555
21954,771,10286.561,38167.699,43.838,30.022,25.556,2.902,2779226.377,26.12
21955,771,10827.082,32940.469,64.551,125.604,14.952,3.954,5160151.336,17.368
21956,771,11041.489,37607.245,183.891,1028.73,0,3.278,3545991.329,14.975
21957,771,11365.972,36266.923,118.127,609.498,0,1.818,1090342.707,10.323
21958,771,27433.72,13482.988,126.509,623.621,0,3.784,4725561.526,13.45
21959,771,28085.886,15682.163,8.662,40.505,19.819,3.056,3081228.933,6.528
21960,771,28487.057,15188.165,26.863,35.522,18.944,1.183,462046.113,10.987
21961,771,35875.988,26622.218,106.807,347.419,0,2.651,2318966.138,14.017
21962,772,10129.707,38616.843,140.965,871.998,0,5.45,9803181.79,14.741
21963,772,26701.5,13600.173,70.484,99.274,17.937,2.847,2674208.872,19.857
21964,772,27475.527,13543.948,90.125,335.708,4.799,2.601,2231944.745,11.53
21965,772,28026.607,15665.834,135.336,708.747,0,2.851,2682164.429,12.169
21966,772,34565.138,29337.909,127.519,650.18,0,3.224,3431231.541,12.411
21967,772,35757.122,26679.421,111.723,409.358,0,2.281,1718290.819,12.787
21968,772,36013.645,24820.775,120.391,370.792,0,2.718,2437630.133,15.838
21969,773,10078.822,38570.141,84.302,146.378,14.354,3.438,3900823.869,21.05
21970,773,10872.667,34264.095,44.815,82.92,26.992,3.452,3932992.246,13.679
21971,773,27170.877,14164.467,159.586,892.368,0,2.892,2760351.14,13.005
21972,773,28201.838,14743.576,130.33,487.416,0,2.662,2339153.905,14.514
21973,773,34587.783,29381.002,81.118,389.812,0,2.902,2779671.836,9.518
21974,774,10065.361,38597.483,120.077,552.768,0,4.78,7540248.72,15.294
21975,774,11208.636,36471.424,150.246,776.399,6.772,3.971,5203617.781,14.988
21976,774,34556.005,29384.751,123.693,583.104,0,2.805,2595892.258,12.258
21977,774,35724.552,26673.79,26.193,19.958,17.364,2.831,2645615.595,19.293
21978,775,10070.713,38658.609,46.436,48.2,20.065,3.809,4789244.319,22.766
21979,775,10806.945,32922.461,33.109,34.195,18.359,1.82,1092938.497,14.383
21980,775,11272.763,36595.852,133.785,730.128,0,5.948,11680547.26,16.518
21981,775,27995.507,15588.688,58.284,67.362,15.322,3.16,3295447.554,21.535
21982,775,28161.318,14754.469,70.162,89.931,15.13,1.653,901750.715,17.41
21983,775,29100.189,15761.358,37.306,57.263,12.135,3.27,3528365.591,14.006
21984,775,34615.737,29454.024,81.209,144.124,10.257,2.334,1797208.182,16.994
21985,775,35841.065,26550.361,5.002,32.312,17.176,2.362,1840980.885,6.519
21986,776,10066.273,38605.542,106.792,481.448,0.34,3.114,3199934.437,11.897
21987,776,10831.159,32937.426,84.685,173.483,25.878,4.843,7741474.18,22.809
21988,776,11318.048,36339.108,191.393,1395.57,0,2.637,2295080.483,11.955
21989,776,27200.44,14279.106,3.256,21.648,25.586,2.299,1743883.776,7.997
21990,776,27437.649,13436.445,5.476,33.232,36.647,3.463,3957182.977,7.037
21991,776,28066.715,15594.488,6.823,14.035,20.297,2.225,1633938.462,11.137
21992,776,28233.671,14801.387,5.764,18.334,23.932,4.076,5481878.783,11.427
21993,777,10098.451,38594,149.321,1016.997,0,4.013,5313625.792,12.273
21994,777,10834.121,32972.758,163.458,909.063,0,3.391,3795330.46,14.059
21995,777,11278.372,36456.576,61.347,42.155,27.944,2.227,1637269.208,27.521
21996,777,27089.765,14267.459,90.298,383.595,0,3.722,4570990.966,11.866
21997,777,28158.231,14719.563,2.67,27.811,26.48,3.765,4677198.886,7.758
21998,777,28697.196,16012.178,142.915,496.541,0.636,3.657,4413600.371,18.692
21999,777,36013.261,24798.01,117.87,370.596,0,4.061,5441724.782,18.536
22000,778,10158.151,38559.209,6.621,57.398,29.803,2.201,1598193.701,4.842
22001,778,10518.647,33442.06,47.791,27.645,26.38,1.393,639953.6,22.533
22002,778,10845.452,32968.333,100.525,466.774,0,3.072,3114284.123,11.195
22003,778,27164.22,14244.835,121.44,533.796,0,2.977,2925301.791,12.93
22004,778,27365.72,13474.866,180.282,1512.361,0,3.304,3602821.242,11.233
22005,778,28161.917,14689.697,108.796,409.055,0,3.33,3660080.698,13.958
22006,778,36013.438,24802.206,101.058,301.127,0,4.366,6292895.626,17.985
22007,779,10096.381,38535.178,81.649,140.181,30.14,1.933,1233054.964,16.43
22008,779,10800.197,32958.65,1.935,41.304,18.097,2.874,2726788.343,5.603
22009,779,11037.401,33754.253,7.426,44.088,23.797,4.218,5870200.22,6.515
22010,779,21936.083,29897.07,80.964,300.172,0,2.756,2512010.691,11.037
22011,779,27361.516,13446.365,129.26,849.324,0,1.944,1247517.626,9.54
22012,779,28149.261,14698.66,127.701,743.589,0,4.159,5707902.574,12.515
22013,780,10876.224,32926.589,92.175,125.298,14.131,1.614,859810.455,19.479
22014,780,10825.435,34473.494,163.041,1165.922,0,1.719,975621.31,10.169
22015,780,11281.849,35121.197,5.887,42.497,23.055,2.37,1854042.1,5.674
22016,780,11323.628,36308.017,108.067,395.982,6.875,2.685,2378440.019,13.109
22017,780,27381.094,13473.789,126.435,883.044,0,5.311,9308283.98,12.206
22018,780,28186.697,14715.501,44.598,68.692,26.617,2.162,1542857.324,13.191
22019,780,34640.224,29364.708,5.372,49.088,21.106,3.11,3192305.382,5.387
22020,780,35885.94,26396.441,62.419,85.719,14.162,2.457,1991567.665,17.63
22021,781,10113.874,38534.042,57.286,113.93,31.484,2.061,1401464.993,12.563
22022,781,10444.33,33535.88,110.995,525.493,0,2.794,2576790.597,11.426
22023,781,11362.213,36272.528,116.519,718.83,0,4.095,5535934.131,11.219
22024,781,22028.274,30194.584,48.48,78.279,21.121,3.478,3991420.611,15.781
22025,781,26778.402,13570.053,115.037,399.157,0,3.971,5203802.877,16.676
22026,781,27361.36,13461.474,28.833,47.316,41.741,4.233,5914518.078,13.634
22027,781,28010.491,15666.84,55.197,76.503,23.422,3.934,5108314.475,20.433
22028,781,28104.712,14660.325,36.002,44.661,22.713,3.067,3104065.559,15.625
22029,781,35841.474,26411.222,33.092,29.734,17.698,2.095,1448589.822,16.352
22030,782,10098.537,38520.603,124.316,832.38,0,2.471,2014843.595,9.592
22031,782,22093.35,30222.774,98.868,205.25,16.877,0.931,285735.753,14.491
22032,782,27392.458,13484.328,138.789,842.717,0,2.281,1716987.87,10.667
22033,782,28076.204,15755.84,6.769,19.327,25.097,2.838,2658131.541,9.722
22034,783,10114.197,38543.542,137.092,724.441,0,1.475,717855.114,10.767
22035,783,10598.479,33377.83,35.296,26.581,32.66,2.824,2632329.872,21.527
22036,783,22053.963,30255.797,121.887,348.132,9.715,1.072,379087.984,13.746
22037,783,27394.322,13485.745,138.849,891.316,0,3.03,3030427.73,11.036
22038,783,28087.275,15688.975,184.481,1124.552,0,3.72,4567780.999,14.914
22039,783,28479.627,15279.135,3.485,40.595,16.667,2.641,2301564.046,5.674
22040,784,10138.321,38488.809,101.457,373.979,12.508,2.95,2872915.869,12.94
22041,784,11277.262,36640.721,7.13,52.529,30.96,2.779,2548794.886,5.287
22042,784,21979.18,29752.216,108.698,489.727,0,3.5,4041895.71,12.542
22043,784,27350.614,13485.701,149.534,986.47,0,3.429,3879649.806,11.822
22044,784,34528.457,28383.415,59.405,67.176,15.893,1.673,923168.783,17.271
22045,785,10481.369,33599.083,3.888,32.433,25.423,2.558,2160159.967,6.471
22046,785,22022.1,29796.026,165.593,903.093,0,3.506,4056226.366,14.585
22047,785,27362.771,13385.661,90.004,385.884,10.167,4.845,7747776.758,13.233
22048,785,28076.098,15678.958,2.19,19.549,27.806,2.934,2841054.172,8.984
22049,785,28138.712,14658.316,87.006,228.793,8.1,2.873,2723871.541,14.627
22050,786,10435.936,33519.498,1.398,10.648,24.806,4.15,5682444.964,16.467
22051,786,11200.298,36639.969,1.092,21.303,29.684,2.852,2684237.614,8.356
22052,786,22066.84,29687.824,124.895,617.013,0,3.738,4611493.087,13.243
22053,786,27045.055,13040.552,5.939,20.133,22.099,3.061,3092488.079,9.509
22054,786,27351.423,13395.04,109.586,453.63,4.192,3.587,4247186.247,13.511
22055,787,10148.579,38507.276,139.071,693.835,0,2.231,1642944.112,11.97
22056,787,22072.12,29688.194,117.764,659.396,0,6.182,12613063.088,15.007
22057,787,21998.525,30217.266,1.888,9.535,30.497,1.652,900735.89,12.09
22058,787,27995.561,15673.081,11.04,22.478,25.997,4.426,6466218.777,12.076
22059,788,10146.555,38534.081,156.349,1029.777,0,1.798,1067343.877,10.468
22060,788,10804.923,34482.435,6.196,13.802,38.9,1.065,374229.233,9.771
22061,788,11267.976,36557.935,41.96,68.164,23.653,1.27,532509.672,11.41
22062,788,22106.5,29735.309,167.911,982.646,0,2.907,2788882.875,13.062
22063,788,26678.995,13465.812,87.409,272.455,0,1.636,883407.616,11.53
22064,788,27347.411,13397.535,151.915,769.012,0,3.263,3513625.319,14.066
22065,788,28003.552,15669.549,8.28,19.105,24.525,3.567,4197886.691,11.16
22066,788,29027.774,15718.455,112.324,444.417,0,3.276,3541984.728,13.669
22067,788,35838.989,26241.165,3.004,22.253,17.657,1.868,1151857.439,7.565
22068,788,36031.686,24818.745,144.125,528.75,0,1.298,556440.762,13.358
22069,789,10162.825,38556.896,8.438,25.514,31.205,4.363,6280638.413,9.961
22070,789,10841.883,34492.299,136.007,1005.052,0,5.183,8865527.091,12.18
22071,789,22060.051,29734.386,128.303,845.434,0,3.993,5261187.933,11.312
22072,789,22027.966,30072.129,45.477,56.246,28.404,3.826,4831857.249,19.616
22073,789,27391.421,13434.895,28.942,41.436,22.038,2.442,1968123.11,12.107
22074,789,28092.285,15709.846,133.236,606.859,0,2.184,1574142.958,12.281
22075,789,29000.913,15676.532,85.473,187.79,10.09,1.127,419089.774,13.27
22076,789,35772.443,26158.718,5.875,21.185,17.287,2.125,1489558.771,8.347
22077,790,10174.111,38539.427,168.474,1108.324,0,1.79,1057498.722,10.913
22078,790,10636.782,38776.851,160.822,796.817,0,3.405,3826299.99,15.115
22079,790,11279.913,34880.208,0.66,41.218,28.637,2.049,1385381.001,5.326
22080,790,22021.778,29725.389,51.251,72.765,22.695,3.819,4812348.737,18.837
22081,790,23036.032,29932.434,10.131,16.216,28.365,3.979,5224493.504,14.178
22082,790,27366.435,13361.01,4.788,20.214,28.68,2.772,2535632.679,8.966
22083,790,28014.064,15706.556,128.476,464.398,0,2.234,1646611.577,13.95
22084,790,28159.612,14721.821,8.945,53.929,17.989,1.877,1162210.88,5.236
22085,790,29053.838,15736.811,72.598,166.961,16.341,1.466,709410.622,12.267
22086,790,36001.01,24795.476,9.273,37.292,13.924,1.026,347150.362,6.217
22087,791,10159.812,38479.535,2.661,40.178,28.415,1.734,992719.534,5.393
22088,791,10680.889,38743.104,105.175,420.343,0,1.987,1302374.395,11.38
22089,791,10880.112,34461.831,148.386,1124.826,0,2.684,2376917.458,10.037
22090,791,21999.826,29765.366,4.963,23.295,31.991,3.296,3584225.137,8.657
22091,791,21999.969,30070.44,0.571,17.133,36.189,5.074,8495927.309,12.638
22092,791,26482.793,12807.043,5.083,14.427,18.239,2.967,2904432.385,11.594
22093,791,28002.562,15684.993,7.196,26.784,23.122,2.865,2708225.677,7.982
22094,791,28182.988,14690.24,100.612,360.421,0,4.067,5458189.214,14.986
22095,791,28555.294,15239.496,152.031,611.082,0,3,2970708.828,15.994
22096,792,10176.925,38548.956,189.229,1380.33,2.526,1.252,516998.522,10.569
22097,792,10800.395,32968.16,82.039,95.482,17.124,2.577,2192113.617,24.09
22098,792,10865.737,34524.732,147.666,962.233,0,2.778,2546622.35,11.086
22099,792,23087.354,29889.874,138.594,635.061,0,1.701,954907.719,11.951
22100,792,27436.948,13361.819,6.18,20.28,21.132,3.204,3388002.411,9.672
22101,792,28063.227,15728.413,115.166,478.444,0,3.443,3911252.313,13.698
22102,792,29116.168,15839.428,4.892,29.45,22.904,2.638,2297099.086,7.013
22103,793,10135.853,38578.608,98.692,571.663,0,6.696,14798419.31,13.414
22104,793,10720.581,33041.91,3.175,25.396,21.841,3.356,3716331.564,7.98
22105,793,10786.291,34566.787,171.294,1248.533,0,3.384,3779301.175,12.03
22106,793,11201.271,36559.22,2.795,31.29,27.464,1.447,691225.588,6.095
22107,793,26702.413,13471.246,51.933,94.006,10.456,3.135,3243814.165,14.429
22108,793,27399.673,13402.317,91.231,336.766,5.7,2.314,1767831.656,11.357
22109,793,29145.141,15827.289,104.869,432.109,0,2.942,2855964.689,12.258
22110,793,36511.326,26737.259,87.755,208.769,1.375,3.006,2982167.661,16.05
22111,794,10797.949,33049.384,90.748,233.308,10.814,2.155,1532019.496,13.925
22112,794,11313.762,34950.896,102.081,497.429,0,4.97,8150827.53,13.291
22113,794,23009.431,29885.363,149.23,784.355,0,2.921,2816004.515,13.019
22114,794,27386.689,13428.537,121.633,683.852,0,4.261,5990905.949,12.546
22115,794,29073.433,15766.351,137.366,651.782,0,2.946,2863575.771,13.249
22116,795,10156.563,38571.969,48.946,44.606,34.504,1.661,910456.102,17.909
22117,795,11333.087,34952.534,22.737,24.766,24.39,2.481,2031795.838,13.78
22118,795,27375.862,13408.472,98.356,390.907,0,3.462,3956089.716,12.766
22119,795,29120.644,15773.226,15.991,31.784,22.477,1.016,340453.714,8.261
22120,796,10833.385,34242.29,34.619,24.39,29.68,3.485,4007983.406,25.381
22121,796,27412.647,13631.087,53.897,76.318,27.946,1.794,1062322.143,14.543
22122,796,29098.453,15798.624,54.333,49.885,17.812,2.694,2394989.865,22.625
22123,797,10836.656,34247.32,49.723,60.008,33.234,4.459,6560527.283,23.18
22124,797,27438.635,13402.466,2.245,16.429,23.501,5.062,8456625.516,13.206
22125,797,28114.583,14666.85,137.718,636.446,0,1.172,453503.19,11.374
22126,797,34883.576,29326.231,129.447,536.898,0,3.128,3228238.7,14.273
22127,798,10192.18,38545.769,58.405,72.204,25.533,3.162,3299988.532,20.488
22128,798,10529.244,33631.071,51.628,54.618,20.485,0.73,175912.831,15.008
22129,798,10645.471,38892.211,9.197,21.449,24.229,3.874,4953572.606,10.969
22130,798,10792.928,33039.095,7.722,22.479,18.919,3.4,3814552.952,9.597
22131,798,10878.581,34256.562,53.281,38.242,37.236,2.763,2519902.525,27.391
22132,798,26723.479,13522.446,9.669,37.548,15.862,2.764,2521536.035,6.892
22133,798,29064.666,15706.697,105.766,431.53,0,3.372,3753491.348,13.009
22134,798,35997.957,24780.477,75.739,119.059,11.953,2.393,1890225.094,17.85
22135,799,10489.716,33646.672,125.5,644.646,0,3.341,3684912.389,12.377
22136,799,10701.438,38778.181,123.833,493.761,7.819,1.907,1200701.846,12.403
22137,799,10838.683,34260.52,97.501,425.636,15.927,2.901,2777962.274,11.248
22138,799,11324.025,34976.092,132.386,700.55,0,7.192,17071219.826,19.14
22139,799,22898.037,29296.494,28.651,32.986,19.595,2.639,2298869.334,14.294
22140,799,27394.351,13406.241,110.915,365.649,0,3.638,4367693.396,16.162
22141,799,29048.348,15732.953,60.311,66.878,14.106,2.632,2285793.566,20.704
22142,799,33711.383,27050.662,51.785,65.531,14.176,1.985,1300341.86,15.686
22143,799,36003.701,24716.055,9.648,37.004,15.15,3.197,3373167.153,7.185
22144,800,10191.417,38660.487,138.106,830.283,0,4.494,6665764.748,13.39
22145,800,29108.54,15721.013,131.18,494.228,0,3.153,3280069.453,15.452
22146,800,35679.374,28478.787,3.896,22.693,18.396,3.68,4468822.555,9
22147,800,35967.585,24803.248,175.067,797.917,0,3.057,3083489.852,16.253
22148,801,10184.189,38661.649,155.953,1009.783,0,4.3,6101936.454,13.536
22149,801,10513.842,33070.014,157.943,856.944,0,3.47,3974192.979,14.106
22150,801,10480.43,33639.975,2.668,30.037,23.087,3.142,3257294.564,6.98
22151,801,11083.199,34305.139,142.9,972.371,0,3.051,3071372.747,10.843
22152,801,22948.159,29277.244,131.691,511.436,0,2.617,2260074.504,14.169
22153,801,29013.436,15712.128,117.359,471.733,0,4.923,7998587.235,17.012
22154,801,35988.774,24779.367,111.689,360.482,0,2.316,1770018.434,13.905
22155,802,10536.066,33061.103,27.302,28.697,23.874,2.911,2796267.493,15.617
22156,802,10855.555,34520.083,127.829,834.61,0,2.582,2200332.645,9.984
22157,802,11336.43,34989.813,138.579,1145.826,0,4.375,6316747.165,10.542
22158,802,29074.46,15638.1,106.348,420.821,0,3.882,4972837.73,14.153
22159,802,35621.807,28372.826,65.367,134.724,12.734,3.266,3520149.083,15.291
22160,803,9963.021,39388.748,182.027,884.419,0,3.267,3522526.969,16.423
22161,803,10121.264,38687.067,149.145,807.143,0,2.262,1687854.477,11.908
22162,803,10560.222,33043.599,4.889,31.829,23.732,2.531,2113552.679,6.641
22163,803,10649.498,33873.891,144.674,837.64,0,1.483,725341.862,10.544
22164,803,11244.521,36074.582,112.908,161.183,23.212,1.716,971635.571,21.745
22165,803,26636.993,13516.174,8.023,29.498,18.48,3.642,4377197.606,8.247
22166,803,27412.004,13423.301,84.506,252.616,0,2.852,2683537.333,13.143
22167,803,29073.666,15678.126,90.963,288.91,1.011,3.503,4049952.558,14.271
22168,803,35435.353,28236.239,6.826,23.25,20.277,2.017,1342450.125,7.998
22169,804,11117.261,37499.584,62.353,18.217,25.649,0.801,211973.457,34.354
22170,804,11243.43,36009.529,109.526,422.837,6.172,3.823,4823175.921,14.602
22171,805,11117.785,34238.299,3.881,26.885,30.75,2.366,1846775.497,7.127
22172,805,27513.279,14934.559,53.146,61.545,14.486,2.444,1970802.761,18.082
22173,806,10117.988,38647.813,30.316,36.208,22.784,2.628,2279947.155,14.165
22174,806,10644.659,33914.387,9.37,25.962,29.992,3.018,3005098.481,8.792
22175,806,11156.667,34218.699,129.377,747.839,0,2.451,1983049.909,10.706
22176,806,11334.923,34980.818,157.93,955.284,0,5.138,8710739.564,15.816
22177,806,22156.44,29800.113,5.988,16.748,22.616,2.554,2152131.439,10.139
22178,806,22844.24,30000.798,33.43,27.146,21.472,1.757,1018435.095,16.632
22179,806,26646.824,13480.048,88.077,181.101,6.532,2.665,2343195.774,16.975
22180,806,26764.963,12947.887,58.422,94.15,15.334,1.795,1063286.934,13.995
22181,806,29119.008,15686.89,7.451,26.526,21.336,2.629,2280328.555,7.913
22182,806,34358.89,29222.148,40.172,36.25,16.193,2.598,2228187.212,19.18
22183,807,10603.886,33911.96,81.853,110.171,22.972,2.902,2778385.432,22.898
22184,807,22038.789,29673.299,43.291,30.662,24.085,2.188,1580010.58,21.953
22185,807,26742.909,12942.167,158.714,730.773,0,3.375,3759521.763,15.727
22186,807,28157.588,14716.058,7.762,25.862,19.729,1.735,993055.552,7.536
22187,808,10619.944,33848.289,23.689,24.198,25.987,2.646,2310360.017,14.84
22188,808,10844.881,34227.247,124.069,781.798,0,5.427,9719956.119,13.173
22189,808,23187.963,29316.497,61.98,109.988,23.242,1.96,1267164.861,13.87
22190,808,23912.284,29358.503,10.094,22.399,19.777,2.867,2713317.324,9.754
22191,808,26647.007,13540.281,204.602,958.807,0,3.14,3253992.419,18.001
22192,808,26720.217,12913.525,68.108,110.468,16.069,2.925,2823087.879,17.751
22193,808,35603.59,28164.448,7.515,28.35,17.329,2.669,2350814.216,7.635
22194,809,10362.018,37981.698,106.017,473.519,0,2.446,1974380.813,11.153
22195,809,10560.122,33833.514,8.943,28.565,30.085,2.961,2892821.207,8.117
22196,809,11328.465,35003.493,112.557,501.968,0,3.507,4059169.268,12.934
22197,809,11320.921,35929.795,137.273,753.347,0,2.11,1468612.983,11.092
22198,809,23862.374,29397.263,102.257,390.98,0,3.445,3916144.251,13.424
22199,809,27955.225,14313.573,37.469,54.057,16.018,1.211,484173.704,11.613
22200,809,29031.85,15640.368,68.266,131.274,16.772,2.107,1465302.108,14.144
22201,809,35759.559,25852.431,5.188,18.683,19.024,3.389,3791184.362,10.227
22202,810,10628.709,33878.353,59.089,92.806,24.027,1.894,1183591.067,14.472
22203,810,26638.312,13481.339,115.379,322.831,0,3.234,3450650.621,17.729
22204,810,36003.202,24801.934,6.705,28.458,15.275,3.021,3011569.523,7.695
22205,811,10660.649,33871.17,70.293,86.521,24.527,2.55,2145218.505,20.79
22206,811,34457.053,29239.884,111.636,424.789,0,1.953,1258183.169,12.076
22207,811,35840.009,28960.138,0.146,24.698,15.998,1.277,538315.128,6.756
22208,812,11120.736,37045.786,10.018,26.929,26.912,6.193,12656644.806,12.266
22209,812,23884.563,29388.839,95.344,278.025,2.889,2.409,1915802.116,13.641
22210,812,26643.671,13517.403,58.151,91.003,11.399,2.64,2300154.84,15.899
22211,812,27465.52,14960.948,22.298,23.039,18.992,2.319,1773987.545,13.914
22212,812,29025.847,15658.637,82.138,154.032,5.761,1.499,741737.356,14.76
22213,812,34452.573,29223.563,54.964,62.305,13.489,1.723,979418.679,16.692
22214,812,34918.296,28666.552,115.998,376.261,0,4.059,5436364.52,17.875
22215,812,35868.078,28943.019,85.032,250.944,0,2.217,1621663.383,12.397
22216,812,36004.611,24754.235,129.524,390.18,0,3.755,4654275.941,19.677
22217,813,10575.417,33819.067,174.98,1131.498,0,1.495,738006.789,11.001
22218,813,11254.293,35827.956,212.508,1669.833,0,3.655,4408654.512,13.623
22219,813,26642.185,13492.213,97.759,176.961,7.714,2.778,2547611.197,20.279
22220,813,27450.098,14955.874,115.506,274.063,4.434,1.69,942223.832,15.891
22221,814,10836.1,33007.388,121.284,566.264,0,6.674,14700099.954,18.803
22222,814,26675.352,13481.33,52.74,73.831,13.751,2.041,1375008.292,14.959
22223,814,28967.633,15677.851,90.999,200.873,9.692,3.292,3576366.603,18.084
22224,814,34881.405,28643.761,2.159,20.389,16.007,3.642,4376808.222,9.442
22225,814,35863.349,28874.062,98.255,346.804,0,3.287,3565923.998,13.576
22226,814,36017.12,24779.47,45.853,50.897,12.645,1.57,813194.699,15.184
22227,815,10538.183,33755.147,36.143,38.238,25.377,3.023,3015163.099,17.451
22228,815,11299.739,35867.123,112.267,635.475,0,3.417,3852820.102,10.881
22229,815,23000.917,29958.102,129.778,677.225,0,3.687,4486206.465,13
22230,815,26715.9,13513.996,11.778,21.432,17.668,2.183,1572979.731,9.845
22231,815,28964.456,15667.228,109.069,404.104,0,3.749,4640420.792,14.87
22232,816,11243.279,34892.843,101.302,248.268,17.922,2.323,1780136.921,15.674
22233,816,22932.951,30003.185,119.521,515.671,0,2.517,2091014.464,12.322
22234,816,28992.183,15655.452,54.035,99.211,9.824,1.092,393544.503,11.72
22235,816,34482.015,29182.88,139.063,478.481,0,2.916,2806176.295,16.599
22236,817,10244.53,38044.282,63.813,92.753,19.103,1.475,717991.566,14.983
22237,817,10528.896,33785.602,106.2,469.546,0,2.447,1976962.035,11.235
22238,817,10799.724,35601.356,6.392,78.271,32.546,2.9,2775975.281,4.174
22239,817,22935.98,30038.373,88.66,348.16,0,6.527,14061341.601,16.75
22240,817,27664.573,13922.04,9.033,13.811,19.491,1.519,761146.66,10.953
22241,817,34483.115,29263.2,6.286,16.34,16.333,3.246,3477784.408,11.332
22242,817,35519.954,27120.02,1.505,32.49,20.577,3.036,3041381.764,6.525
22243,817,35923.344,28882.45,6.799,13.106,18.029,2.301,1747201.008,11.756
22244,818,10559.159,33748.634,6.967,28.945,24.541,0.881,256047.76,6.66
22245,818,10879.818,35589.713,8.288,38.336,37.339,2.999,2969042.972,6.653
22246,818,11041.095,34236.516,6.943,50.443,29.601,1.876,1161400.394,5.162
22247,818,11033.572,34578.806,40.823,25.882,36.75,2.436,1958896.85,24.311
22248,818,11293.094,35776.011,134.622,791.761,0,3.454,3938358.433,11.96
22249,818,21922.007,29763.062,25.591,36.81,22.541,3.247,3479854.901,12.878
22250,818,23040.188,29960.201,2.971,19.478,23.763,2.487,2040617.929,8.66
22251,818,26559.21,12636.507,7.71,46.099,16.345,2.853,2685569.998,5.81
22252,818,29057.739,15846.596,57.757,52.764,15.495,1.198,473497.078,18.06
22253,818,34480.388,29205.611,7.772,22.196,17.652,2.135,1504740.585,8.505
22254,818,35553.691,27203.438,130.514,470.02,0,4.342,6221441.164,18.685
22255,819,10561.955,33752.73,9.804,41.372,26.068,3.631,4350574.78,6.961
22256,819,11040.012,34240.003,0.009,17.657,36.78,4.824,7679034.52,11.96
22257,819,11323.96,34922.978,64.149,158.78,13.179,5.008,8275765.744,16.375
22258,819,11248.363,35869.454,190.706,1487.35,0,2.44,1965342.982,11.22
22259,819,26562.373,12640.343,21.569,59.287,14.376,4.236,5923034.06,8.836
22260,819,27640.35,13952.061,110.877,437.199,0,3.511,4069046.088,13.969
22261,819,28239.734,15567.539,148.288,683.773,0,2.181,1569541.291,12.986
22262,819,34441.636,29212.718,96.977,320.789,0,4.148,5677939.559,15.662
22263,819,35580.456,27255.341,133.546,461.537,0,2.587,2209035.676,15.395
22264,820,11160.574,37151.115,118.279,531.879,0,3.305,3604418.71,12.988
22265,820,11274.98,35806.771,42.257,45.477,28.357,3.477,3988594.136,19.918
22266,820,23414.717,29750.671,115.451,454.555,0,2.497,2057229.46,12.76
22267,820,26538.678,12625.85,76.24,241.092,5.057,2.612,2250954.963,11.626
22268,820,27821.829,14263.493,161.045,781.483,0,2.224,1632428.712,13.288
22269,820,29120.049,15834.769,5.223,51.412,14.063,4.584,6935253.241,5.734
22270,820,34430.814,29187.699,137.547,530.29,0,2.986,2943475.117,15.359
22271,820,35600.345,27281.047,6.002,37.14,19.852,5.274,9180472.398,7.713
22272,820,36820.074,26808.524,112.67,357.917,0,3.31,3618703.623,16.07
22273,821,10528.851,33748.044,117.526,732.744,0,4.857,7786635.968,12.067
22274,821,11065.786,34147.237,67.295,96.642,26.025,3.217,3414579.977,20.18
22275,821,23140.239,29915.994,131.223,475.888,0,3.706,4534187.33,17.119
22276,821,23949.646,29407.789,106.609,312.602,0,2.31,1761503.45,14.366
22277,821,26534.478,12631.749,102.603,419.935,0,4.486,6645589.05,14.442
22278,821,27802.433,14194.701,69.192,82.398,12.344,1.553,795697.926,17.814
22279,821,29121.814,15838.711,4.579,26.742,17.316,2.238,1652484.053,7.16
22280,821,35633.157,27090.485,85.973,248.611,1.162,1.419,664288.39,11.714
22281,821,35785.813,29018.948,104.22,292.886,0,1.137,426678.272,12.85
22282,821,36843.584,26758.53,94.897,307.323,0,4.77,7510657.248,16.928
22283,822,10295.687,38025.631,115.621,450.77,0,5.007,8273942.334,17.412
22284,822,10500.762,33760.605,61.934,125.096,31.658,3.413,3845130.958,15.309
22285,822,11281.887,35837.707,3.66,29.012,28.414,3.813,4798171.654,7.675
22286,822,26541.296,12661.981,61.952,114.263,18.114,2.603,2236616.906,14.665
22287,822,26808.615,13531.723,105.128,440.138,0,3.734,4603369.841,13.257
22288,822,27442.008,14721.401,9.676,37.067,23.22,3.384,3779615.372,7.293
22289,822,27861.769,14167.701,53.491,68.837,14.292,1.625,871262.472,15.033
22290,822,29094.805,15942.159,95.658,282.762,0,2.981,2932810.738,14.531
22291,822,34430.017,29223.868,94.266,263.739,0,3.028,3026501.933,15.046
22292,822,35586.333,27041.176,186.927,852.942,0,1.668,918541.934,14.164
22293,822,35751.913,25647.59,101.398,312.281,0,3.583,4237664.597,15.856
22294,823,10558.387,33749.229,6.527,23.146,38.033,0.604,120342.081,7.331
22295,823,11206.314,35605.815,9.003,24.18,31.387,2.028,1356673.16,8.283
22296,823,26559.6,12718.806,135.227,790.804,0,2.766,2524575.046,11.235
22297,823,26771.959,13545.943,108.663,374.174,0,2.432,1951916.761,13.301
22298,823,27401.747,14696.379,121.835,435.748,0,2.299,1746089.046,13.704
22299,823,27793.365,14142.342,29.7,20.197,22.703,2.103,1458878.318,19.055
22300,823,28235.563,15587.37,74.743,117.782,12.178,2.371,1855651.353,17.617
22301,823,29073.291,15950.92,97.151,304.984,0,4.14,5657306.659,16.303
22302,823,35833.991,25678.849,12.632,13.245,19.129,3.228,3438856.5,16.276
22303,823,35771.819,29070.608,74.525,125.407,8.331,1.68,931460.869,15.274
22304,824,10320.151,38001.002,4.891,43.536,20.277,2.671,2354371.603,5.582
22305,824,10523.501,33701.483,148.138,1108.095,0,4.235,5918150.615,11.682
22306,824,11191.984,35656.47,46.294,90.449,30.848,3.875,4955433.951,14.08
22307,824,23282.512,29118.18,8.878,37.598,18.431,3.858,4910898.392,7.334
22308,824,27845.718,14199.574,71.726,91.112,17.257,1.848,1126521.569,18.272
22309,824,28182.882,15651.981,52.83,56.367,13.861,2.382,1873086.703,18.892
22310,825,10509.878,33714.961,175.968,1335.411,0,2.038,1370784.24,10.507
22311,825,11280.058,35842.803,5.77,33.223,33.903,4.476,6610273.832,7.739
22312,825,23223.955,29172.368,147.346,681.963,0,2.632,2285857.531,13.583
22313,825,27342.169,14660.284,111.021,471.755,0,0.79,205752.821,10.441
22314,825,27913.655,14197.418,4.599,7.18,23.245,2.111,1471216.718,16.332
22315,825,28159.089,15602.864,4.503,37.416,15.318,1.621,867122.317,5.713
22316,825,35718.262,26622.13,145.8,555.653,0,1.808,1078445.872,13.857
22317,825,35771.172,29146.291,109.979,338.483,0,2.24,1655992.89,14.07
22318,825,36747.833,26713.374,71.079,119.707,9.304,2.532,2116051.869,16.731
22319,825,37037.908,25674.5,19.391,40.487,17.847,3.423,3867310.636,9.774
22320,826,10478.613,33755.996,6.005,48.338,27.574,5.015,8301568.969,6.27
22321,826,23243.945,29098.186,108.802,384.907,0,2.289,1729324.345,12.877
22322,826,26562.275,12747.432,129.661,592.969,0,3.457,3945123.072,13.888
22323,826,26797.893,13600.696,8.658,36.526,26.669,3.661,4422885.668,7.304
22324,826,27327.976,14688.123,89.542,245.478,3.725,3.101,3173409.441,14.903
22325,826,35720.538,26621.533,101.472,300.666,3.594,2.507,2073964.172,14.186
22326,826,35721.412,29157.449,96.724,275.52,0,1.375,624033.101,12.513
22327,827,11086.689,34166.087,190.527,1427.45,0,3.61,4301861.777,12.995
22328,827,11299.566,35808.435,149.694,983.973,0,1.509,751635.441,10.032
22329,827,11306.767,36163.847,3.242,20.063,33.746,5.129,8682601.743,11.488
22330,827,23251.423,29058.146,127.902,473.612,0,2.645,2308302.334,14.404
22331,827,29122.626,15757.764,9.066,30.629,19.933,2.524,2102236.333,7.513
22332,827,35600.517,27281.214,3.181,40.985,19.594,2.043,1377194.201,5.442
22333,827,35838.024,25755.851,125.959,424.496,0,2.018,1343862.831,14.039
22334,827,35879.321,29142.192,117.413,343.544,0,2.251,1671749.821,15.147
22335,828,10740.47,33068.454,59.108,57.808,21.314,3.643,4380095.827,27.007
22336,828,11362.426,36174.201,96.998,164.078,33.109,2.072,1417323.781,18.801
22337,828,26811.894,13637.875,167.24,893.918,0,2.93,2832548.626,13.881
22338,828,29041.241,15679.526,2.651,28.365,19.691,2.594,2220454.518,6.916
22339,828,35525.277,27361.536,5.61,14.521,24.412,2.08,1427234.835,10.404
22340,828,35718.979,26687.972,90.123,292.281,0,2.236,1650771.343,12.115
22341,829,10960.516,34198.279,2.041,25.662,39.522,2.231,1642515.876,7.095
22342,829,23244.759,29132.197,62.51,80.676,17.5,3.365,3736193.602,21.393
22343,829,29039.63,15677.546,2.667,18.129,19.154,2.13,1496820.75,8.7
22344,829,35572.299,27292.907,100.658,479.211,0,2.354,1828990.399,10.332
22345,830,10010.538,38944.487,155.296,822.436,0,3.789,4737324.428,14.741
22346,830,10311.52,38083.101,7.832,28.023,19.995,4.352,6250433.542,9.121
22347,830,10748.128,33077.332,171.086,1089.132,0,3.138,3249959.99,12.827
22348,830,10743.16,34319.1,30.899,34.466,35.753,4.353,6252053.503,19.175
22349,830,21959.243,29713.847,104.959,364.122,0,3.814,4802539.343,15.321
22350,830,23300.736,29105.925,97.407,374.74,0,4.114,5586409.225,13.978
22351,830,28967.618,15602.154,6.424,28.825,19.57,2.432,1952075.019,7.218
22352,830,35587.561,27351.884,156.047,699.679,0,4.165,5724813.363,17.592
22353,831,10003.519,38887.593,165.671,1099.131,0,3.203,3385985.623,12.302
22354,831,10365.987,38109.599,103.365,435.469,0,4.415,6433243.01,14.09
22355,831,35586.466,27303.776,119.659,470.129,0,2.14,1511001.729,12.562
22356,832,10048.652,38904.031,122.719,586.485,0,3.853,4899082.931,13.574
22357,832,10319.01,38082.261,5.649,28.5,25.237,2.121,1484731.527,6.981
22358,832,10711.877,33039.224,7.171,19.109,23.074,5.002,8257240.346,12.879
22359,832,11127.613,34572.409,122.668,691.639,0,3.461,3954758.682,11.594
22360,832,26713.485,13632.913,130.365,509.088,0,3.074,3117719.672,14.852
22361,833,10081.456,38877.653,4.855,25.837,23.14,1.942,1244000.007,7.18
22362,833,10359.28,38047.934,71.864,104.595,19.351,2.606,2241479.768,18.869
22363,833,23281.917,29117.42,9.131,49.202,28.885,4.803,7611668.856,6.653
22364,833,35887.054,29180.505,53.741,61.352,13.251,2.535,2120231.643,18.651
22365,834,10046.698,38896.327,120.21,513.325,0,6.921,15807756.04,20.691
22366,834,10755.335,33017.741,120.538,490.854,0,1.808,1078724.544,11.951
22367,834,11347.417,34973.131,101.834,558.314,0,3.875,4955764.027,10.915
22368,834,21951.067,30254.964,53.896,78.223,16.047,2.428,1945545.782,15.578
22369,834,23244.122,29148.516,39.091,40.471,23.642,2.691,2390572.675,17.428
22370,834,35277.929,28723.545,7.062,13.232,19.679,2.5,2062032.744,12.094
22371,835,10031.988,38873.953,67.814,53.556,21.763,1.114,409473.744,21.065
22372,835,10386.601,37636.9,126.785,555.905,0,3.688,4488868.861,14.49
22373,835,10356.266,38122.629,106.343,399.039,0,3.383,3777638.588,13.856
22374,835,10719.184,33041.438,8.896,34.879,24.422,2.944,2859531.849,7.143
22375,835,36197.247,26904.036,69.97,187.801,11.648,1.626,872981.389,11.185
22376,836,10884.896,33022.183,27.732,24.978,24.679,2.495,2055056.412,16.418
22377,836,22416.705,30345.095,67.198,93.782,16.778,2.569,2177439.124,18.54
22378,836,26836.567,13604.872,150.916,663.432,0,1.206,480031.849,12.294
22379,836,27003.811,13039.719,63.885,105.636,11.079,3.036,3042123.704,17.111
22380,836,36162.232,26899.756,1.45,7.307,25.367,3.891,4997546.19,21.585
22381,837,10051.182,38874.176,73.457,134.901,15.457,1.681,932042.168,14.379
22382,837,10570.47,33724.969,40.797,67.984,23.033,2.766,2525715.308,12.939
22383,837,11360.049,36080.915,2.584,23.277,29.914,2.393,1889740.387,7.658
22384,837,28479.569,15356.949,2.038,17.031,20.216,1.983,1297125.701,8.85
22385,837,28518.618,15997.734,121.894,462.352,0,2.529,2110849.082,13.563
22386,837,35603.971,27233.303,56.613,66.901,12.43,2.373,1857912.405,18.254
22387,838,10460.038,37700.025,106.325,322.203,9.738,1.862,1143622.464,13.334
22388,838,10532.357,33741.431,112.733,636.699,0,4.043,5394872.821,11.616
22389,838,10802.918,34169.671,256.569,2319.063,0,3.868,4938708.956,14.438
22390,838,10761.486,35676.813,65.9,71.072,25.413,2.056,1394405.712,20.097
22391,838,10811.281,33021.291,113.859,411.206,0,4.005,5293758.017,16.129
22392,838,23524.238,29702.206,22.19,35.707,18.031,1.618,863775.674,9.825
22393,838,26864.289,13573.731,57.62,54.85,17.199,2.574,2185695.421,22.3
22394,839,10501.836,33735.606,179.014,1152.361,0,2.555,2155211.191,12.306
22395,839,10796.901,33000.508,6.318,12.099,25.088,4.98,8185981.885,18.276
22396,839,10849.193,34208.832,130.737,734.27,0,3.243,3471625.011,11.844
22397,839,21767.24,30105.018,41.453,37.523,18.283,3.434,3892340.297,22.429
22398,839,28640.964,15841.149,4.155,24.677,23.337,2.161,1540809.53,7.407
22399,839,34608.579,29286.925,98.648,321.167,0,3.492,4025417.263,14.775
22400,840,10792.173,32961.344,6.515,23.371,24.073,3.613,4306866.497,9.255
22401,840,11113.108,34664.414,155.298,1078.595,0,4.481,6627590.773,13.069
22402,840,22702.211,30170.897,295.785,2500.066,0,2.524,2103108.951,14.161
22403,840,28734.369,15851.873,113.146,383.848,0,2.498,2060536.609,13.874
22404,841,10083.957,38918.539,28.177,32.339,21.278,2.959,2890102.42,14.905
22405,841,10847.988,35588.509,133.018,762.322,0,3.155,3285480.048,11.71
22406,841,10951.409,34274.733,214.337,1886.494,0,4.535,6788549.568,13.937
22407,841,11175.81,34734.959,144.831,868.164,0,4.67,7196037.697,14.159
22408,841,11277.669,34952.59,6.761,20.952,27.758,1.995,1313415.196,8.472
22409,841,34690.396,29306.659,94.199,304.141,0,4.331,6191991.703,15.989
22410,842,10853.098,35637.548,140.472,770.264,0,3.48,3996329.52,12.944
22411,842,11148.406,34644.913,164.802,1132.082,0,3.942,5127058.862,12.962
22412,842,11292.861,35716.235,112.181,571.098,0,4.357,6266454.108,12.883
22413,842,28359.818,15315.783,59.262,77.613,12.788,2.8,2587781.662,18.671
22414,842,35355.016,28920.381,85.354,185.238,9.088,2.332,1794476.975,15.315
22415,843,10395.545,37704.704,122.144,522.651,0,4.889,7886746.008,16.614
22416,843,10930.074,34178.366,178.838,1209.197,0,2.649,2315220.462,12.037
22417,843,11163.643,34693.765,99.035,532.682,0.59,6.008,11911699.289,13.372
22418,843,22783.165,30023.371,101.745,341.462,7.24,0.37,45154.565,11.132
22419,843,27463.411,14946.127,107.31,342.785,0,2.759,2512734.533,14.423
22420,843,34516.171,29324.959,136.416,681.225,0,5.657,10561357.232,17.469
22421,844,10413.61,37667.077,42.469,35.006,25.231,2.512,2082835.32,20.721
22422,844,10801.463,33015.267,116.27,657.979,0,4.924,8001974.154,12.961
22423,844,11139.98,34686.005,211.164,1582.231,0,4.485,6638119.672,15.483
22424,844,21693.386,29987.022,79.704,150.042,11.106,2.528,2109606.72,16.611
22425,844,22389.388,30340.27,137.914,522.865,0,3.074,3117834.415,15.751
22426,844,22855.237,29678.768,3.586,20.618,24.231,2.819,2623464.198,8.717
22427,844,23446.501,29087.745,101.734,330.702,2.422,3.194,3366203.483,14.542
22428,844,27054.029,13031.085,61.271,94.553,10.487,2.347,1817955.528,15.856
22429,844,35685.862,26493.384,30.563,30.494,15.363,1.02,343679.722,13.079
22430,844,35712.14,27165.284,74.001,187.538,4.599,1.346,598243.238,11.617
22431,845,10339.124,37939.222,116.8,388.85,7.881,2.8,2587299.718,14.886
22432,845,11133.848,34658.011,135.643,766.309,0,5.592,10320063.269,15.622
22433,845,22037.664,29679.733,116.387,431.502,0,2.573,2185046.279,13.445
22434,845,26478.968,12801.64,5.596,30.784,14.894,2.356,1832313.929,6.781
22435,845,34670.676,29357.899,46.827,56.252,18.089,3.487,4011755.661,19.366
22436,846,10770.159,33013.102,110.082,483.395,0,5.24,9061256.011,15.678
22437,846,11160.965,34643.068,99.713,363.283,12.1,2.745,2485941.059,12.608
22438,846,11247.648,36175.298,134.332,273.452,20.466,2.14,1510707.74,20.691
22439,846,21990.301,29657.197,147.909,718.365,0,2.081,1429170.142,12.429
22440,846,22590.553,30156.273,63.624,133.988,39.099,4.612,7019890.769,17.64
22441,846,23474.655,29025.068,90.62,277.618,0,3.374,3758255.876,14.376
22442,846,27119.115,12958.897,9.379,41.491,17.011,3.853,4899164.741,6.978
22443,846,36399.581,25280.809,2.816,34.064,15.321,2.127,1493465.135,6.033
22444,847,22613.503,30181.87,130.735,850.755,0,3.615,4313157.532,11.135
22445,848,10791.226,35269.135,137.832,755.315,0,3.191,3361072.178,12.39
22446,848,10803.775,32960.808,6.864,25.842,19.858,1.376,624568.893,7.213
22447,848,10879.714,38396.341,3.905,42.264,17.832,0.594,116349.925,5.157
22448,848,10960.095,34158.723,2.225,43.524,30.864,2.584,2203018.616,5.357
22449,848,11123.007,34571.251,9.211,17.176,42.402,3.797,4757004.918,12.816
22450,848,11278.812,36104.209,135.079,712.383,0,2.197,1592282.313,11.341
22451,848,21517.969,30468.808,5.941,18.886,16.704,1.973,1284357.849,8.825
22452,848,22007.789,29684.788,41.5,76.876,18.156,1.933,1233729.947,11.158
22453,848,22590.73,30215.483,123.768,837.235,0,3.537,4128790.287,10.4
22454,848,23339.923,29083.568,83.358,155.098,9.672,2.369,1851752.015,16.813
22455,848,34529.973,29387.077,91.326,304.774,0,2.369,1851722.706,12.157
22456,849,10037.335,38872.027,24.524,26.874,20.792,3.827,4832493.303,16.867
22457,849,10399.627,37920.246,0.868,58.397,21.29,4.133,5636028.461,4.869
22458,849,10810.272,33012.604,144.958,700.522,0,2.216,1620022.742,12.491
22459,849,10958.134,34237.53,4.914,22.519,37.867,3.041,3050869.486,8.616
22460,849,11118.687,34600.4,109.573,434.947,18.951,3.772,4694454.654,14.225
22461,849,11246.699,35705.708,122.278,414.375,14.945,3.677,4460891.957,17.053
22462,849,11281.141,36159.909,6.665,54.961,25.855,2.622,2268480.964,5.057
22463,849,21899.807,29783.5,118.638,423.178,7.898,4.402,6395019.21,17.662
22464,849,26546.717,12704.235,79,136.484,9.849,2.324,1782269.843,16.993
22465,849,27557.481,13621.065,103.481,429.256,0,1.389,637149.726,10.543
22466,849,36322.147,26397.197,5.989,19.732,28.15,4.034,5370513.438,10.821
22467,850,10799.271,33040.366,4.617,22.516,24.631,2.429,1947359.78,8.07
22468,850,10935.951,34209.991,133.241,963.758,0,4.9,7925172.926,11.865
22469,850,10881.319,38400.484,4.467,31.466,20.522,3.848,4886004.098,7.39
22470,850,11125.301,34609.097,142.473,1155.271,0,7.254,17366498.109,14.248
22471,850,21661.66,29862.348,132.771,513.575,0,2.043,1377403.914,13.343
22472,850,22039.834,29729.035,89.69,329.812,0,3.621,4330744.072,12.925
22473,850,22558.609,30243.594,70.809,249.662,25.703,6.733,14962469.075,15.84
22474,850,23454.019,29050.127,48.197,43.55,20.096,3.649,4394465.373,25.353
22475,850,23406.77,29772.047,111.661,409.266,0,4.336,6205281.615,16.397
22476,850,36312.453,26702.898,54.215,55.002,29.399,3.554,4168310.862,24.4
22477,851,10858.073,38340.306,139,564.477,0,3.977,5218569.429,16.99
22478,851,10893.74,34270.009,67.898,91.764,36.182,3.485,4007469.906,22.228
22479,851,11091.057,34562.812,144.435,1259.171,0,2.655,2325921.33,9.059
22480,851,11209.427,35737.645,174.78,1380.439,0,2.996,2962043.484,11.118
22481,851,11313.561,36176.323,57.89,53.751,24.432,3.166,3308513.021,25.474
22482,851,21955.703,29783.328,137.244,629.579,0,2.331,1792547.598,12.637
22483,851,22549.134,30210.978,105.67,459.821,13.7,4.118,5596461.633,13.509
22484,851,23437.405,29764.494,4.419,26.548,21.858,2.312,1763959.977,7.212
22485,851,27529.242,13596.552,204.139,1269.014,0,4.545,6817168.602,17.575
22486,851,36301.807,26702.203,54.648,62.502,28.322,4.074,5478277.415,24.244
22487,852,10876.541,34188.312,141.655,970.079,0,3.326,3650111.385,11.021
22488,852,10880.494,35623.7,2.097,19.262,34.695,2.721,2443179.376,8.857
22489,852,10854.801,38406.267,162.196,831.266,0,3.198,3375694.636,14.464
22490,852,11148.897,34575.656,145.409,1170.851,0,4.508,6705105.039,11.237
22491,852,11278.887,36082.877,4.528,17.411,29.698,3.803,4773183.309,11.17
22492,852,21999.252,29836.306,6.977,22.935,21.948,3.261,3510143.105,9.136
22493,852,23495.176,29707.911,122.238,475.553,0,3.508,4061244.138,15.064
22494,852,27576.051,13689.597,57.337,82.803,15.375,1.565,808060.547,14.411
22495,852,35624.086,29220.885,92.688,232.513,5.615,0.826,225401.91,12.59
22496,852,36363.569,26673.032,112.45,733.227,0,3.133,3238480.506,9.693
22497,853,10830.625,38363.236,108.568,462.148,0,2.9,2775954.382,12.205
22498,853,11120.106,34643.135,10.627,21.811,30.678,3.102,3175393.013,10.379
22499,853,11258.354,36088.945,65.536,163.025,19.816,2.853,2686951.911,12.788
22500,853,21968.477,29816.015,92.45,277.602,7.789,1.323,577771.581,11.82
22501,853,22556.651,30164.082,8.664,50.323,18.646,2.018,1344476.456,5.427
22502,853,35668.462,29296.975,115.536,408.581,0,2.882,2741941.493,14.335
22503,853,36356.526,26684.952,140.417,882.149,0,1.933,1233118.031,10.235
22504,854,10774.019,35579.627,75.196,180.521,17.481,1.664,913539.485,12.411
22505,854,10917.787,34271.471,63.842,52.496,31.63,4.196,5810326.49,36.484
22506,854,10885.228,38350.101,108.249,479.479,0,3.741,4620998.316,12.998
22507,854,11039.575,37680.905,1.968,37.657,21.756,2.739,2476027.147,5.867
22508,854,11121.637,34561.79,3.321,43.423,38.349,3.762,4670494.545,5.846
22509,854,11246.769,36031.352,105.822,535.332,0,3.955,5162780.041,11.928
22510,854,21987.334,29857.11,85.616,197.335,11.109,1.313,569106.269,13.148
22511,854,22577.256,30127.297,107.981,418.345,0,1.963,1271207.033,11.737
22512,854,23589.737,29640.532,76.511,140.645,10.226,1.975,1287361.777,15.247
22513,854,27191.84,12984.291,119.182,449.991,0,3.434,3892032.516,14.987
22514,854,27611.686,13784.185,41.141,37.866,15.402,2.338,1803329.66,18.302
22515,854,28859.626,15565.497,108.902,344.092,0,3.249,3484187.429,15.635
22516,854,35688.321,26478.853,6.452,29.141,19.127,3.278,3545134.005,7.708
22517,854,35691.767,29281.317,117.155,391.75,0,2.903,2782427.428,15.072
22518,855,10879.698,38397.304,2.14,29.513,24.852,2.316,1770415.175,6.585
22519,855,11120.048,34636.994,3.938,46.664,33.148,3.237,3457305.759,5.453
22520,855,11261.447,36043.162,204.528,1662.889,0,6.316,13166733.089,17.382
22521,855,21986.168,29790.793,146.341,927.436,0,3.641,4374413.933,12.246
22522,855,28879.817,15560.07,3.113,44.753,29.808,3.642,4378424.88,5.675
22523,855,33122.826,27521.754,8.3,43.351,14.453,1.065,374159.546,5.616
22524,855,35627.384,29274.943,116.708,396.781,0,1.924,1221990.637,13.212
22525,856,10857.406,38376.198,91.175,326.256,4.17,3.386,3782888.178,12.965
22526,856,11280.873,35999.382,0.894,27.519,37.542,3.223,3428794.037,7.334
22527,856,27560.389,13741.055,1.208,13.007,24.099,2.986,2942769.248,11.866
22528,856,35710.308,26518.694,94.338,293.113,0,2.264,1691614.974,12.808
22529,857,10858.233,38378.906,132.512,663.715,0,2.676,2363302.391,12.136
22530,857,11070.652,34574.01,120.666,686.673,0,3.648,4392597.58,11.616
22531,857,11208.373,35711.272,43.337,52.968,33.644,1.783,1049432.07,14.353
22532,857,11356.85,35996.027,4.414,28.435,34.089,3.211,3403197.411,7.457
22533,857,22567.569,30127.352,40.186,29.655,20.332,2.596,2224634.182,22.226
22534,857,27556.513,13745.7,47.858,34.765,19.544,1.178,458098.728,18.86
22535,857,28977.666,15602.896,118.83,741.93,0,3.462,3957852.399,10.615
22536,857,35646.753,27147.639,112.666,354.537,0,3.964,5186835.251,17.685
22537,857,36344.916,26068.988,114.677,517.453,0,4.083,5500455.033,13.864
22538,858,10547.725,33727.895,75.567,167.147,10.398,2.554,2152730.274,14.481
22539,858,10642.809,32957.578,11.38,27.003,22.546,2.491,2047990.244,8.69
22540,858,10846.573,38355.253,146.065,811.662,0,2.219,1624686.761,11.527
22541,858,11040.264,34639.911,6.398,16.444,31.684,2.449,1979505.123,10.231
22542,858,11208.729,35689.316,190.726,1505.19,0,2.209,1610079.376,10.911
22543,858,11240.041,36639.986,2.859,23.253,24.721,3.985,5241091.756,9.001
22544,858,27280.501,13282.551,14.524,21.597,23.413,3.607,4292903.826,12.854
22545,858,28992.041,15679.687,1.278,21.005,22.212,2.139,1509267.886,7.883
22546,858,35584.106,27203.697,88.762,254.553,6.635,4.209,5845918.294,16.539
22547,858,36384.042,26033.995,107.515,472.989,0,3.064,3097677.799,12.079
22548,858,36397.781,26636.016,108.912,365.39,0,4.988,8211467.378,18.739
22549,859,10718.689,32985.635,27.358,34.428,20.133,1.939,1241380.492,12.203
22550,859,10819.571,38305.647,235.907,1620.43,0,3.67,4443852.845,16.213
22551,859,11036.168,34555.513,10.399,42.726,34.134,3.631,4350598.825,6.949
22552,859,11232.592,35666.744,129.14,752.173,0,4.49,6651832.601,13.061
22553,859,27509.224,13682.699,180.964,1059.423,0,4.173,5747261.518,16.032
22554,859,28510.063,15303.739,83.341,263.08,0,2.619,2264206.525,12.26
22555,859,28923.828,15488.4,185.111,972.471,0,3.495,4032800.666,16.193
22556,859,33061.685,27375.576,77.347,120.909,7.597,3.311,3616818.039,21.07
22557,859,33739.023,27074.65,101.018,274.977,0,2.265,1692730.505,14.503
22558,859,35592.348,27244.201,39.334,41.317,14.522,3.277,3543767.847,18.97
22559,859,36339.526,26059.598,66.226,80.37,22.721,3.54,4134847.71,24.028
22560,860,10855.234,38363.322,100.351,566.619,0,6.158,12514526.866,13.181
22561,860,27551.492,15054.43,87.453,346.863,0,4.944,8068907.033,13.909
22562,860,28993.14,15525.362,151.687,658.253,0,2.911,2796114.472,14.962
22563,860,33125.059,27455.984,43.759,49.914,12.588,1.709,963539.302,14.894
22564,861,10301.517,38031.759,96.824,424.822,0,3.288,3568032.296,11.602
22565,861,10852.596,32959.85,41.985,42.864,17.231,3.235,3453243.048,19.887
22566,861,10862.983,38357.767,152.547,787.282,0,3.421,3861790.586,14.184
22567,861,11029.276,34547.979,187.666,1666.039,0,4.083,5500386.055,11.999
22568,861,11198.535,35678.184,1.961,21.548,33.661,4.051,5415360.939,9.483
22569,861,27357.805,13284.542,4.9,20.662,23.543,2.492,2049024.801,8.607
22570,861,27515.823,15002.138,119.62,403.834,0,2.166,1548622.691,13.838
22571,861,27518.219,13598.399,8.191,38.197,29.459,3.451,3930527.421,6.882
22572,861,28400.206,15971.565,141.633,472.935,0,3.685,4480739.108,19.219
22573,861,28989.903,15605.718,30.708,19.092,19.259,2.431,1951067.305,21.859
22574,861,33161.664,27497.571,62.226,60.529,14.156,2.573,2185396.128,22.999
22575,862,10551.518,33598.259,7.731,12.964,24.229,3.234,3452598.648,13.933
22576,862,10891.83,38385.418,84.07,200.342,12.604,1.623,869600.007,13.167
22577,862,11161.275,34399.312,1.277,16.269,33.829,1.219,490059.265,8.454
22578,862,11201.419,35707.595,41.117,34.254,30.76,3.197,3373201.281,22.881
22579,862,12293.161,10716.588,83.329,69.101,14.014,1.757,1018664.228,26.191
22580,862,22085.848,29725.668,37.633,39.844,18.144,1.754,1015034.032,14.724
22581,862,26620.815,13386.16,127.962,450.223,0,3.477,3990776.261,16.669
22582,862,27516.89,14961.135,10.681,41.131,24.538,3.574,4214927.911,7.154
22583,862,27533.165,13678.401,139.304,954.064,0,4.196,5809845.385,11.876
22584,863,10587.375,38648.551,50.53,90.503,18.461,1.018,341791.74,11.478
22585,863,10859.68,34229.756,180.954,1332.805,0,2.853,2687101.515,11.722
22586,863,10884.218,38395.89,5.997,23.81,25.157,5.896,11471461.792,11.54
22587,863,11005.386,34527.634,54.164,90.298,32.364,3.455,3940337.647,16.36
22588,863,11297.067,35763.344,79.728,131.349,21.521,2.291,1732640.789,17.558
22589,863,27520.034,14919.083,136.311,668.947,0,3.526,4102369.097,13.781
22590,863,27522.207,13679.453,5.277,40.372,31.772,1.913,1207271.338,5.633
22591,863,29048.15,16012.998,41.402,54.915,15.215,1.481,723373.204,12.958
22592,863,35676.405,26869.921,37.873,36.457,14.021,3.086,3141963.538,19.304
22593,863,36336.409,25370.12,149.755,659.545,0,4.447,6525974.632,17.943
22594,863,36402.652,26080.301,17.193,39.586,17.964,4.065,5453904.166,9.732
22595,864,10869.761,38367.414,41.624,51.944,21.837,2.807,2600291.197,15.998
22596,864,11028.223,34530.656,170.083,1272.342,0,3.501,4044939.347,11.908
22597,864,11281.888,35763.369,8.749,27.475,34.245,1.852,1131872.152,7.538
22598,864,27066.077,12901.727,56.441,72.886,15.125,1.566,809490.33,15.286
22599,864,27457.441,13599.864,0.872,10.51,31.572,5.924,11580502.442,21.374
22600,864,27495.12,14963.495,54.689,71.554,18.808,2.16,1540151.709,16.188
22601,864,29003.995,15564.813,112.499,340.068,0,2.136,1505384.768,14.245
22602,864,28995.349,16039.536,107.388,314.679,0,2.064,1405448.755,14.008
22603,864,36428.571,26055.941,112.038,492.703,0,4.152,5689697.087,14.013
22604,865,10553.122,33675.552,130.07,674.305,0,2.779,2548373.588,11.861
22605,865,10756.018,38497.371,86.413,268.533,11.532,6.274,12989912.001,19.469
22606,865,11071.808,34507.756,116.041,697.811,0,6.375,13411164.043,14.274
22607,865,21999.821,29761.776,2.462,39.767,17.579,3.004,2978407.343,5.804
22608,865,23597.267,28884.602,4.232,27.591,23.382,4.597,6973416.589,8.657
22609,865,27460.632,14924.339,38.821,42.699,16.696,2.135,1504393.825,15.336
22610,865,27535.332,13637.294,136.091,752.309,0,2.383,1874700.878,11.264
22611,865,28941.294,16020.375,36.027,31.901,23.684,3.658,4416156.607,22.129
22612,865,35666.296,27038.113,62.793,99.822,10.119,2.518,2092456.334,16.148
22613,865,36323.864,25279.261,6.495,26.953,19.188,2.555,2154868.769,7.604
22614,865,36396.874,26010.876,107.989,539.915,0,2.449,1978969.67,10.525
22615,866,10880.475,38321.493,2.257,50.823,30.346,2.141,1512220.028,4.813
22616,866,10957.735,34552.129,8.359,37.056,41.089,3.04,3049875.408,6.827
22617,866,11282.703,35839.212,7.105,36.201,31.919,4.744,7427717.635,7.719
22618,866,21978.43,29737.333,82.179,241.415,1.585,3.817,4808086.554,14.674
22619,866,22647.922,30181.393,89.479,279.739,2.228,3.878,4962203.726,14.949
22620,866,27003.914,12798.452,4.419,11.467,20.176,3.835,4854095.501,15.415
22621,866,27448.851,13592.118,8.129,21.871,26.207,2.845,2671456.562,9.307
22622,866,28465.411,15994.298,94.216,303.147,0,3.638,4369186.678,14.714
22623,866,29018.943,15612.739,105.53,358.739,0,1.602,846703.915,12.1
22624,866,35404.492,28815.505,149.035,808.703,0,2.195,1590321.756,11.807
22625,867,10587.271,33592.137,179.997,1074.289,0,4.052,5417636.342,15.502
22626,867,10880.358,38317.02,4.755,40.998,27.222,2.722,2444996.499,5.783
22627,867,11033.547,34532.274,165.593,1341.04,0,2.495,2054170.075,10.129
22628,867,11267.494,35753.267,155.747,1104.073,0,2.454,1987358.736,10.552
22629,867,11214.27,36485.348,93.741,137.006,19.41,1.522,764313.261,18.516
22630,867,23202.076,29204.888,7.309,32.216,26.872,2.943,2858542.024,7.181
22631,867,24176.945,29084.098,32.39,18.468,15.766,1.249,514965.19,18.876
22632,867,26995.094,12817.041,52.382,47.327,17.372,1.155,440440.533,17.248
22633,867,27455.317,14905.573,36.95,51.828,23.924,2.892,2760468.029,14.149
22634,867,34561.203,29473.315,3.682,25.983,18.104,3.804,4775206.71,8.271
22635,868,10376.918,37959.303,93.442,424.071,2.115,2.275,1707324.728,10.132
22636,868,11040.893,34476.673,4.583,44.135,37.855,3.227,3435658.219,5.696
22637,868,23602.182,28970.432,143.546,658.872,0,2.63,2282781.055,13.429
22638,868,27441.476,13597.509,8.371,19.108,27.229,1.346,598243.85,8.806
22639,868,28969.715,15631.268,110.454,359.892,0,3.951,5151814.879,16.944
22640,868,35479.144,28870.326,145.401,654.154,0,2.687,2383066.264,13.813
22641,868,36316.111,25305.8,158.928,719.325,0,2.246,1664600.282,13.805
22642,869,10482.727,33678.527,1.044,8.894,25.81,3.559,4178950.851,17.287
22643,869,10661.017,32984.233,70.045,214.484,10.954,2.867,2712482.362,11.609
22644,869,21724.384,29817.68,83.422,220.608,0,2.088,1439540.156,12.942
22645,869,23283.985,29115.37,8.07,33.055,26.216,3.096,3162649.823,7.303
22646,869,27473.435,14924.487,103.037,383.294,0,1.416,662209.399,11.189
22647,869,28512.632,15987.417,131.506,456.779,0,2.372,1857522.699,14.771
22648,869,36396.575,26387.774,103.333,412.538,10.96,1.473,715979.072,10.821
22649,870,10570.273,33598.197,7.549,16.495,28.588,1.574,817493.645,9.549
22650,870,10646.954,32971.113,137.277,1035.313,0,3.789,4736830.413,10.577
22651,870,10765.465,35733.697,120.469,586.234,0,2.64,2299843.243,11.619
22652,870,23199.069,29154.647,145.918,900.647,0,2.144,1517188.441,10.748
22653,870,27447.693,13645.229,89.723,252.21,10.312,3.815,4802114.66,16.079
22654,870,27524.181,14885.439,7.405,24.147,19.996,2.254,1676705.703,8.096
22655,870,29090.754,16100.52,111.937,364.571,0,2.126,1492558.885,13.54
22656,870,35364.918,28579.93,154.901,834.694,0,2.839,2660503.797,12.996
22657,870,36323.637,26433.688,53.682,108.093,19.754,2.66,2335706.77,12.893
22658,871,10357.813,37993.579,140.904,703.247,0,4.236,5921737.364,15.163
22659,871,10639.982,32960.037,0.152,53.24,31.299,3.845,4877785.159,5.061
22660,871,10736.344,35753.436,17.68,19.25,31.77,2.565,2170832.119,13.682
22661,871,10799.342,38404.891,4.26,28.598,23.654,5.675,10626577.172,9.376
22662,871,11043.538,34497.479,12.074,15.27,38.158,1.716,971417.977,11.596
22663,871,11283.401,36556.655,5.938,19.257,26.298,2.817,2618404.451,9.528
22664,871,23209.135,29155.968,159.299,1041.252,0,4.125,5615686.704,13.386
22665,871,27474.6,14890.06,99.974,397.832,0,1.624,870442.169,10.772
22666,871,35408.337,28583.605,103.919,475.652,0,2.98,2930917.247,11.427
22667,871,35748.555,29167.679,133.571,476.143,0,5.183,8866258.5,21.446
22668,871,36401.046,26480.577,7.423,46.435,25.4,3.446,3919779.314,5.964
22669,872,10395.053,37972.619,110.306,559.157,1.946,2.398,1897642.425,10.52
22670,872,10555.586,33521.473,4.13,21.248,34.598,1.27,532279.743,7.559
22671,872,10654.649,32948.225,107.541,578.519,0,3.628,4344348.988,11.181
22672,872,11057.455,34160.843,75.864,124.677,24.07,2.013,1336695.113,16.381
22673,872,11110.022,34508.648,108.315,422.464,16,2.919,2812193.611,12.938
22674,872,11152.555,35722.813,90.539,229.332,20.579,1.954,1260444.647,13.71
22675,872,23159.352,29159.994,100.423,394.769,7.766,2.589,2212148.031,11.863
22676,872,23732.402,28852.208,153.911,612.649,0,2.955,2882029.999,16.14
22677,872,27407.998,14856.229,125.425,491.889,0,2.596,2223257.278,13.616
22678,872,28393.229,15937.294,62.089,102.842,13.727,3.827,4833641.606,18.843
22679,872,29044.082,16080.534,9.611,30.781,16.137,3.224,3430903.279,8.09
22680,872,35372.885,28508.381,142.894,756.839,0,3.625,4336476.693,13.64
22681,872,36358.228,26427.941,101.428,419.529,0,2.301,1748018.092,11.242
22682,873,10487.602,33523.988,5.861,18.797,27.202,1.835,1111195.799,8.721
22683,873,10723.457,35840.13,2.669,35.032,29.145,5.922,11574336.094,8.005
22684,873,10929.466,34198.306,116.723,515.593,10.581,3.139,3251781.486,12.794
22685,873,11084.575,34537.048,131.946,875.245,0,7.773,19941335.937,16.622
22686,873,11196.594,36478.908,4.595,11.562,28.921,3.069,3107664.315,13.66
22687,873,23136.18,29147.429,108.952,523.754,0,5.091,8554938.237,14.258
22688,873,26958.864,12720.871,4.563,24.025,20.699,3.76,4666215.065,8.827
22689,873,27449.967,14889.69,136.695,751.548,0,1.876,1162103.028,10.838
22690,873,28403.512,15920.213,6.696,30.444,23.318,2.212,1614935.19,6.92
22691,873,28944.328,16083.874,49.35,61.168,19.611,2.581,2198531.35,16.932
22692,873,34610.385,29451.516,64.671,70.944,14.219,1.702,956175.451,18.51
22693,873,35443.12,28520.664,60.963,102.77,30.179,4.172,5743074.384,19.292
22694,873,36323.316,26480.474,7.554,29.635,18.812,2.927,2826749.444,7.602
22695,874,10404.114,37960.15,55.394,91.724,21.901,2.204,1602481.326,14.075
22696,874,10481.195,33523.417,5.419,25.732,26.402,2.061,1401332.269,7.338
22697,874,10926.922,34204.411,50.979,102.595,23.64,3.687,4486903.87,14.191
22698,874,11144.884,34561.013,54.644,52.719,30.463,3.229,3441494.705,24.106
22699,874,11159.105,35794.227,28.914,22.039,30.962,1.605,850649.165,16.143
22700,874,11262.912,36633.392,179.526,1158.544,0,2.332,1794950.356,12.029
22701,874,23130.032,29178.619,38.038,55.155,31.021,2.252,1674325.879,12.93
22702,874,27454.554,14920.986,59.007,103.622,18.616,1.776,1041444.237,13.329
22703,874,28452.569,15909.999,37.181,55.346,17.44,1.329,583275.969,11.491
22704,874,28938.898,16071.352,103.624,467.81,0,2.087,1438399.867,10.599
22705,874,34621.833,29438.916,150.928,819.831,0,3.084,3139385.16,13.068
22706,874,35410.473,28549.222,58.743,108.553,17.412,1.357,608034.95,12.389
22707,874,35600.499,29233.754,1.825,15.314,18.077,2.419,1931404.026,9.902
22708,875,10412.668,37974.027,152.95,832.292,0,1.594,838310.348,11.341
22709,875,10519.09,33544.351,155.788,971.424,0,2.992,2955011.172,12.047
22710,875,10804.217,38333.211,78.248,112.185,22.889,3.023,3015783.067,21.623
22711,875,11118.99,35680.794,4.494,37.024,30.04,2.215,1619829.519,5.922
22712,875,11288.074,34999.105,111.642,450.744,0,3.548,4154629.436,13.86
22713,875,27448.063,14896.287,51.011,99.12,17.868,3.716,4556649.46,14.616
22714,875,28431.08,15898.661,89.02,282.376,4.534,2.057,1395756.288,11.978
22715,875,34598.556,29411.114,45.508,39.953,24.439,3.552,4162974.094,24.678
22716,875,34984.188,29899.9,87.159,169.575,7.41,2.603,2236253.289,17.364
22717,875,35418.29,28548.843,79.856,166.403,8.206,1.521,763069.433,13.705
22718,875,36295.462,26541.715,66.496,112.387,10.342,1.571,814590.976,14.159
22719,876,10000.752,39201.931,8.624,36.416,22.848,3.247,3480228,7.067
22720,876,10775.025,35790.875,161.443,912.303,0,4.302,6107824.188,15.373
22721,876,11101.797,34526.156,190.94,1812.072,0,2.281,1717156.86,9.848
22722,876,27407.45,14799.054,4.355,7.026,24.952,3.174,3323758.474,20.333
22723,876,28480.674,15521.856,8.069,45.886,20.331,3.846,4881685.334,6.286
22724,876,28888.592,16107.723,86.266,253.685,0,1.51,753025.125,11.711
22725,876,34606.285,29431.61,93.414,290.026,4.778,5.019,8311984.53,17.842
22726,876,35462.298,28665.041,103.659,356.613,0,2.431,1951009.251,12.936
22727,877,10389.478,37984.795,110.521,508.615,0.143,1.449,692733.113,10.348
22728,877,11096.812,34459.841,0.601,9.006,38.156,2.251,1671782.131,13.677
22729,877,11277.376,36644.187,4.735,32.691,23.821,2.323,1780139.392,6.427
22730,877,22000.021,29759.386,3.471,22.615,21.283,3.634,4357170.09,8.917
22731,877,26789.191,12553.743,8.609,16.711,23.173,2.506,2073041.509,10.823
22732,877,27244.395,13204.959,48.397,62.074,13.733,3.977,5219147.136,20.196
22733,877,27439.278,14883.48,9.544,55.737,19.628,4.503,6692143.938,6.067
22734,877,28551.124,15550.257,81.046,254.992,15.17,4.222,5881882.61,14.505
22735,877,28867.436,16067.604,102.336,227.711,7.222,1.176,456053.667,14.528
22736,877,34992.467,29900.776,59.545,60.786,12.11,1.147,434353.639,17.067
22737,877,35444.956,28706.054,51.56,53.018,14.562,2.66,2335338.034,20.064
22738,877,36243.213,26484.006,3.794,18.783,19.588,5.597,10337551.101,12.902
22739,878,10521.121,33620.532,72.471,59.776,21.639,3.107,3185300.963,32.282
22740,878,11018.554,37623.048,53.087,88.424,18.242,2.13,1496809.76,13.599
22741,878,22044.003,29744.131,98.285,381.812,0.995,2.431,1950919.499,11.616
22742,878,26804.19,12620.859,177.049,1135.195,0,3.441,3906890.86,13.518
22743,878,27445.378,14848.338,82.487,175.944,21.98,0.761,191190.646,12.899
22744,878,34639.002,29366.397,4.413,36.609,20.925,4.678,7221500.332,7.153
22745,878,35384.138,28684.584,119.892,482.025,0,4.008,5300780.407,15.443
22746,878,35651.767,29260.106,71.654,187.515,6.63,1.665,915029.068,11.522
22747,879,10758.32,35806.44,103.751,427.351,0,3.39,3793663.651,12.79
22748,879,11196.239,34304.935,55.803,62.691,25.668,2.094,1446691.483,17.918
22749,879,26816.654,12595.668,31.802,24.347,23.286,3.677,4461119.278,23.685
22750,879,27461.098,14875.798,58.749,117.54,20.265,3.201,3380692.913,14.535
22751,879,35379.145,28703.831,78.456,220.613,20.331,3.855,4905353.306,14.766
22752,879,35677.903,29266.562,10.142,27.582,17.155,1.987,1302694.765,7.906
22753,880,10400.193,38004.043,5.235,28.038,21.82,2.087,1437667.528,6.972
22754,880,10517.857,33481.116,136.132,740.401,0,2.902,2779553.59,11.981
22755,880,10843.808,34181.189,148.798,814.95,0,5.415,9675971.249,16.876
22756,880,22090.48,29731.729,126.618,479.164,0,1.612,857035.91,12.584
22757,880,23212.117,29038.559,40.735,30.938,20.108,1.978,1291087.629,19.532
22758,880,26929.767,12712.548,121.792,442.894,0.896,2.348,1819657.464,13.635
22759,880,27467.107,14929.746,89.643,295.13,0,3.404,3824668.624,13.619
22760,880,28730.896,15979.679,31.776,32.64,20.434,4.573,6902186.996,21.405
22761,880,35342.081,28718.892,61.227,120.582,10.15,0.946,295114.976,11.826
22762,881,10320.003,38001.92,2.375,29.952,22.524,1.502,744624.307,6.23
22763,881,10483.833,33517.956,127.992,774.029,0,1.546,788308.784,9.685
22764,881,11100.155,34431.541,142.735,922.287,0,1.777,1041822.075,10.049
22765,881,11200.438,36721.25,2.428,13.572,25.03,3.611,4302448.404,12.69
22766,881,22772.317,30144.266,103.613,338.873,0,3.86,4916122.904,15.956
22767,881,23263.958,29093.303,264.215,1522.893,0,1.016,340371.011,14.107
22768,881,27475.335,14898.785,104.798,370.921,0,4.303,6112561.829,16.024
22769,881,28640.844,15439.098,5.296,21.403,37.272,2.511,2080122.731,8.502
22770,881,28782.12,16056.282,37.406,43.783,16.305,1.45,693835.716,13.343
22771,881,35366.124,28693.555,57.584,114.768,13.522,1.981,1294724.559,12.473
22772,882,10348.748,38029.045,108.259,509.12,0,4.506,6700015.715,13.541
22773,882,10567.414,33536.462,209.931,1501.624,0,4.11,5574616.769,15.265
22774,882,10779.118,35736.921,128.819,600.56,0,1.969,1280131.479,11.632
22775,882,11101.413,34539.448,214.973,1942.919,0,5.452,9809085.632,15.129
22776,882,21469.807,30149.813,109.134,348.624,0,3.75,4645056.263,16.604
22777,882,23182.686,29136.388,54.738,77.115,14.962,1.363,613495.391,13.98
22778,882,26801.737,12644.846,4.84,32.19,21.79,3.022,3014398.667,6.84
22779,882,28552.318,15445.734,9.038,23.891,24.894,2.055,1394313.228,8.37
22780,882,35393.007,28638.125,68.36,174.334,10.81,3.092,3154912.421,13.247
22781,883,10481.435,33439.217,1.832,19.198,25.291,3.179,3336118.896,9.316
22782,883,11046.042,34475.502,3.014,12.625,35.774,3.724,4576411.36,13.729
22783,883,23156.198,29134.583,92.345,203.045,19.04,2.313,1766007.828,15.885
22784,883,26792.247,12645.514,8.539,32.355,30.052,4.439,6503144.055,8.479
22785,883,27400.075,14845.556,127.921,539.556,0,1.717,973110.367,12.005
22786,883,34631.734,29262.424,131.375,594.67,0,3.529,4111695.61,14.237
22787,883,35387.387,28669.906,110.97,620.303,0,4.741,7419766.73,12.422
22788,883,36363.615,26501.791,99.735,466.22,0,3.195,3369688.726,11.227
22789,884,10453.991,33493.378,78.236,315.829,9.565,5.41,9660645.495,13.337
22790,884,11005.624,34388.292,270.141,2952.314,0,2.576,2190016.908,11.411
22791,884,11044.017,34646.081,10.955,43.438,32.594,3.774,4701468.121,7.082
22792,884,23168.704,29128.347,123.13,572.069,0,4.293,6081711.769,14.615
22793,884,26813.548,12707.529,102.729,395.273,0,2.826,2635580.639,12.502
22794,884,27444.621,14870.643,6.593,40.806,33.853,3.076,3122480.379,6.165
22795,884,28518.444,15491.191,135.36,594.915,0,1.834,1109994.896,12.231
22796,884,28841.753,16092.888,122.79,439.078,0,2.607,2243521.589,14.297
22797,884,36342.828,26480.557,102.827,355.444,14.386,1.418,663291.225,11.642
22798,885,10315.653,38054.262,107.66,418.483,0,2.8,2588202.199,12.747
22799,885,10459.734,33511.102,78.886,229.275,17.577,3.424,3868247.091,13.734
22800,885,10895.706,34262.137,47.135,69.52,29.226,3,2969427.806,15.545
22801,885,11072.169,34586.635,154.429,1071.616,0,4.524,6753823.299,13.084
22802,885,23190.788,29117.403,9.938,14.503,23.34,2.781,2551674.751,12.893
22803,885,26747.885,12684.981,40.031,41.898,19.647,1.806,1076364.449,15.313
22804,885,27440.445,14949.256,4.803,16.006,24.487,3.346,3694560.537,11.262
22805,885,28503.28,15566.684,118.404,565.454,0,4.519,6740986.254,14.287
22806,885,36281.579,26475.663,205.129,1862.289,0,2.93,2833747.118,11.177
22807,886,10636.74,32847.127,142.737,571.201,0,4.119,5598329.886,17.86
22808,886,11067.99,34581.133,132.591,774.015,0,3.78,4715134.829,12.314
22809,886,23156.995,29121.473,87.918,212.557,6.695,3.16,3294594.205,16.226
22810,886,26768.24,12598.292,144.32,823.93,0,3.524,4098057.378,12.88
22811,886,27359.998,13280.073,0.056,33.691,20.613,3.47,3974186.27,6.567
22812,887,10021.741,39298.32,103.367,380.663,2.377,2.84,2661890.925,12.937
22813,887,10502.075,33495.854,135.477,696.674,0,2.115,1476027.324,11.448
22814,887,10654.722,32961.817,113.783,310.307,7.147,1.819,1092197.925,14.707
22815,887,11051.313,34503.271,203.186,1737.439,0,1.267,529538.292,10.086
22816,887,11279.63,34964.57,5.546,42.283,18.862,1.414,660254.885,5.41
22817,887,26809.495,12561.146,36.477,29.946,27.287,1.694,946974.367,16.898
22818,887,27474.182,14915.743,120.199,460.664,0,3.859,4914303.587,15.738
22819,887,34721.489,28722.252,4.397,30.581,17.871,4.866,7814027.98,8.269
22820,887,35351.532,28193.225,91.172,199.172,9.228,1.579,823142.817,14.41
22821,887,36358.75,26334.063,123.42,430.584,0,2.692,2392390.169,14.739
22822,888,10046.809,38855.719,151.675,768.197,0,2.382,1872907.582,12.691
22823,888,10491.147,33505.501,110.653,445.681,6.856,2.202,1599679.305,11.897
22824,888,11043.653,34324.141,8.994,13.985,32.724,3.176,3329614.839,13.589
22825,888,26786.721,12611.977,139.633,986.635,0,1.991,1307700.79,9.581
22826,888,34721.332,28673.693,28.967,23.225,25.05,2.783,2556205.858,18.954
22827,888,36420.664,26343.288,134.002,563.991,0,2.748,2492334.366,13.801
22828,889,10032.048,38825.095,126.65,511.942,0,2.778,2547115.915,13.724
22829,889,10474.544,33532.455,7.404,21.484,25.291,2.887,2750761.966,9.27
22830,889,27518.817,14947.7,7.585,35.662,24.013,3.35,3702574.776,7.013
22831,889,32425.991,26625.529,32.993,32.865,13.441,3.012,2993689.929,17.547
22832,889,34704.74,28697.615,123.525,596.346,0,4.158,5704516.176,14.016
22833,889,35337.25,28590.866,65.659,101.285,16.078,1.913,1207233.464,15.513
22834,889,36415.783,26357.087,122.513,421.898,0,3.039,3048835.765,15.486
22835,890,10482.64,33446.342,8.595,34.746,28.883,3.072,3114693.069,7.17
22836,890,10799.093,35676.073,7.952,44.524,21.967,2.285,1722390.094,5.774
22837,890,27426.346,14856.488,110.788,454.151,0,1.236,503908.58,10.883
22838,890,28323.538,14800.195,6.123,43.249,12.63,3.201,3380720.068,5.937
22839,890,34734.704,28553.06,162.222,880.567,0,2.559,2161519.457,12.908
22840,890,35360.612,28638.46,3.564,58.309,17.359,2.934,2840593.037,4.686
22841,890,36411.607,26355.595,84.242,156.089,7.87,3.167,3310542.256,19.185
22842,891,10521.816,33439.979,2.335,12.372,27.762,5.424,9709350.103,17.556
22843,891,10685.252,32903.475,36.436,41.955,22.509,2.946,2864300.592,16.279
22844,891,10727.967,35685.145,8.508,17.891,23.787,2.248,1668029.782,10.017
22845,891,11155.523,34196.329,119.968,490.153,0,3.222,3425833.066,13.871
22846,891,11229.689,36614.846,112.823,592.018,0,3.486,4010682.443,11.561
22847,891,11307.1,34948.921,195.216,1075.537,0,2.858,2695192.175,14.939
22848,891,26853.576,12596.422,107.179,514.223,0,3.302,3598984.584,11.665
22849,891,27450.011,14895.856,52.905,74.277,18.402,2.558,2158789.969,16.068
22850,891,27761.131,14061.05,73.84,108.624,12.32,2.192,1585024.405,17.817
22851,891,34728.375,28563.957,6.533,19.43,20.277,4.738,7407854.989,12.088
22852,891,36378.665,26350.426,94.1,358.868,0,1.206,479618.698,10.393
22853,892,10504.781,33466.686,88.096,323.567,0,2.406,1909638.016,11.266
22854,892,10768.976,35639.7,93.054,183.897,15.38,1.746,1006560.498,15.807
22855,892,11279.072,36639.217,0.599,17.725,24.641,1.95,1255167.935,8.548
22856,892,26817.845,12669.657,112.226,736.189,0,3.856,4906847.537,10.266
22857,892,27428.937,14846.942,83.081,206.281,9.048,1.764,1027226.066,12.959
22858,892,34686.134,28604.591,125.497,519.705,0,2.691,2389084.261,13.291
22859,892,35328.861,28654.199,92.451,342.285,0,2.385,1878260.029,11.5
22860,892,36399.789,26321.833,3.429,37.586,14.56,2.489,2044726.623,5.873
22861,893,11274.684,34986.527,38.159,39.304,19.037,2.753,2501711.771,17.472
22862,893,22128.999,29671.137,115.362,656.668,0,3.122,3216079.581,10.725
22863,893,23198.505,29202.317,8.892,47.117,19.72,2.933,2838900.886,5.952
22864,893,26764.913,12651.143,55.694,142.29,31.58,2.428,1945900.63,11.024
22865,893,27442.643,13436.949,6.781,34.252,18.507,3.183,3343277.561,6.953
22866,893,27458.215,14875.02,173.524,943.525,0,2.229,1639239.712,12.961
22867,893,27789.534,14120.146,99.052,439.075,1.602,3.679,4465714.798,12.172
22868,893,34634.729,28612.617,154.875,1156.118,0,3.267,3521481.377,10.962
22869,893,35330.025,28667.228,89.021,295.073,0,2.505,2071778.754,12.202
22870,894,10513.857,33465.498,112.366,648.665,0,2.3,1745617.455,9.761
22871,894,10758.798,35705.226,46.862,44.265,23.647,2.995,2959762.479,21.481
22872,894,22183.145,29641.264,82.028,408.068,0,4.371,6308159.41,10.653
22873,894,23279.243,29199.331,1.497,37.293,20.124,2.004,1325323.131,5.635
22874,894,26773.839,12625.531,84.911,457.091,6.221,2.682,2374227.947,8.96
22875,894,27359.993,13439.171,6.149,21.04,18.583,1.959,1267094.431,8.308
22876,894,27424.214,14805.748,123.82,907.413,0,2.821,2625684.435,9.311
22877,894,27840.509,14131.935,1.665,11.172,17.846,2.684,2377859.191,12.679
22878,894,34579.924,28653.305,60.281,84.306,26.884,3.519,4086989.881,20.13
22879,895,10465.966,33456.054,112.48,790.837,0,2.986,2941501.38,9.143
22880,895,10624.815,32896.772,229.277,1687.029,0,3.58,4230157.811,14.932
22881,895,11236.518,36698.809,66.291,108.244,14.138,2.039,1372039.961,15.301
22882,895,22156.272,29679.898,4.136,29.966,34.39,3.329,3656802.857,7.249
22883,895,23207.82,29202.431,151.71,962.22,0,2.651,2319815.737,11.326
22884,895,26761.777,12669.823,75.242,196.087,24.8,3.583,4236625.02,14.688
22885,895,27470.495,13446.451,46.632,41.23,13.44,2.044,1378612.484,19.013
22886,895,27461.232,14766.683,119.738,653.567,0,2.847,2674649.183,10.984
22887,895,34562.287,28701.155,7.534,11.521,22.385,2.935,2843762.162,14.43
22888,895,36161.572,24715.055,8.196,24.967,15.871,1.494,736563.49,7.646
22889,896,10456.532,33462.715,85.097,422.962,14.087,2.415,1925412.585,9.224
22890,896,11199.673,34302.931,7.424,28.385,21.646,3.99,5253580.02,8.612
22891,896,11368.326,35011.063,70.847,76.335,18.081,3.658,4414898.579,28.334
22892,896,22124.229,29664.278,102.544,592.961,0,2.846,2673260.958,9.664
22893,896,26902.854,12689.055,158.436,856.09,0,3.917,5063082.628,14.966
22894,896,27469.092,13578.22,95.652,326.115,0,0.593,115889.75,10.79
22895,896,27439.192,14801.044,3.837,44.208,26.24,4.851,7765574.691,6.303
22896,896,27759.81,14084.532,5.999,46.499,18.493,2.983,2937114.68,5.593
22897,897,10501.765,33491.29,143.659,882.79,0,3.335,3670115.346,11.965
22898,897,11279.581,36718.107,5.362,61.146,25.761,2.167,1549324.661,4.552
22899,897,11305.183,34991.302,103.779,368.536,0,1.538,781091.312,11.636
22900,897,22115.337,29655.702,98.138,490.141,0,2.684,2377735.314,10.172
22901,897,23301.573,29209.544,115.549,474.971,0,2.858,2695503.964,12.924
22902,897,27482.529,14833.012,90.729,417.667,0,5.346,9430807.955,13.275
22903,898,10126.903,39222.773,119.383,475.913,0,3.417,3852337.493,14.402
22904,898,10512.772,33503.794,89.194,387.605,10.904,4.232,5910491.972,12.213
22905,898,11248.023,36684.106,120.866,568.56,0,3.686,4484719.384,13.332
22906,898,22035.899,29684.291,110.706,541.014,0,2.605,2239535.434,10.982
22907,898,34478.178,28569.163,5.155,28.032,20.497,4.067,5458017.013,8.274
22908,898,36232.618,24682.356,54.446,85.48,9.533,1.591,835323.655,13.419
22909,899,10482.016,33496.366,67.902,123.868,19.236,2.343,1811061.883,15.034
22910,899,10632.188,37036,5.401,22.302,22.125,3.874,4951988.653,9.583
22911,899,22101.106,29665.221,65.265,77.913,16.79,2.971,2912496.038,21.845
22912,899,27362.562,14719.952,2.284,26.578,17.579,2.259,1684543.089,6.98
22913,899,27791.529,14150.609,134.905,578.445,0,4.689,7254926.392,17.453
22914,899,34538.579,28633.487,154.567,697.897,0,2.031,1361888.887,13.267
22915,899,35632.056,29139.928,142.318,620.508,0,1.796,1064042.658,12.598
22916,900,10457.394,33475.594,141.059,828.909,0,2.444,1970455.505,11.146
22917,900,11297.243,36674.524,57.498,99.971,13.204,1.96,1267945.049,13.513
22918,900,22017.137,29690.045,70.564,90.766,13.808,2.062,1403314.945,18.589
22919,900,27355.204,14694.674,34.753,48.347,17.22,1.793,1060985.481,12.174
22920,900,35683.295,29169.536,122.879,488.112,0,2.635,2292212.732,13.392
22921,901,10503.904,33513.914,181.573,1235,0,2.3,1745171.433,11.689
22922,901,22020.701,29697.174,75.743,174.907,9.55,0.979,315999.077,12.036
22923,901,27375.677,14694.203,127.699,758.263,0,3.295,3582841.129,11.302
22924,901,35687.674,29196.57,92.189,267.369,4.131,1.611,856432.077,12.332
22925,902,10452.911,33420.49,115.705,555.851,0,3.703,4526277.512,12.779
22926,902,10532.93,37152.056,76.284,118.201,16.296,2.255,1677776.657,17.717
22927,902,11232.372,36677.546,113.377,525.095,0,2.506,2072720.215,11.408
22928,902,22059.938,29674.498,117.388,412.449,0,2.712,2427406.303,14.241
22929,902,27444.4,14747.018,47.491,90.615,23.308,4.786,7560317.014,16.25
22930,902,35634.434,29072.326,32.901,16.562,21.034,2.611,2249566.016,27.337
22931,902,36295.313,25467.409,55.053,74.315,14.687,1.564,806918.099,14.702
22932,903,10754.271,32948.787,111.389,401.39,0,2.518,2092173.331,13.245
22933,903,22075.472,29677.319,8.049,31.652,19.648,1.447,690989.73,6.68
22934,903,26739.48,12655.595,161.996,744.109,0,1.937,1238808.017,13.362
22935,903,27432.521,14752.038,147.006,883.155,0,2.88,2737940.167,11.762
22936,904,10194.838,39286.082,70.683,67.833,17.255,1.282,542299.138,19.701
22937,904,22119.75,29704.022,68.773,124.993,11.709,3.118,3208172.035,16.924
22938,904,27311.201,14619.2,52.682,54.561,26.531,2.504,2069580.627,19.667
22939,904,35842.863,28962.716,8.331,46.592,13.08,4.113,5584080.265,6.395
22940,905,10446.052,33392.17,110.135,485.12,0,6.177,12591347.729,17.344
22941,905,10719.429,33040.938,5.041,61.076,19.079,1.708,963263.833,4.46
22942,905,11073.165,36905.961,72.825,136.374,21.601,3.308,3611546.04,17.653
22943,905,23094.241,29130.388,101.898,303.436,0,3.264,3515610.428,15.63
22944,905,27494.191,14822.921,59.279,79.159,19.884,1.754,1015369.799,15.738
22945,906,10462.265,33423.986,76.535,146.894,14.226,2.82,2623529.014,16.672
22946,906,11202.31,36723.779,3.614,20.472,24.215,3.322,3642570.492,9.252
22947,906,21884.885,29767.225,128.159,512.902,0,3.238,3459296.439,14.736
22948,906,26768.694,12597.273,47.535,50.944,15.219,2.86,2699266.019,19.25
22949,906,27464.199,14831.045,125.445,539.925,0,3.396,3805488.515,14.07
22950,907,10161.566,39277.677,16.992,36.88,17.556,3.181,3340086.876,9.283
22951,907,10442.823,33423.188,98.237,353.169,0,4.068,5461715.473,14.703
22952,907,21865.921,29787.084,126.047,391.873,0,3.906,5036184.148,19.233
22953,907,26760.336,12557.415,5.962,11.002,21.319,3.516,4079255.61,15.697
22954,908,11236.105,34218.028,240.6,1731.732,0,1.859,1139897.945,12.783
22955,908,21884.893,29815.994,121.43,513.587,0,2.045,1379788.201,12.001
22956,908,26802.665,12531.417,155.241,608.608,0,2.669,2350102.274,15.773
22957,908,27437.704,13522.537,10.686,48.645,19.767,2.672,2356370.849,6.064
22958,908,27488.605,14868.029,139.892,571.796,0,2.773,2538393.033,14.517
22959,909,10478.849,33360.015,3.588,26.101,22.794,3.216,3412464.19,7.779
22960,909,11173.828,34149.26,41.72,42.515,22.254,3.863,4924094.282,21.965
22961,909,11272.015,36757.757,37.791,34.642,28.384,1.765,1028149.301,16.157
22962,909,27416.757,13523.918,76.588,165.461,10.625,2.881,2739402.622,15.488
22963,909,27477.499,14855.585,52.762,37.489,18.729,1.879,1164860.389,22.827
22964,909,27966.157,14287.074,68.635,67.849,12.099,2.313,1765896.81,22.981
22965,909,28709.254,15372.589,60.851,40.368,16.729,1.832,1107853.079,25.701
22966,909,35414.308,28711.737,104.98,421.421,0,2.005,1326922.132,11.358
22967,910,10445.773,33394.347,103.398,476.536,0,3.027,3024508.025,11.394
22968,910,11165.83,34142.039,113.428,520.443,0,2.048,1383627.448,11.004
22969,910,26817.414,12595.146,169.289,990.572,0,2.97,2911222.943,13.228
22970,910,27203.307,13186.953,6.79,15.752,22.481,2.34,1807784.98,10.482
22971,910,27473.972,14889.79,187.158,883.312,0,2.522,2099609.128,15.435
22972,910,27946.839,14305.692,80.77,235.066,1.602,3.065,3099773.364,13.346
22973,910,36293.106,26361.814,87.977,226.567,0,1.684,935757.371,12.975
22974,911,10785.142,32956.606,63.215,55.812,21.225,2.352,1826104.319,23.898
22975,911,11203.015,34262.175,47.651,60.007,21.564,2.213,1616055.897,15.589
22976,911,23784.274,29534.563,71.15,103.836,14.553,1.768,1031248.844,16.451
22977,911,26903.746,12613.897,111.584,479.338,0,3.151,3276343.756,12.683
22978,911,35469.722,30500.065,86.826,235.24,0,3.145,3264946.98,14.817
22979,912,10432.026,33417.258,100.464,435.974,0,1.868,1151711.721,10.476
22980,912,11203.227,36895.763,7.322,19.667,30.295,3.732,4596564.961,10.84
22981,912,21866.754,29811.448,98.113,359.868,0,2.758,2509456.319,12.448
22982,913,11200.995,36770.108,3.236,21.155,29.207,1.58,823958.777,7.639
22983,913,21761.295,29812.382,3.258,19.643,23.824,3.771,4692762.477,9.971
22984,914,11155.807,34172.015,72.531,96.498,26.962,0.858,243131.711,15.69
22985,914,11278.731,36735.273,9.524,22.417,27.538,2.718,2437709.519,9.419
22986,914,21813.482,29761.152,156.385,786.432,0,1.482,724908.008,11.892
22987,914,26457.64,12873.446,47.939,68.367,13.964,2.583,2202063.073,15.154
22988,915,10560.372,37197.135,2.049,47.485,19.758,2.938,2848381.236,5.188
22989,915,11208.164,34164.245,9.07,36.096,22.51,3.594,4262256.026,7.41
22990,915,26463.852,12874.77,76.617,171.043,11.764,1.8,1068727.573,13.263
22991,915,27455.819,14872.6,126.496,560.28,0,4.247,5952269.268,15.365
22992,916,11202.457,34154.048,63.335,121.505,19.6,2.35,1822873.93,14.008
22993,916,26521.48,12838.895,131.289,537.718,0,2.076,1422759.906,12.846
22994,916,27520.299,14918.919,68.324,124.63,9.74,1.116,410705.463,13.137
22995,917,11042.856,37037.761,3.781,32.372,28.308,2.428,1946147.657,6.41
22996,917,11172.091,34182.262,106.042,547.004,0,3.208,3395768.375,10.943
22997,917,26548.001,13020.595,128.928,591.028,0,4.279,6043966.952,15.238
22998,917,28718.222,16157.092,5.971,39.317,14.825,2.581,2197761.646,6.016
22999,918,10480.024,33444.586,5.796,23.187,21.636,3.811,4793471.179,9.342
23000,918,10542.531,37172.892,49.802,64.408,26.016,3.683,4475857.409,19.52
23001,918,11164.619,34133.082,91.619,457.252,0,5.682,10654783.961,12.984
23002,918,21741.202,29817.563,153.783,714.71,0,2.705,2414694.627,14.045
23003,918,26560.737,13037.979,3.304,28.269,25.445,3.42,3859359.764,7.494
23004,918,26826.376,12536.964,140.579,609.672,0,3.065,3099603.214,14.507
23005,918,27499.711,14859.53,79.215,218.7,5.257,1.944,1247495.465,12.075
23006,918,28689.519,16127.438,86.156,208.211,0,2.458,1994988.951,14.59
23007,919,11200.111,34194.691,184.112,1370.36,0,2.536,2122039.868,11.407
23008,919,27497.095,14890.604,52.602,56.308,24.734,2.809,2604237.824,20.213
23009,919,27920.23,14319.904,0.844,32.88,18.075,2.439,1962767.747,6.188
23010,920,10684.054,32894.855,145.716,676.464,0,3.485,4009218.479,14.938
23011,920,10774.338,35754.264,131.565,809.952,0,3.347,3696573.426,11.304
23012,920,11123.515,34160.751,7.172,31.67,28.965,3.096,3163242.982,7.324
23013,920,11202.774,36724.773,5.554,50.338,27.439,2.862,2702889.353,5.255
23014,920,26460.977,12939.983,52.849,67.403,24.709,2.361,1838954.95,16.655
23015,920,27473.018,14918.966,100.037,420.185,0,2.954,2879715.113,11.774
23016,920,27883.998,14326.363,56.174,72.225,16.929,3.176,3328439.843,19.465
23017,921,10557.513,37178.709,44.112,55.636,20.173,4.534,6785087.058,21.054
23018,921,10663.826,32874.613,90.434,381.395,0,3.912,5051637.182,12.177
23019,921,10792.581,35726.68,120.257,607.706,0,2.801,2588600.806,11.515
23020,921,11184.901,34166.231,106.47,262.315,19.015,1.808,1078709.135,15.037
23021,921,27442.592,14956.01,5.678,17.138,18.698,1.037,355094.22,8.589
23022,921,27900.982,14360.454,62.251,100.401,19.902,1.899,1189974.698,14.638
23023,922,10638.973,37117.586,3.695,13.824,28.607,2.281,1716404.064,10.625
23024,922,10664.584,32892.781,40.441,36.189,21.723,4.197,5812612.976,25.366
23025,922,11276.115,36695.007,106.941,465.039,0,2.069,1413404.055,11.009
23026,922,26801.764,12637.757,2.2,16.41,22.491,1.109,405594.115,8.402
23027,922,27486.297,14889.134,63.32,144.312,11.872,3.85,4891294.098,15.021
23028,923,10536.731,37165.638,97.561,383.341,0,4.083,5501045.424,13.728
23029,923,11064.911,36857.371,69.512,119.56,19.45,2.588,2210783.239,16.406
23030,923,11155.068,34120.598,45.569,65.755,21.813,3.103,3178348.22,15.741
23031,923,27466.45,14901.76,89.307,312.809,0,2.264,1691092.349,11.53
23032,923,27927.494,14424.63,42.264,51.423,23.029,1.754,1015835.458,14.186
23033,923,36225.455,25914.958,121.864,491.858,0,2.531,2114611.432,13.031
23034,924,10799.632,32959.614,1.742,40.855,19.709,4.206,5839265.776,6.174
23035,924,10923.037,34182.657,97.514,570.525,10.703,4.26,5989191.473,10.52
23036,924,11091.046,36865.832,85.712,174.61,18.296,1.382,630728.932,14.205
23037,924,27004.321,12631.451,31.194,13.784,26.823,1.617,862946.19,23.604
23038,924,27481.554,14934.489,112.539,392.818,0,1.415,661199.378,12.143
23039,925,10446.306,38143.106,74.552,344.265,0,7.076,16523660.841,13.585
23040,925,10560.927,37194.404,9.544,54.715,22.146,3.975,5213147.784,5.924
23041,925,10912.36,34171.656,88.616,330.251,12.951,4.058,5433677.386,13.337
23042,925,21654.281,29932.784,109.489,367.491,0,2.114,1474905.786,13.1
23043,925,27058.374,12767.218,100.839,397.651,0,4.541,6805905.241,14.767
23044,926,10534.568,37168.513,90.714,197.03,12.267,3.536,4126270.61,18.938
23045,926,11160.781,34121.792,115.699,558.724,0,4.3,6101998.729,13.599
23046,926,11279.208,36724.185,4.678,34.843,27.207,1.595,839061.187,5.946
23047,926,22090.874,30437.942,55.054,47.313,16.031,2.333,1796569.892,22.357
23048,926,28018.804,14591.374,147.483,828.315,0,2.378,1865799.627,11.695
23049,926,34404.463,28595.301,42.359,43.011,15.873,2.596,2224886.635,18.072
23050,927,10558.678,37160.734,65.733,103.119,16.361,3.245,3475880.899,18.681
23051,927,10737.844,32910.861,115.032,415.177,0,2.837,2656270.214,14.021
23052,927,10961.971,37919.283,5.242,30.929,21.482,2.85,2680557.415,6.969
23053,927,11245.188,36739.693,31.566,37.57,26.475,3.379,3768132.7,15.987
23054,927,21673.842,30000.273,8.086,20.436,21.303,3.128,3229583.413,10.039
23055,927,22095.782,30481.245,47.71,98.559,12.584,2.672,2357008.097,11.966
23056,927,26840.597,12635.153,143.74,719.089,0,2.526,2106316.349,12.569
23057,927,27483.675,14884.419,118.7,486.261,0,2.971,2913868.671,13.349
23058,927,28063.915,14578.648,120.623,466.087,0,2.216,1621046.653,12.856
23059,928,11250.462,36748.402,58.266,105.751,22.229,2.243,1659695.381,13.696
23060,928,22132.174,30410.636,70.577,140.456,12.692,1.688,940160.169,13.432
23061,928,23681.155,29361.298,8.351,41.991,19.837,2.606,2241447.678,6.147
23062,928,27463.551,14857.236,114.845,398.306,0,1.437,681152.232,12.342
23063,928,35493.71,28175.048,104.512,334.005,0,1.943,1246331.368,12.901
23064,929,10023.32,39248.269,150.054,664.779,0,2.191,1583564.143,13.423
23065,929,10526.699,37172.195,122.833,424.927,0,3.505,4053318.524,16.459
23066,929,11159.423,34142.292,103.895,388.8,0,2.171,1555152.962,11.961
23067,929,22120.986,30408.141,89.742,316.842,4.669,4.547,6824057.688,14.81
23068,929,27491.175,14918.687,109.952,343.363,0,2.008,1331027.677,13.567
23069,929,28079.968,14560.078,0.144,37.741,21.176,3.169,3314988.947,5.983
23070,930,27513.578,14912.663,116.883,714.569,0,1.643,890965.143,9.231
23071,930,36198.597,25894.541,32.506,23.746,22.011,2.163,1544565.634,18.903
23072,931,10553.159,37136.432,7.43,18.403,19.742,2.52,2096077.367,9.849
23073,931,11139.214,34159.539,82.788,136.715,18.236,3.245,3475568.5,20.941
23074,931,11199.744,36799.405,5.471,41.396,28.821,3.781,4717202.882,6.265
23075,931,27508.181,14929.988,47.04,82.032,33.411,1.107,404085.125,11.364
23076,932,10082.981,39263.827,62.654,94.721,17.242,2.417,1927792.704,16.445
23077,932,10506.255,37133.259,113.581,497.225,0,3.997,5272551.218,13.942
23078,932,11090.053,36905.774,87.55,597.221,12.776,5.03,8351290.952,9.418
23079,933,10515.432,37175.842,105.475,389.61,0,2.155,1532665.634,12.142
23080,933,10667.458,34593.74,145.994,700.284,0,1.718,973872.578,12.001
23081,933,11084.551,34180.645,64.051,113.252,17.776,2.047,1382602.295,14.296
23082,933,11089.174,36909.313,161.745,1214.059,0,4.17,5739596.492,12.304
23083,933,23473.28,29369.264,142.156,690.416,1.775,3.307,3609658.916,13.918
23084,933,27554.951,14874.903,101.792,400.558,0,2.916,2807268.354,12.37
23085,933,28039.318,14578.699,165.74,864.195,0,1.648,896130.429,12.206
23086,934,10400.127,38158.731,4.138,57.013,20.645,3.349,3702070.749,4.889
23087,934,21788.822,29902.441,137.63,600.54,0,3.715,4555520.159,15.454
23088,934,26621.132,12808.4,103.253,257.795,5.983,2.502,2065946.458,16.061
23089,934,28077.859,14564.715,161.42,738.509,0,3.342,3685558.672,15.918
23090,934,36336.609,25413.793,98.436,288.838,2.289,2.461,1999292.654,13.937
23091,935,10083.302,39205.846,9.704,25.606,19.655,3.338,3677057.39,9.268
23092,935,21758.743,29919.901,3.452,35.118,24.939,3.033,3035319.907,6.343
23093,935,27517.55,14877.97,111.244,407.203,0,2.278,1712416.592,12.757
23094,936,11122.281,34233.692,5.444,21.908,25.17,2.75,2494858.22,8.606
23095,936,11295.301,36703.335,67.911,203.809,14.984,2.583,2202072.571,11.235
23096,936,23278.817,29358.098,2.183,13.671,26.324,3.504,4051198.549,12.401
23097,937,10641.729,34561.022,6.59,34.312,26.475,2.784,2558501.198,6.705
23098,937,11007.519,34192.7,128.917,741.091,0,3.435,3893830.475,11.785
23099,937,11284.496,36691.444,139.073,855.61,0,2.767,2526472.501,11.07
23100,937,21767.063,29959.216,212.268,1479.563,0,3.395,3804587.928,14.37
23101,937,33680.209,26960.814,4.84,24.096,17.582,2.768,2529055.776,8.019
23102,938,10525.494,37216.222,47.179,96.206,18.397,5.058,8443876.158,15.864
23103,938,11080.573,36912.678,108.979,943.511,0,3.236,3456991.105,8.048
23104,938,11120.815,34163.023,10.435,57.212,25.078,5.15,8752392.497,6.425
23105,938,21919.489,29879.568,4.227,13.84,30.373,2.889,2754944.695,11.615
23106,938,23423.55,28931.048,38.246,30.88,19.559,3.713,4549754.293,24.764
23107,938,28720.869,15286.97,5.435,36.85,19.522,2.192,1585698.371,6.032
23108,938,36351.852,25445.082,87.841,230.973,0,2.792,2575314.48,14.564
23109,939,11050.232,34110.597,148.759,890.555,0,3.846,4881065.023,13.179
23110,939,11092.294,36891.329,47.373,92.673,36.928,3.054,3077013.743,12.904
23111,939,26612.794,12778.17,126.786,489.087,0,2.897,2769955.838,14.38
23112,939,28687.002,15291.753,189.418,1418.333,0,4.607,7004250.963,14.482
23113,940,10541.559,37084.176,148.437,821.696,0,2.536,2122140.229,12.036
23114,940,11065.59,36856.501,156.913,1376.801,0,5.448,9796074.027,12.182
23115,940,11282.746,36645.921,163.569,969.419,0,2.275,1707940.89,11.917
23116,940,23438.988,28958.906,2.304,29.545,28.383,2.699,2403743.14,6.78
23117,940,26579.195,12791.857,124.654,617.883,0,2.851,2683445.739,11.981
23118,940,28676.11,15263.47,110.451,515.115,0,5.009,8281250.754,14.612
23119,941,9997.924,39198.427,6.478,16.381,23.788,2.206,1606129.843,9.986
23120,941,10558.047,37119.828,5.624,50.951,32.176,2.186,1576590.236,5.056
23121,941,11060.935,36922.827,62.199,197.407,29.646,4.867,7818562.639,13.026
23122,941,11145.581,34123.395,136.965,644.769,2.733,1.433,677664.96,11.438
23123,941,11215.783,36618.63,164.135,1013.126,0,3.056,3082410.623,12.63
23124,941,27491.881,14898.354,111.583,466.277,0,2.552,2148815.394,12.107
23125,942,10410.476,38189.468,50.742,79.517,19.549,2.505,2070328.801,14.491
23126,942,11116.696,34077.153,7.006,30.519,28.86,2.968,2906738.045,7.385
23127,942,26668.855,12673.995,109.225,412.264,0,3.2,3378896.329,13.74
23128,942,27492.386,14888.65,119.653,586.027,0,3.111,3193615.308,12.093
23129,942,27923.767,14480.938,2.684,25.448,18.288,3.169,3314330.591,7.781
23130,942,36282.835,25442.358,63.743,97.037,13.062,1.778,1043126.339,15.125
23131,943,10533.501,37176.222,66.817,97.886,16.518,1.762,1025116.382,15.848
23132,943,11175.081,34140.914,89.254,323.954,12.271,2.604,2236919.924,11.658
23133,943,11265.629,35051.352,88.82,138.149,17.228,2.865,2708148.258,21.568
23134,943,11293.885,36601.49,135.581,739.995,0,3.058,3086456.945,12.119
23135,943,26730.238,12648.358,147.663,765.348,0,3.295,3584725.151,13.628
23136,943,27284.023,14624.826,134.717,574.994,0,3.557,4174874.585,15.163
23137,943,27883.697,14502.289,168.462,758.882,0,1.948,1252568.966,13.856
23138,944,10149.783,39173.035,96.419,130.662,16.347,2.704,2413446.504,24.605
23139,944,10339.015,38162.403,123.247,527.729,0,2.718,2438524.122,12.897
23140,944,11142.063,34136.954,117.306,590.159,0,2.974,2918706.75,11.571
23141,944,11280.529,36628.044,137.571,840.825,0,3.696,4509148.311,12.118
23142,944,26774.836,12605.552,138.345,692.677,0,4.407,6408839.696,15.233
23143,944,27438.6,14809.356,10.357,32.438,26.634,3.46,3950595.615,8.182
23144,944,27921.931,14499.586,58.029,54.59,20.709,2.717,2435737.288,23.211
23145,945,10365.499,38127.391,120.847,555.712,0,2.735,2469214.398,12.188
23146,945,10744.018,36694.948,198.458,1254.634,0,1.724,981097.492,12.179
23147,945,11198.617,34241.15,3.336,21.162,27.562,1.977,1290096.875,7.889
23148,945,11276.991,36645.584,7.416,22.261,23.937,2.957,2885860.912,9.128
23149,946,10305.371,38192.751,102.685,445.961,0,4.039,5383754.166,13.15
23150,946,10561.176,37121.032,1.687,21.602,25.724,2.236,1649386.122,7.839
23151,946,10724.515,36633.792,8.424,19.126,29.416,4.013,5313899.82,11.844
23152,946,22015.396,29813.253,203.979,1181.076,0,3.32,3636746.067,15.797
23153,946,26741.406,12622.668,112.439,583.804,0,4.261,5990709.596,12.59
23154,946,27344.146,14673.379,54.299,99.06,23.785,2.262,1688765.51,13.193
23155,947,28567.755,15566.516,41.351,28.272,19.91,2.856,2692764,25.134
23156,948,22084.369,29767.386,146.245,686.727,0,2.791,2570018.615,13.643
23157,948,26825.749,12682.732,72.11,128.475,16.662,2.963,2897511.893,17.292
23158,948,33572.002,26805.895,38.23,47.423,15.601,2.222,1629872.871,14.263
23159,949,22103.735,29776.98,154.237,779.192,0,3.613,4309118.145,14.859
23160,949,23851.57,29296.389,22.308,25.827,16.027,3.055,3079997.083,14.266
23161,949,27355.971,14699.395,130.932,911.102,0,4.056,5429274.919,11.108
23162,949,33531.909,26833.221,114.151,341.067,0,4.716,7338969.131,20.611
23163,950,10322.818,38239.923,5.284,33.112,25.007,3.802,4769543.099,7.23
23164,950,22083.378,29756.277,7.259,25.274,30.77,3.341,3683502.624,8.695
23165,950,27346.172,14661.02,124.244,611.565,0,2.713,2429628.804,11.841
23166,950,28881.83,15443.048,6.29,40.207,19.069,2.227,1636057.029,5.858
23167,950,33578.017,26795.22,44.446,49.535,19.623,3.308,3610782.719,19.386
23168,951,10715.609,36722.954,5.992,28.953,26.219,3.568,4201833.958,7.863
23169,951,11252.895,36709.112,174.808,1357.571,0,2.563,2167995.745,10.795
23170,951,21599.232,29947.126,79.065,127.597,14.096,2.739,2475837.19,19.022
23171,951,22063.791,29728.895,61.973,107.087,25.36,1.405,651153.313,13.259
23172,951,22351.121,30263.025,75.573,192.523,7.273,3.43,3882110.077,14.687
23173,951,27067.978,12886.623,102.301,500.121,10.357,6.673,14696749.01,15.806
23174,951,33571.156,26840.386,115.458,414.484,0,2.979,2928503.096,14.355
23175,951,36327.105,25362.413,189.901,879.769,0,2.057,1396367.871,14.84
23176,952,10353.815,38246.611,138.454,778.31,0,5.273,9174689.379,15.385
23177,952,10778.047,36803.435,56.451,103.874,23.529,2.249,1669148.209,13.366
23178,952,11300.699,36705.812,75.237,264.051,18.466,6.631,14512643.381,16.448
23179,952,27044.474,12860.269,136.846,974.598,0,4.137,5649654.828,11.348
23180,952,27286.893,14561.509,4.788,22.816,19.656,1.75,1010527.983,7.588
23181,952,33581.098,26817.282,66.358,103.279,9.655,2.104,1461153.805,15.931
23182,953,10323.815,38246.186,9.527,32.513,25.062,5.495,9963111.181,9.668
23183,953,10703.851,35369.518,82.373,218.841,5.234,4.305,6116837.154,16.858
23184,953,10997.244,37850.668,120.128,476.317,0,3.144,3261477.527,14.041
23185,953,11273.806,36683.252,118.358,619.136,0,3.136,3245579.805,11.529
23186,953,22420.325,30281.828,53.816,55.841,18.474,1.613,858689.502,17.171
23187,953,27042.892,12834.623,42.482,98.161,29.134,4.008,5302456.011,12.116
23188,953,33600.704,26878.763,2.376,24.634,18.036,4.096,5535762.38,8.691
23189,954,10296.935,38209.216,107.813,615.953,0,3.946,5137455.962,11.084
23190,954,11243.749,36726.185,107.21,564.721,0,4.984,8197467.063,12.992
23191,954,22404.248,30314.141,124.322,558.767,0,3.312,3620044.931,13.436
23192,954,27019.769,12748.426,68.749,173.629,23.726,4.457,6556677.583,15.797
23193,954,33523.125,26870.565,149.001,713.65,0,1.713,968330.671,12.145
23194,955,10307.306,38248.1,35.083,40.803,26.787,3.612,4306621.738,17.539
23195,955,10598.612,36998.628,151.056,980.942,0,3.315,3627203.319,11.888
23196,955,11070.007,36900.944,89.282,467.594,0,5.53,10093735.201,12.107
23197,955,11147.801,34206.292,63.647,70.93,26.276,2.346,1816046.338,20.261
23198,955,11284.938,36678.311,48.597,68.133,20.301,2.837,2656591.792,16.001
23199,955,11397.702,35310.061,102.365,330.86,0,3.255,3498358.708,14.774
23200,955,26959.01,12719.047,8.799,34.063,28.713,3.956,5164832.019,7.885
23201,955,27079.974,12957.51,2.94,5.949,32.359,3.826,4829742.426,25.835
23202,955,33534.003,26794.009,51.785,32.757,17.322,1.946,1250349.744,24.869
23203,956,10323.513,38239.448,11.437,45.384,20.489,3.353,3710900.367,6.776
23204,956,10555.624,37036.123,80.032,185.177,13.099,1.779,1044815.889,13.263
23205,956,10734.585,35327.061,32.868,41.939,16.18,2.166,1548050.086,13.131
23206,956,10877.105,36873.095,8.722,41.106,32.63,4.968,8144535.967,7.543
23207,956,22446.165,30231.24,119.204,333.531,6.031,2.667,2346683.466,16.692
23208,956,26945.152,12762.298,44.493,86.162,21.485,4.458,6557966.771,14.888
23209,956,33608.088,26837.737,117.461,506.792,0,4.406,6405186.121,15.141
23210,957,10343.637,38225.396,107.55,477.504,0,2.998,2966915.438,11.927
23211,957,10880.963,36802.988,6.786,27.128,38.751,2.731,2460477.048,7.743
23212,957,11051.68,34194.712,49.365,44.268,23.783,2.564,2169435.505,21.28
23213,957,11243.34,36709.796,60.582,152.253,18.306,3.408,3833042.593,12.933
23214,957,27040.359,12798.507,1.18,27.131,35.768,3.409,3834743.523,7.537
23215,957,27448.599,14870.93,124.181,520.63,0,2.632,2287908.171,13.011
23216,957,33649.329,26902.809,107.155,530.048,0,2.518,2093029.384,10.611
23217,957,35920.365,24996.082,2.648,34.007,25.956,4.121,5605608.234,6.989
23218,958,10296.693,38220.341,70.174,162.75,25.569,1.844,1121981.942,12.433
23219,958,10875.922,36820.224,42.189,53.81,38.078,3.083,3136766.576,16.502
23220,958,26750.936,12700.267,119.583,575.032,0,3.944,5132482.529,13.412
23221,958,35980.745,24926.358,137.815,872.422,0,4.475,6608080.134,12.842
23222,959,10300.978,38195.329,107.224,572.94,0,3.832,4847358.437,11.439
23223,959,10863.118,36776.965,101.66,584.492,0,4.635,7088313.025,11.338
23224,959,11282.212,36686.906,119.903,620.082,0,3.808,4785997.974,12.568
23225,959,26999.832,12810.749,48.078,62.124,31.904,3.5,4043535.416,18.623
23226,959,33682.069,26882.106,7.3,29.965,16.415,2.966,2904131.461,7.525
23227,960,10310.291,38229.763,55.547,114.014,22.557,3.507,4058010.169,14.362
23228,960,10855.981,36826.785,56.678,130.631,27.006,4.191,5796836.67,14.511
23229,960,11176.612,37211.956,53.318,73.333,18.148,2.953,2878078.795,17.356
23230,960,21588.87,30024.785,79.292,219.713,5.495,2.995,2960900.343,13.531
23231,960,23270.373,29028.748,30.19,30.445,16.458,2.331,1792410.333,15.206
23232,960,26842.681,12726.674,168.427,1497.632,0,2.803,2593609.088,9.915
23233,960,33653.709,26907.222,126.632,547.793,0,3.03,3030592.907,13.509
23234,961,10321.435,38236.82,4.966,45.551,26.385,2.888,2752226.666,5.514
23235,961,10723.376,35758.932,9.508,47.398,18.36,2.171,1555285.655,5.782
23236,961,10832.29,36803.099,39.501,28.555,40.025,2.895,2765853.619,23.697
23237,961,22337.169,30118.069,158.93,697.943,0,2.499,2061026.28,14.518
23238,961,26846.727,12732.834,141.653,1018.243,0,7.36,17878501.528,15.835
23239,961,28484.27,15733.989,164.27,711.701,0,3.439,3902088.659,16.993
23240,961,33658.668,26892.43,133.92,537.357,0,2.385,1877845.875,13.632
23241,962,10300.334,38199.315,104.779,466.607,0,4.131,5632580.401,13.225
23242,962,10869.708,36839.827,68.905,186.286,25.586,4.551,6836131.307,15.182
23243,962,22361.828,30246.666,60.83,86.488,19.282,2.883,2743462.937,18.105
23244,962,26844.104,12759.264,137.783,987.333,0,4.78,7540399.768,12.091
23245,962,33644.764,26924.925,74.474,125.137,11.58,2.88,2737068.47,18.181
23246,962,35957.749,24539.988,66.484,185.48,0,2.195,1590413.515,11.196
23247,962,35969.597,25010.088,97.666,351.963,0,3.45,3927560.691,13.586
23248,963,11170,37166.764,40.481,48.627,29.085,2.28,1715448.096,15.042
23249,963,11270.928,36679.038,80.472,148.001,16.492,3.012,2993169.191,18.266
23250,963,22397.726,30234.303,15.685,54.296,22.439,2.289,1729019.935,6.548
23251,963,26795.237,12768.421,42.404,68.748,25.672,3.025,3020224.795,13.851
23252,963,33612.405,26846.374,89.908,272.4,6.947,1.981,1294725.409,12.287
23253,963,36056.858,25112.663,123.344,434.355,0,2.81,2606001.166,14.864
23254,964,10369.996,38242.805,78.69,156.286,16.703,3.744,4625338.579,18.948
23255,964,11288.035,36718.975,165.858,1047.644,0,3.159,3293250.029,12.663
23256,964,21588.505,29964.927,120.324,687.796,0,4.96,8121452.073,13.233
23257,964,22402.863,30187.764,167.481,894.459,0,3.476,3987629.853,14.868
23258,964,26778.345,12763.102,87.78,242.992,18.497,3.385,3781779.426,15.157
23259,964,33596.83,26873.559,137.25,688.197,0,3.061,3091680.708,12.929
23260,965,11357.136,36036.997,143.269,644.164,0,2.79,2569258.029,13.858
23261,965,11265.494,36693.32,74.825,109.563,15.725,1.391,638435.936,16.032
23262,965,26767.612,12722.193,165.715,1079.836,0,3.74,4616641.383,13.213
23263,965,28440.152,15766.635,116.199,358.251,0,2.799,2585835.486,15.637
23264,965,33570.955,26838.933,110.951,340.07,6.997,3.493,4026987.374,16.732
23265,965,36080.136,25005.27,0.446,19.143,18.828,4.755,7460157.472,11.138
23266,965,36741.644,28539.906,115.821,295.624,0,4.09,5520404.371,21.673
23267,966,10348.664,38203.333,57.813,138.616,14.09,2.945,2862369.332,12.347
23268,966,11360.452,36035.575,2.451,22.454,22.971,3.693,4500473.463,8.9
23269,966,11273.885,36712.292,118.52,583.963,0,4.98,8183505.213,14.698
23270,966,26785.173,12747.108,164.835,986.613,0,4.644,7117173.025,15.56
23271,966,33604.806,26846.984,58.063,112.683,14.34,2.995,2960971.871,14.366
23272,966,36726.262,28530.147,111.52,364.085,0,3.645,4386212.421,16.356
23273,967,10396.419,38236.751,6.858,30.759,26.307,2.208,1609096.198,6.904
23274,967,11284.258,36702.897,57.41,117.724,20.895,4.661,7168524.641,16.955
23275,967,21652.573,29926.616,93.912,209.779,12.238,2.693,2393153.336,16.766
23276,967,26727.535,12814.584,55.792,64.132,21.227,3.185,3348093.062,21.14
23277,967,28381.205,15859.156,95.886,272.451,0,4.117,5601083.2,17.386
23278,967,33614.437,26865.567,106.067,453.719,0,2.144,1517110.133,11.139
23279,967,35971.728,24936.233,107.284,314.811,0,1.467,710002.363,13.113
23280,967,36715.565,28523.776,86.557,212.371,5.586,1.8,1068784.904,13.396
23281,968,10290.716,38204.199,100.848,452.692,0,3.426,3874057.672,11.889
23282,968,26700.678,12806.131,149.307,821.945,0,3.791,4742658.151,13.945
23283,968,33550.408,26851.723,84.018,354.338,4.299,1.373,621840.403,9.393
23284,968,36006.702,24877.704,7.116,19.178,19.315,1.702,956408.177,8.765
23285,969,10359.534,38227.139,75.232,128.17,18.333,3.695,4505654.988,20.549
23286,969,27680.223,15199.59,0.642,38.437,15.09,2.003,1323439.273,5.522
23287,969,33502.187,26834.367,116.686,470.437,0,4.294,6084963.035,15.656
23288,969,36726.486,28530.615,108.007,393.361,0,1.451,694922.184,11.636
23289,970,10329.368,38159.615,61.11,66.535,26.385,2.568,2176782.819,20.914
23290,970,11010.695,36997.246,143.987,870.622,0,2.957,2886003.348,11.651
23291,970,26743.887,12787.842,109.074,501.868,0,3.663,4428299.911,12.61
23292,970,27759.254,14319.059,3.4,38.187,18.426,2.26,1685628.336,5.741
23293,970,33490.671,26858.363,58.983,126.732,14.19,2.868,2715238.474,13.313
23294,970,36719.528,28522.138,1.977,30.528,23.273,2.836,2654178.624,6.698
23295,971,10364.367,38194.275,184.376,1320.747,0,3.674,4454279.007,13.205
23296,971,11046.306,36954.708,10.787,23.618,36.936,2.522,2098631.606,9.292
23297,971,11040.771,34241.172,147.797,711.38,0,2.709,2421270.984,13.384
23298,971,26725.13,12726.578,5.245,21.999,28.603,2.7,2406473.805,8.506
23299,971,33541.329,26849.903,103.44,366.069,0,2.135,1504010.723,12.298
23300,971,36729.787,28513.815,136.292,577.257,0,2.794,2576883.897,13.972
23301,972,10371.883,38164.874,159.661,993.046,0,1.709,963821.497,10.866
23302,972,10959.325,34198.464,5.269,24.019,24.933,2.993,2955595.438,8.281
23303,972,11236.946,36715.517,127.321,968.149,0,3.454,3936967.008,9.737
23304,972,33460.883,26872.3,13.252,17.645,19.552,1.602,846663.458,10.923
23305,972,36251.528,24868.603,118.381,347.748,0,3.661,4423976.908,18.523
23306,972,36678.655,28502.687,124.593,446.013,0,1.32,575291.682,12.542
23307,973,10358.126,38168.761,156.228,826.439,0,4.232,5910445.427,15.642
23308,973,10999.13,34223.293,81.779,363.094,0,2.924,2821326.441,10.062
23309,973,11363.48,35946.197,42.261,45.194,18.055,1.935,1235287.6,15.747
23310,973,26717.469,12944.904,9.256,35.012,27.825,4.751,7449696.61,8.444
23311,974,10832.201,35653.105,61.452,62.621,23.864,1.562,804963.971,18.444
23312,974,11245.594,36706.082,120.118,737.923,0,5.91,11527977.189,13.764
23313,974,26717.311,12859.393,202.25,1421.406,0,5.032,8356222.374,16.804
23314,974,36722.288,28420.747,2.824,24.983,17.327,2.268,1697135.824,7.284
23315,975,10296.39,38200.717,85.509,411.908,0,4.436,6493713.333,11.262
23316,975,11119.15,36885.555,5.86,24.457,36.259,6.264,12948821.961,11.69
23317,975,11277.38,36720.983,6.047,40.749,34.909,5.355,9465206.991,7.269
23318,975,11359.788,36004.374,5.992,21.812,27.585,4.178,5759744.11,10.219
23319,975,26767.674,12984.736,106.635,567.413,0,4.525,6758319.822,12.257
23320,975,27872.906,14266.898,117.607,393.858,0,3.588,4249628.654,16.536
23321,976,10291.418,38217.542,94.628,518.2,0,4.552,6839365.881,11.105
23322,976,11115.352,34265.076,56.203,53.823,22.957,2.839,2659398.905,22.972
23323,976,11040.098,36958.728,5.915,31.301,34.728,3.456,3940525.98,7.381
23324,976,11034.929,37628.948,106.032,301.323,6.722,1.37,619227.321,13.149
23325,976,11247.364,36726.019,31.9,32.869,32.703,4.154,5694236.609,20.105
23326,976,32834.213,32860.098,65.527,121.473,5.791,2.7,2405907.602,15.288
23327,977,10361.902,38218.49,70.996,101.706,21.715,2.902,2779301.372,19.882
23328,977,11075.171,34351.073,128.756,622.174,0,3.961,5177097.896,14.096
23329,977,11280.188,36719.433,6.007,84.782,38.203,2.964,2899817.37,3.97
23330,977,26736.945,12859.006,71.376,158.691,19.556,3.334,3667386.213,15.428
23331,977,32807.415,32771.973,215.004,1006.161,0,1.268,530445.702,14.48
23332,977,33515.258,26882.272,8.372,19.415,20.427,4.668,7192478.867,12.681
23333,978,10363.227,38269.401,54.789,75.224,22.004,5.646,10518220.572,26.13
23334,978,10995.197,36952.91,65.868,116.181,25.937,1.738,996706.87,14.001
23335,978,11248.034,36693.16,56.38,106.399,32.274,2.49,2046094.027,13.525
23336,978,26618.632,12799.648,57.172,105.066,24.644,2.118,1480741.334,13.261
23337,978,28635.702,15962.015,147.438,659.729,0,3.193,3363566.292,14.896
23338,978,32771.582,32794.845,97.628,302.055,0,1.571,814568.285,12.21
23339,978,36110.163,24944.918,94.08,265.15,0,2.645,2311492.929,14.239
23340,978,37201.417,26026.096,41.403,49.591,12.366,3.184,3344661.089,17.375
23341,979,10349.693,38218.41,113.644,620.879,0,4.05,5412089.609,11.963
23342,979,11043.103,34234.096,194.616,1389.074,0,2.848,2676384.582,12.524
23343,979,11280.463,36719.576,3.576,49.649,32.469,5.851,11297608.965,6.236
23344,979,26816.349,13137.623,64.225,115.164,28.318,1.012,338260.681,12.77
23345,979,27425.886,14753.643,162.741,668.389,0,0.921,280056.553,12.996
23346,979,28640.31,15920.698,2.704,55.732,18.117,2.881,2739959.825,4.747
23347,979,32902.457,27334.059,122.806,434.408,0,1.957,1264442.603,13.334
23348,979,36166.215,24953.652,5.047,17.513,17.485,2.155,1533206.675,9.237
23349,979,36162.641,24402.119,1.973,11.324,17.078,1.4,646907.459,10.576
23350,980,10315.695,38206.337,118.194,576.204,0,2.75,2495213.607,11.599
23351,980,11278.347,36716.626,9.731,62.249,29.601,3.391,3794270.027,5.312
23352,980,23828.862,28995.287,70.48,94.229,11.907,1.867,1150476.913,17.557
23353,980,26713.327,12768.059,128.941,602.306,0,2.6,2230673.494,12.378
23354,980,28181.095,15706.487,43.544,42.863,16.794,2.522,2099015.117,18.499
23355,980,32954.729,27253.048,57.833,65.149,19.463,1.608,853457.26,16.912
23356,981,10395.929,38276.452,153.722,776.007,0,2.012,1335984.916,12.335
23357,981,11247.654,36711.978,145.906,1049.633,0,4.214,5859328.489,11.86
23358,981,27062.916,12937.333,74.265,101.333,16.592,2.584,2203920.703,20.101
23359,981,36195.713,24392.451,116.351,375.377,0,2.227,1637572.6,14.106
23360,981,36885.327,28631.278,7.551,28.899,15.801,1.93,1229133.354,7.137
23361,982,10342.485,38222.012,116.48,591.962,0,5.327,9366723.384,14.711
23362,982,11236.549,36707.651,148.165,1242.997,0,5.549,10163299.267,12.2
23363,982,27122.981,12924.498,2.926,20.253,26.793,2.651,2319793.289,8.588
23364,982,28654.807,16041.942,187.195,818.682,0,3.302,3599322.4,18.191
23365,982,36930.27,28591.459,56.625,100.307,7.102,3.481,3999694.723,16.114
23366,983,10321.189,38160.875,1.188,19.203,30.688,2.924,2822445.178,9.015
23367,983,11052.019,37610.883,121.236,485.478,0,3.172,3321362.264,14.079
23368,983,11274.378,36709.771,157.295,1198.682,0,2.117,1479607.475,9.895
23369,983,27557.006,15020.291,102.58,340.639,0,2.581,2197754.326,13.375
23370,983,28665.399,16086.766,89.97,295.19,0,5.069,8483306.506,16.703
23371,984,11091.719,34253.136,73.151,134.514,14.194,2.615,2256772.083,16.221
23372,984,11237.4,36698.033,123.876,743.651,0,1.146,433050.862,9.357
23373,985,11352.838,36170.947,10.111,12.333,25.993,2.537,2124506.708,14.004
23374,985,23069.544,29950.614,97.132,345.104,0,3.85,4892662.918,14.338
23375,986,11363.686,36182.695,83.135,111.6,14.727,1.795,1062795.36,19.043
23376,986,22081.131,30481.644,2.979,42.519,12.124,3.952,5153700.016,5.978
23377,986,23123.919,29943.39,44.028,61.831,12.365,1.748,1008062.987,13.232
23378,986,26607.965,12805.056,48.094,83.379,24.416,2.394,1890791.659,13.029
23379,986,35940.952,25808.414,45.577,56.175,17.516,4.812,7641381.448,22.748
23380,987,10000.608,39207.422,8.943,24.617,21.141,2.43,1948583.076,8.479
23381,987,10297.932,38110.953,129.725,544.644,0,3.036,3040886.959,14.015
23382,987,23115.394,29967.9,33.805,30.627,17.373,1.167,449132.616,14.447
23383,987,26678.081,12772.553,119.129,486.891,0,2.62,2264858.973,12.873
23384,987,35916.63,25883.06,98.654,323.671,4.216,1.371,620313.209,11.684
23385,988,10343.88,38138.324,34.327,34.862,23.928,2.553,2150466.139,16.368
23386,988,11068.152,34309.47,67.447,66.165,24.9,2.213,1616083.706,22.418
23387,988,26750.749,12672.263,142.358,672.348,0,1.498,740834.108,11.718
23388,988,26746.248,13149.283,113.175,408.294,0,3.702,4522457.459,15.464
23389,989,10302.699,38147.079,105.836,498.548,0,4.853,7773078.936,13.821
23390,989,10830.943,36725.561,64.222,115.305,23.424,3.095,3161872.356,16.316
23391,989,26728.823,12718.777,52.221,88.833,12.977,3.353,3709749.591,15.567
23392,989,35886.019,25840.584,143.114,601.909,0,2.7,2406026.237,14.321
23393,990,9940.213,39236.935,158.542,806.393,0,1.963,1272215.616,12.442
23394,990,10307.254,38125.576,33.582,56.318,22.456,3.399,3812269.807,12.809
23395,990,10845.262,36720.546,139.876,889.509,0,4.276,6034014.439,12.666
23396,990,27841.089,14299.602,135.057,480.04,0,1.715,970398.774,13.679
23397,990,35858.596,25853.473,130.794,500.493,0,3.02,3009555.042,14.992
23398,991,10340.378,38205.587,140.69,900.641,0,6.406,13540842.021,15.811
23399,991,35719.412,30166.311,97.547,178.171,5.603,2.342,1809679.003,18.715
23400,991,35865.659,25851.582,114.94,471.665,0,2.956,2883991.275,13.04
23401,992,11041.518,33764.366,5.993,50.023,16.361,3.327,3651880.279,5.466
23402,992,36208.602,24663.744,77.426,136.333,7.076,1.339,591918.151,14.575
23403,993,10735.125,36642.149,191.241,1170.259,0,2.916,2806434.067,13.822
23404,993,10801.534,38239.17,2.107,28.983,31.7,4.9,7925196.921,8.348
23405,993,11176.293,36692.777,85.72,404.274,0,4.892,7898521.402,11.976
23406,993,22199.31,29687.092,223.95,1201.61,0,0.909,272535.033,13.314
23407,993,26640.016,12750.924,32.646,37.704,19.91,2.756,2506080.756,15.133
23408,993,35754.729,25789.244,49.527,46.656,14.09,2.353,1827018.215,19.812
23409,994,10376.022,38185.697,99.144,203.599,12.424,3.132,3236648.749,19.757
23410,994,11118.596,37206.202,5.761,11.646,27.386,5.361,9483745.649,19.607
23411,994,22050.025,30378.524,112.652,349.788,0,3.229,3441893.896,16.157
23412,994,22086.277,29679.852,9.936,36.323,15.777,3.985,5241969.915,7.847
23413,994,26597.821,12670.169,90.908,303.559,0,2.577,2190949.437,12.389
23414,994,35807.997,25761.175,2.604,15.125,18.823,1.927,1225533.728,9.5
23415,994,36372.486,25249.848,67.216,89.054,10.475,2.76,2514454.57,19.865
23416,995,10756.534,36582.009,135.526,671.5,0,4.48,6624430.755,15.257
23417,995,10799.856,38243.479,6.043,27.773,22.204,2.364,1844427.853,7.277
23418,995,11115.878,33924.476,6.197,16.297,24.747,2.844,2668542.996,10.754
23419,995,22035.563,30382.299,141.207,548.833,0,4.492,6658241.928,19.054
23420,995,22800.88,29359.239,3.854,23.643,19.846,2.591,2215501.806,7.848
23421,995,26558.686,12788.703,120.261,437.402,0,1.285,544749.983,12.166
23422,996,9952.287,39243.01,98.273,364.934,0,4.415,6431690.317,14.956
23423,996,10807.615,36721.303,6.227,41.391,31.637,3.271,3529926.27,6.142
23424,996,10822.991,38281.748,119.726,551.097,0,3.752,4646168.274,13.554
23425,996,11196.727,37274.083,9.504,36.618,26.753,3.684,4478077.726,7.497
23426,996,26625.43,12913.134,125.317,437.855,0,1.502,744755.758,12.964
23427,997,11200.501,36643.031,9.962,19.758,28.291,1.792,1060247.172,9.387
23428,997,24050.429,29117.568,74.491,58.931,16.701,1.639,886494.854,24.592
23429,997,28438.132,15862.201,99.441,266.685,0,2.326,1785354.575,14.617
23430,998,9963.966,39200.566,162.912,813.834,0,3.076,3121882.646,14.545
23431,998,10360.606,38216.603,127.02,589.107,0,2.098,1453237.684,11.714
23432,998,10795.591,36607.936,57.868,109.284,21.4,3.337,3674656.541,15.28
23433,998,11207.417,36653.858,53.507,44.766,24.82,3.948,5144374.961,30.423
23434,998,26587.961,12882.008,175.301,721.159,0,1.485,727830.956,14.216
23435,999,10295.539,38211.08,104.052,364.283,0,4.059,5437712.208,15.594
23436,999,10825.549,36667.936,112.457,691.456,0,3.049,3068582.742,9.989
23437,999,11228.09,36667.166,93.298,415.156,0,4.302,6109232.669,12.461
23438,1000,11008.699,33805.557,94.212,232.441,6.419,2.243,1660237.562,14.775
23439,1000,11124.208,37203.911,9.219,32.038,25.77,1.407,653155.19,6.831
23440,1000,11204.51,36669.464,144.525,750.384,0,3.489,4017459.702,13.723
23441,1000,26600.762,12923.681,80.729,178.909,12.439,3.626,4338684.131,17.438
23442,1000,36909.576,26079.082,43.226,34.64,12.522,1.944,1246860.831,19.244
23443,1001,10309.993,38186.798,54.132,67.667,16.908,1.633,880070.946,15.404
23444,1001,10833.214,36617.44,111.666,522.786,0,4.475,6610238.597,13.841
23445,1001,26599.097,12981.501,115.387,451.641,0,3.701,4520265.551,14.764
23446,1002,10607.398,33928.425,69.424,91.569,12.782,2.669,2350124.672,20.026
23447,1002,10797.338,36560.267,2.403,23.455,28.207,1.935,1235760.101,7.331
23448,1002,11201.528,36640.996,3.433,34.644,21.997,2.331,1793657.045,6.095
23449,1002,28592.602,15780.049,89.173,248.218,0,2.423,1938436.713,13.527
23450,1002,36235.464,24587.392,68.079,85.144,12.179,2.503,2068283.97,19.985
23451,1003,9930.394,39276.121,5.407,13.666,18.825,2.593,2219063.05,11.516
23452,1003,10396.765,38180.532,156.668,779.169,0,3.192,3362705.228,14.416
23453,1003,10567.987,33905.866,101.419,343.804,0,3.606,4293254.425,14.829
23454,1003,11359.383,34957.728,2.453,17.846,21.307,1.985,1300658.057,8.64
23455,1003,24003.377,29356.531,6.742,23.706,16.515,2.792,2572281.697,8.467
23456,1003,26565.268,12925.612,140.635,618.822,0,2.776,2542903.621,13.868
23457,1003,36306.461,24674.551,67.836,87.087,10.471,2.401,1902901.324,19.239
23458,1003,36942.759,28581.709,53.174,76.175,6.796,0.978,315803.146,13.189
23459,1004,9983.919,39264.394,90.765,285.683,5.517,2.217,1621692.802,12.365
23460,1004,10370.444,38155.131,218.81,1382.064,0,3.362,3729097.39,15.682
23461,1004,10562.131,33940.395,142.535,571.522,0,4.463,6573416.316,18.649
23462,1004,22551.72,29444.704,123.137,413.232,0,2.218,1623959.607,14.224
23463,1005,9996.957,39271.466,10.661,30.638,18.632,3.066,3103208.653,8.27
23464,1005,10298.822,38160.67,130.496,561.164,0,3.756,4656711.908,15.122
23465,1005,10636.413,33923.725,6.183,17.535,23.555,2.339,1805510.894,9.646
23466,1005,10803.157,38297.36,89.892,115.927,19.355,1.138,427128.308,18.408
23467,1005,11218.346,36592.228,66.726,86.085,21.226,1.748,1008869.511,17.111
23468,1005,26562.254,12881.497,8.091,48.863,20.037,5.013,8291726.595,6.58
23469,1005,28422.245,15882.195,97.01,277.428,0,3.744,4627669.102,16.598
23470,1005,35788.48,25808.76,150.655,459.286,0,1.641,888531.767,15.843
23471,1006,9949.55,39198.919,145.308,775.236,0,2.525,2103680.19,12.146
23472,1006,10300.005,38147.375,111.291,468.206,0,3.244,3472913.845,12.976
23473,1006,10560.006,33925.675,4.503,42.074,18.132,2.31,1760353.399,5.541
23474,1006,10750.78,35364.807,98.737,198.978,13.425,4.237,5923985.869,23.782
23475,1006,10812.198,36667.606,116.202,543.805,0,2.74,2480226.746,11.772
23476,1006,11245.494,36581.477,140.445,660.251,0,3.607,4294548.766,14.648
23477,1006,26614.875,12907.943,93.974,390.794,0,2.862,2703308.491,11.308
23478,1006,27528.993,14927.087,118.324,445.481,0,2.209,1611339.293,12.907
23479,1006,35813.646,25647.268,108.198,310.813,0,2.274,1707177.392,14.623
23480,1006,36320.363,24722.147,4.256,39.943,12.54,1.528,770889.711,5.475
23481,1006,36878.254,28327.679,8.696,29.824,13.602,2.289,1728799.813,7.415
23482,1007,9944.914,39229.117,127.623,551.217,0,2.768,2529318.52,13.184
23483,1007,10831.202,36686.131,163.043,1029.653,0,3.437,3898721.878,12.913
23484,1007,11043.166,34238.335,9.877,43.639,24.933,3.082,3133910.768,6.479
23485,1007,23973.648,29075.22,133,421.898,0,2.642,2303729.517,16.399
23486,1007,26640.008,12800.46,0.335,25.568,20.382,2.108,1466439.465,6.987
23487,1007,35809.148,25713.566,103.297,267.1,0,2.204,1603384.405,15.076
23488,1008,10804.271,36798.63,4.637,15.728,38.507,3.218,3417406.054,11.178
23489,1008,11045.621,34266.754,147.837,752.779,0,1.564,807652.207,11.528
23490,1008,27507.197,14991.159,111.015,336.409,0,2.755,2505365.102,15.269
23491,1008,28394.629,15954.869,58.439,46.228,12.522,2.318,1772767.534,24.528
23492,1008,34329.161,28343.162,143.664,604.74,0,2.145,1518921.807,13.429
23493,1008,35780.498,25799.153,93.017,126.065,8.675,1.868,1151900.533,20.514
23494,1009,22120.976,29698.8,62.097,116.093,7.507,2.675,2361478.396,14.689
23495,1009,27496.067,14958.556,95.271,171.947,7.112,1.8,1069243.535,17.086
23496,1009,34332.447,28399.423,7.075,12.138,16.431,1.277,538198.167,10.916
23497,1009,35766.848,25746.538,42.198,44.36,12.45,1.882,1169412.66,15.79
23498,1010,10334.847,38145.436,125.437,514.843,0,4.203,5831423.946,16.095
23499,1010,10554.566,37294.624,36.274,38.336,19.564,1.829,1104577.238,14.677
23500,1010,10965.085,36955.98,10.491,18.755,28.335,4.613,7023007.067,13.947
23501,1010,11047.2,34092.244,233.156,1795.093,0,2.87,2717820.164,13.432
23502,1010,32480.955,26878.805,5.504,19.882,14.633,1.403,649469.715,8.096
23503,1010,34358.129,28307.762,73.556,85.067,11.516,1.949,1254008.084,20.07
23504,1010,35826.009,25646.958,83.507,193.03,4.572,3.142,3257855.232,16.164
23505,1010,36288.897,25242.639,56.268,103.417,9.324,1.982,1296379.683,12.952
23506,1011,9890.121,39206.958,43.195,35.117,21.093,2.678,2366045.483,21.76
23507,1011,10320.562,38240.063,1.976,26.682,22.531,3.407,3831276.822,7.66
23508,1011,10535.6,37253.938,111.721,416.962,2.358,1.995,1313994.471,12.273
23509,1011,10755.865,36730.928,67.04,87.209,26.57,3.781,4716870.969,23.854
23510,1011,11104.915,34409.354,39.571,60.479,27.38,2.618,2261229.487,13.278
23511,1011,26875.298,12876.959,10.484,22.142,20.536,2.364,1843551.63,9.427
23512,1011,27498.608,14967.516,104.664,323.852,0,2.28,1716686.179,13.677
23513,1011,35840.734,25603.305,8.577,21.809,15.759,1.187,465244.5,8.151
23514,1011,36317.688,25199.889,0.127,18.375,22.783,4.711,7325118.803,11.436
23515,1012,9920.797,39123.885,3.115,38.212,22.036,3.395,3803848.822,6.154
23516,1012,10395.018,38168.938,99.511,280.981,16.716,2.603,2236757.34,14.647
23517,1012,10766.644,35409.123,29.966,31.512,19,3.382,3775453.212,17.229
23518,1012,11348.753,36146.022,106.964,369.929,0,2.749,2494740.322,13.633
23519,1012,22296.643,30378.924,49.796,38.477,16.169,2.405,1908983.794,23.15
23520,1012,28398.574,15768.151,5.807,20.195,16.118,1.391,638357.303,8.069
23521,1013,9987.015,39224.751,103.538,372.107,0,3.553,4165168.653,14.323
23522,1013,10539.057,37231.72,136.852,612.183,0,3.01,2990848.054,13.859
23523,1013,11176.113,37299.783,128.3,533.812,0,1.38,628144.939,11.777
23524,1013,22317.634,30397.934,6.441,34.376,16.931,3.486,4011323.07,7.052
23525,1013,27505.225,14912.639,112.629,411.95,0,2.952,2875492.038,13.901
23526,1013,28966.45,16018.075,64.553,86.746,9.581,2.012,1335877.792,17.029
23527,1014,10539.197,34048.685,102.593,377.732,0,3.337,3675807.503,13.639
23528,1014,10559.26,37254.547,2.005,18.109,27.429,2.732,2462416.796,9.222
23529,1014,10714.673,35370.116,8.037,26.423,20.957,4.801,7607837.294,10.045
23530,1014,27489.504,14940.016,122.412,445.634,0,2.718,2438533.672,14.296
23531,1014,36397.361,24962.341,7.597,17.767,21.05,2.669,2351103.549,10.301
23532,1015,10000.719,39199.638,1.109,32.866,21.421,3.264,3515019.817,6.58
23533,1015,10781.558,35357.224,170.026,885.872,0,2.902,2779204.822,14.23
23534,1015,11154.558,37330.34,89.441,260.432,4.338,2.328,1789238.989,13.026
23535,1015,22342.227,30315.126,129.331,611.372,0,3.066,3102771.226,12.952
23536,1015,26838.485,12993.489,90.194,245.937,4.86,1.854,1134450.723,12.941
23537,1015,36336.266,25099.049,42.826,37.343,13.277,0.482,76561.082,15.124
23538,1016,9919.27,39165.944,56.51,82.6,16.577,1.953,1258482.369,14.903
23539,1016,10350.813,38122.639,46.165,61.741,24.427,4.444,6518058.77,20.333
23540,1016,10755.041,36660.992,75.996,206.637,11.87,3.664,4431074.671,14.48
23541,1016,22427.139,30254.077,137.127,513.092,0,1.782,1048192.096,13.482
23542,1016,26750.872,12996.654,91.874,380.694,0,3.903,5028369.48,12.445
23543,1017,9991.99,39211.03,7.677,23.715,19.874,2.604,2237381.609,8.515
23544,1017,10754.92,36627.776,102.835,428.342,0,3.862,4922360.501,13.3
23545,1017,11148.188,37350.231,167.012,984.933,0,3.408,3832698.988,13.719
23546,1017,22477.921,30247.112,4.294,21.558,24.267,2.23,1641001.613,8.091
23547,1017,23281.476,29029.319,6.174,12.138,21.937,2.357,1832971.739,12.279
23548,1017,26689.643,12983.552,90.85,249.028,7.055,1.831,1106319.124,12.921
23549,1017,35780.881,25650.216,60.843,62.712,10.973,1.477,720357.946,17.98
23550,1018,9902.732,39218.309,162.025,1031.866,0,3.223,3427843.85,12.488
23551,1018,10743.336,35406.123,34.121,24.085,23.647,2.412,1919950.118,20.64
23552,1018,10831.245,36623.612,133.011,651.2,1.175,3.46,3951810.746,13.474
23553,1018,11110.167,34197.423,19.79,18.594,25.287,1.985,1300967.425,13.943
23554,1018,22643.927,30200.292,6.169,16.926,20.666,4.003,5287857.692,12.15
23555,1018,23281.777,29080.885,3.26,22.047,21.476,2.572,2183667.184,8.113
23556,1018,28402.542,15908.148,32.188,36.763,13.389,2.741,2479412.292,15.142
23557,1018,35824.846,25676.251,147.363,476.844,0,1.292,550895.682,14.502
23558,1019,10792.915,36566.304,9.453,26.777,28.05,2.885,2746043.016,8.529
23559,1019,22083.204,29798.115,122.01,455.08,0,3.288,3568565.714,15.078
23560,1019,32716.983,27051.83,7.659,33.457,12.253,2.945,2861608.765,7.08
23561,1020,9920.469,39203.518,148.182,639.342,0,1.983,1298247.072,13.233
23562,1020,10325.825,38099.348,117.58,535.695,0,2.895,2766308.02,12.261
23563,1020,10801.517,36594.351,34.282,39.335,21.24,3.7,4518689.004,17.778
23564,1020,10766.134,38323.844,68.59,144.039,21.353,2.151,1527358.546,13.49
23565,1020,11109.35,34132.704,109.388,542.388,0,3.662,4426225.863,11.993
23566,1020,22078.019,29758.956,5.274,20.763,22.788,3.29,3572684.64,9.414
23567,1020,22544.466,30216.744,162.718,731.85,0,1.669,919495.741,13.186
23568,1020,28267.564,15834.609,68.26,90.969,19.218,1.489,731603.477,16.363
23569,1020,35728.609,25831.536,112.23,411.499,0,2.505,2070537.878,13.139
23570,1021,9950.688,39215.584,38.513,43.173,18.63,1.215,487396.685,13.494
23571,1021,10726.302,35351.647,8.913,16.353,23.151,2.789,2566736.095,11.492
23572,1021,11165.619,34063.414,141.045,702.1,0,2.132,1499951.934,11.969
23573,1021,22131.617,29754.659,46.885,30.893,20.267,2.066,1408815.941,23.489
23574,1021,22547.258,30243.298,90.029,242.42,7.563,0.994,326022.336,12.082
23575,1021,28372.571,15786.558,127.795,446.168,0,2.686,2380201.545,15.054
23576,1021,33006.954,27369.098,127.03,392.634,0,2.295,1737853.707,15.44
23577,1022,9955.873,39156.506,109.641,442.52,0,2.604,2237595.004,12.315
23578,1022,10347.073,38057.887,113.411,455.139,0,2.305,1754184.755,12.223
23579,1022,10858.343,36646.169,105.87,458.001,3.307,1.686,938167.924,10.645
23580,1022,11149.774,34048.843,142.557,605.05,0,2.789,2567133.827,14.356
23581,1022,22538.709,30230.756,84.091,164.314,6.431,0.871,250336.301,13.738
23582,1022,26691.112,13151.863,69.557,188.918,7.509,1.789,1056774.478,11.228
23583,1022,33006.593,27330.593,168.163,645.59,0,3.2,3378536.465,18.258
23584,1023,9969.082,39216.83,51.211,73.921,15.04,1.48,722608.944,13.532
23585,1023,10839.077,36571.678,142.596,728.745,0,3.852,4896828.175,14.353
23586,1023,22476.244,29544.82,150.314,651.467,0,3.792,4744896.725,16.713
23587,1023,22478.465,30213.622,27.124,34.961,18.246,3.158,3291288.961,13.957
23588,1023,32930.408,27321.838,63.186,95.289,9.678,1.712,967392.961,15.015
23589,1024,9954.357,39241.491,40.592,34.775,17.759,1.962,1270774.593,17.942
23590,1024,22398.174,29525.799,39.895,38.005,17.212,2.276,1709655.526,17.447
23591,1024,26452.489,12792.28,65.403,140.021,6.273,3.439,3904046.533,15.226
23592,1024,26718.828,13111.136,7.855,34.274,23.779,3.665,4432058.56,7.443
23593,1025,9996.519,39279.605,5.04,40.177,15.768,2.053,1390761.191,5.663
23594,1025,10798.946,38331.916,36.021,62.271,17.237,4.472,6599221.89,14.671
23595,1025,11166.844,33964.77,173.304,783.817,0,3.329,3656763.5,16.85
23596,1025,22393.375,29542.033,116.926,373.627,5.86,1.924,1221137.315,13.733
23597,1025,32927.254,27330.784,88.54,241.536,0,1.934,1234439.601,12.913
23598,1025,36361.036,25366.596,106.262,393.874,0,3.628,4344132.386,14.388
23599,1025,36855.971,28337.325,51.594,48.577,12.625,1.974,1286034.801,18.962
23600,1026,10845.155,38363.48,44.698,50.307,21.806,1.558,800862.966,14.866
23601,1026,21991.801,29830.252,122.753,621.77,0,4.398,6385338.097,13.837
23602,1026,23053.139,29953.157,58.035,168.561,7.541,3.687,4485890.006,11.767
23603,1027,10826.57,38366.666,124.492,466.805,0,2.49,2045620.678,13.78
23604,1027,22399.229,30165.395,160.754,837.179,0,2.973,2917855.103,13.836
23605,1027,22992.255,29909.286,129.4,438.853,0,2.532,2115883.412,15.165
23606,1027,23240.379,29146.366,110.178,353.388,0,2.912,2797982.062,14.917
23607,1027,36338.93,25688.28,112.996,443.015,0,3.131,3235669.987,13.574
23608,1028,22446.097,30266.41,102.096,215.62,12.243,2.144,1517687.244,16.937
23609,1028,26653.961,13390.722,63.488,163.221,7.595,0.746,183657.455,10.355
23610,1028,36885.149,28399.553,30.871,31.724,15.004,0.801,211833.024,12.687
23611,1029,10335.869,38016.511,134.245,604.638,0,3.171,3318381.907,13.885
23612,1029,11183.802,33913.052,7.353,12.038,24.046,3.727,4583081.646,15.718
23613,1029,21563.193,30616.912,103.571,341.894,0,4.366,6292033.561,16.9
23614,1029,22482.539,30240.305,2.264,19.518,21.139,3.556,4174187.997,9.653
23615,1029,36889.512,28479.038,6.214,24.145,16.911,3.105,3181047.471,8.522
23616,1030,10320.39,38079.815,1.005,22.511,24.029,4.131,5630561.349,9.209
23617,1030,10719.823,35434.644,6.822,19.947,24.272,2.311,1761776.894,9.009
23618,1030,22400.404,30202.177,2.656,31.316,16.689,5.132,8692541.297,8.108
23619,1030,26566.583,13361.124,3.922,16.186,17.754,3.515,4077021.789,11.232
23620,1030,27439.017,13518.982,7.818,29.681,16.007,2.338,1804370.632,7.289
23621,1030,36360.019,25265.472,135.358,501.065,0,1.668,917785.473,13.306
23622,1031,10371.532,38065.953,142.049,916.292,0,3.442,3910636.746,11.623
23623,1031,10799.699,32956.594,3.701,37.007,16.34,1.936,1236688.991,5.764
23624,1031,10819.724,38332.817,107.688,578.16,0,4.656,7156469.931,12.424
23625,1031,11126.943,34142.079,51.179,89.823,21.475,2.709,2422477.537,13.854
23626,1031,23150.97,29150.298,127.22,432.023,0,1.992,1309573.29,14.013
23627,1031,26586.329,13359.013,125.654,420.97,2.08,2.012,1335759.558,14.06
23628,1032,10242.025,39518.319,4.642,20.03,16.74,2.863,2705625.011,9.084
23629,1032,10756.935,32896.88,98.632,219.325,5.869,1.584,827996.853,14.901
23630,1032,10799.869,38315.573,4.22,41.432,22.936,3.324,3646198.029,5.92
23631,1032,11061.592,37512.174,123.122,445.482,3.538,2.771,2534370.21,14.504
23632,1032,21640.129,30638.722,3.871,9.579,19.898,2.11,1469012.375,13.229
23633,1032,23232.034,29086.46,190.607,1003.816,0,4.084,5503290.174,17.871
23634,1032,26562.375,13358.795,3.722,23.834,20.473,2.944,2860009.614,8.055
23635,1032,36422.219,25365.436,100.725,336.606,0,1.783,1049201.056,12.112
23636,1032,36929.555,28568.006,38.428,43.639,17.026,2.882,2740994.706,16.67
23637,1033,11116.059,34322.241,5.536,19.521,29.644,3.508,4060216.571,10.134
23638,1033,26570.543,13380.257,154.001,700.383,0,4.077,5485798.736,17.031
23639,1033,36961.953,28501.731,150.311,674.565,0,3.863,4924290.238,16.433
23640,1034,10350.171,38091.364,55.018,26.588,24.443,2.704,2413658.355,37.977
23641,1034,11146.285,37441.122,52.469,75.348,15.47,2.856,2691589.773,16.441
23642,1034,11350.811,34903.282,33.213,29.266,18.015,1.697,950655.922,15.624
23643,1034,26596.499,13382.012,111.099,400.013,0,2.531,2114345.969,13.251
23644,1034,36927.833,28469.305,83.99,188.387,10.987,0.926,283007.132,12.809
23645,1035,10796.336,38312.729,5.772,22.048,26.099,2.249,1669144.627,8.225
23646,1035,11128.507,33963.015,105.548,518.454,0,2.099,1454577.093,10.201
23647,1035,11113.975,37387.092,126.795,695.34,0,5.441,9773778.295,14.948
23648,1035,22508.878,29478.215,118.728,479.82,0,2.432,1951255.71,12.674
23649,1035,26616.771,13345.367,117.084,515.681,0,5.766,10972790.895,17.393
23650,1035,26790.604,12823.671,69.104,88.914,14.632,3.035,3040644.922,21.657
23651,1035,36914.024,28388.927,80.516,205.774,0,1.929,1229329.505,12.738
23652,1036,11140.3,37390.925,129.204,557.448,0,4.02,5334045.361,15.478
23653,1036,22506.493,29501.217,47.189,66.863,14.278,2.774,2538886.37,15.503
23654,1036,27739.92,15376.988,96.199,277.23,0,4.842,7738778.809,18.947
23655,1036,28162.404,15765.642,134.37,452.425,0,2.328,1788461.69,15.192
23656,1036,36969.736,28386.863,100.237,255.246,0.288,3.754,4651943.734,18.577
23657,1037,11155.653,37394.063,100.045,398.574,0,2.181,1570552.794,11.284
23658,1037,21727.685,30597.517,103.674,260.754,3.419,3.022,3013847.425,17.262
23659,1037,22522.612,29460.363,45.297,55.924,13.654,2.041,1374708.496,15.049
23660,1037,28188.74,15762.101,37.732,37.895,12.643,1.966,1275484.004,15.689
23661,1037,36293.525,25265.991,109.029,390.682,0,3.038,3046247.264,13.95
23662,1038,11122.034,33925.105,10.237,26.59,27.259,3.559,4179617.627,9.409
23663,1038,28219.198,15760.946,61.824,77.692,9.748,2.583,2201218.156,19.039
23664,1038,36270,25208.238,78.279,192.034,9.701,2.723,2446157.601,14.099
23665,1039,10383.291,38034.562,144.339,804.154,0,2.787,2563342.202,12.091
23666,1039,28217.477,15796.745,138.629,477.165,0,4.161,5713432.79,19.777
23667,1039,36970.061,28356.634,72.835,119.428,7.556,2.311,1762781.675,16.733
23668,1040,10677.647,36970.407,112.311,486.575,0,4.237,5924511.919,14.332
23669,1040,11094.518,34455.334,254.245,2046.873,0,2.648,2314817.822,13.45
23670,1040,21702.959,30495.019,34.501,27.59,17.2,3.772,4694655.855,24.026
23671,1040,22525.354,30203.987,67.065,129.283,6.638,1.842,1119840.959,13.558
23672,1040,28185.438,15740.675,108.352,303.591,0,1.892,1180770.908,14.184
23673,1040,36318.185,25162.254,31.369,18.287,24.71,2.056,1395671.402,21.417
23674,1041,10626.815,34600.611,34.396,65.121,18.248,3.885,4981340.413,12.55
23675,1041,10674.487,36995.597,104.798,418.43,0,3.776,4705567.018,13.75
23676,1041,11058.918,34339.544,59.855,72.567,22.957,2.278,1713233.737,18.227
23677,1041,23596.585,29118.82,4.775,13.127,21.126,1.498,740464.752,10.178
23678,1041,26782.449,12842.632,113.911,448.448,0,4.306,6119768.773,15.691
23679,1041,36283.001,25183.621,128.742,557.175,0,2.856,2691669.998,13.374
23680,1042,10685.398,36983.802,105.62,515.804,0,2.138,1508391.025,10.271
23681,1042,22461.309,30205.07,49.53,61.864,11.322,1.765,1028612.342,15.022
23682,1042,27749.356,15266.628,0.317,10.979,19.062,2.495,2054622.97,12.398
23683,1043,10722.772,37043.034,85.38,133.754,19.377,2.095,1448031.463,18.359
23684,1043,26693.322,13498.7,63.769,128.176,11.947,1.981,1295454.044,13.075
23685,1043,26836.041,12734.193,143.354,535.233,0,2.784,2557777.712,15.714
23686,1044,26739.103,13510.062,257.047,1734.852,0,1.717,973339.655,13.604
23687,1044,36315.806,25061.863,132.477,592.335,0,3.215,3412509.711,13.907
23688,1045,26682.844,13437.094,125.626,522.144,0,3.702,4523501.511,14.994
23689,1045,26764.288,12696.995,81.799,220.366,0.646,1.698,951847.496,12.173
23690,1045,36334.482,25059.255,71.355,166.519,12.44,2.862,2702993.802,14.037
23691,1046,11124.059,33921.592,4.42,18.849,28.046,2.797,2581946.294,9.346
23692,1046,26721.558,13502.295,62.696,88.821,17.734,3.754,4650928.785,21.204
23693,1046,26808.588,12604.909,91.804,409.413,0,3.876,4958723.176,11.779
23694,1046,28236.559,14885.946,10.375,23.002,14.992,3.526,4103666.012,10.42
23695,1046,28356.535,15844.733,68.713,67.933,12.516,2.434,1955046.794,23.545
23696,1046,36304.176,25031.872,49.315,72.852,21.862,2.752,2499105.602,15.363
23697,1047,11155.211,33926.969,19.373,21.187,25.972,3.22,3420662.578,15.017
23698,1047,11282.976,34977.195,70.177,64.447,25.326,2.425,1939994.993,25.164
23699,1047,26764.969,13490.908,93.816,326.398,0,3.521,4090869.987,13.678
23700,1047,26888.87,12660.46,113.324,347.778,0,2.843,2667268.366,15.522
23701,1047,28327.231,15833.845,8.881,21.495,14.825,1.581,825348.902,8.515
23702,1047,36322.216,25090.654,134.958,557.965,0,2.801,2590012.301,14.122
23703,1048,11361.233,34951.565,7.428,22.438,24.384,3.619,4321687.533,9.765
23704,1048,28279.678,15801.299,110.239,346.238,0,1.783,1049646.043,13.211
23705,1048,36880.105,28720.466,3.624,40.618,11.121,3.448,3922519.123,5.989
23706,1049,10615.409,32903.72,107.652,364.123,0,1.681,932666.73,12.357
23707,1049,11361.986,34875.8,7.339,15.064,28.704,2.68,2370544.257,11.439
23708,1049,11387.176,35891.634,120.751,425.015,0,2.822,2628288.19,14.687
23709,1049,36324.096,25115.638,7.456,20.445,20.003,3.015,3000258.449,9.731
23710,1049,36912.521,28725.711,96.356,259.795,0,2.803,2592369.838,15.197
23711,1050,11372.264,34915.429,139.549,849.712,0,3.173,3322947.885,11.621
23712,1050,11336.899,35851.036,174.723,980.892,0,3.921,5074988.696,15.624
23713,1050,26898.267,12656.864,119.071,363.552,0,2.288,1727099.796,14.935
23714,1051,11335.198,34881.695,1.457,8.472,27.947,3.539,4132597.872,17.96
23715,1051,11385.589,35917.82,125.391,575.753,0,2.537,2124791.875,12.222
23716,1051,36228.955,25046.083,32.916,32.469,18.956,1.275,536200.504,13.809
23717,1052,10674.326,32957.538,78.042,54.064,15.893,2.5,2063322.001,34.234
23718,1052,11105.186,34348.23,27.529,17.348,26.462,2.233,1645272.668,20.135
23719,1052,11335.381,34908.518,149.819,716.379,0,4.106,5563324.642,16.121
23720,1053,11345.577,34895.577,38,49.827,27.656,2.97,2910651.032,15.166
23721,1053,11365.027,35938.518,203.55,1102.626,0,1.796,1064969.347,13.634
23722,1053,22320.635,29605.897,2.452,19.658,18.492,1.664,913701.658,7.942
23723,1053,23954.5,29221.704,118.214,374.088,0,3.738,4612564.016,17.676
23724,1053,32550.888,32494.126,134.222,408.11,0,3.445,3916402.355,19.15
23725,1053,35916.144,29063.759,123.913,420.153,0,2.629,2280331.381,14.939
23726,1054,10837.396,33019.568,133.731,489.157,0,2.009,1332593.611,13.817
23727,1054,11331.506,34935.008,124.603,614.988,0,2.837,2656268.722,11.993
23728,1054,11408.046,35894.818,72.318,132.845,13.381,2.465,2004825.292,15.783
23729,1054,23918.613,29262.291,7.75,29.742,20.753,3.428,3879141.492,7.977
23730,1054,27801.751,15297.998,118.109,386.356,0,2.265,1693610.894,14.176
23731,1055,10792.519,36807.243,9.176,22.022,25.838,2.397,1895512.502,9.116
23732,1055,11160.914,34445.935,71.043,92.97,24.655,4.332,6192287.017,27.044
23733,1055,11323.092,35889.302,158.498,649.35,0,3.511,4068402.857,17.436
23734,1055,22106.354,29689.01,29.414,14.783,20.428,0.941,292371.923,18.785
23735,1055,23859.4,29302.347,132.922,741.142,0,4.377,6321456.473,13.602
23736,1055,27002.345,12803.633,78.105,185.362,4.607,1.682,933279.337,12.767
23737,1055,32583.137,32602.681,92.121,216.287,0,3.839,4865033.909,18.849
23738,1056,22126.938,29665.349,47.808,74.289,15.726,3.062,3093203.861,15.221
23739,1057,11360.039,35840.396,0.698,44.743,17.748,3.735,4604849.567,5.603
23740,1057,37023.569,28348.824,82.295,158.223,3.551,2.325,1784004.32,16.217
23741,1058,10901.9,38288.836,103.686,329.116,0,1.52,762620.989,12.373
23742,1058,11339.359,34989.827,101.597,423.509,0,4.285,6060793.251,13.828
23743,1059,10930.967,38265.495,26.266,17.195,21.517,1.352,603083.894,16.631
23744,1059,11174.604,33942.103,131.472,567.752,0,1.483,725970.716,11.785
23745,1059,23400.129,29699.884,96.484,256.451,3.575,2.601,2232828.879,14.955
23746,1059,23947.26,29304.625,85.442,269.343,0,3.6,4277625.943,13.935
23747,1060,11358.35,34938.985,138.272,608.377,0,5.205,8941073.52,18.572
23748,1060,22165.562,29600.41,7.349,17.744,19.725,3.758,4659602.4,11.736
23749,1061,10663.081,36731.514,135.793,557.337,0,3.581,4231362.266,15.737
23750,1061,22239.44,29593.78,7.392,34.656,16.364,4.46,6563377.098,7.823
23751,1061,37005.69,27449.59,103.212,283.394,0,1.284,544210.348,13.112
23752,1062,23883.314,29433.221,125.32,414.491,0,3.074,3118528.989,16.256
23753,1062,28350.211,14933.058,138.092,477.146,0,1.63,876436.442,13.958
23754,1062,35837.976,25361.167,5.996,32.458,19.246,2.681,2372387.371,6.787
23755,1063,10920.97,33796.801,58.184,41.601,25.538,1.739,998375.452,23.309
23756,1063,22160.449,29604.27,5.719,45.325,14.661,3.44,3904348.993,5.81
23757,1063,28295.358,14909.039,67.564,128.48,4.55,2.193,1586472.434,14.315
23758,1063,35842.182,25356.103,5.984,26.763,18.41,2.641,2301529.65,7.604
23759,1064,10938.269,33721.883,39.964,47.81,18.108,2.42,1932955.232,15.294
23760,1064,11215.068,34517.866,113.201,487.031,0,3.293,3579238.342,12.993
23761,1064,22195.899,29590.237,66.509,241.144,1.583,3.313,3622508.609,10.55
23762,1064,36019.744,25000.647,128.856,477.151,0,4.37,6303766.79,18.171
23763,1065,9845.192,39276.986,6.273,19.688,17.998,1.926,1224563.25,8.636
23764,1065,10725.514,36671.482,35.66,44.549,16.645,2.816,2617805.87,14.952
23765,1065,22169.637,29588.886,24.061,27.691,18.786,1.567,810230.752,12.012
23766,1066,11315.383,35796.252,73.475,89.824,12.005,1.581,824592.513,18.191
23767,1066,22250.328,29556.603,60.27,111.516,19.27,2.399,1899615.591,14.042
23768,1066,23401.121,29744.905,162.223,673.845,0,3.201,3381341.294,16.803
23769,1066,36414.922,25609.419,75.858,197.35,7.968,2.805,2597130.527,13.439
23770,1067,11151.843,34449.02,79.743,198.202,11.939,2.817,2619138.574,14.301
23771,1067,22239.578,29595.514,1.502,19.476,27.802,2.992,2953891.084,9.014
23772,1068,11167.848,34495.8,48.433,55.581,21.551,3.672,4449623.853,21.06
23773,1068,11348.509,34897.364,36.218,28.841,21.614,2.169,1553283.228,18.591
23774,1068,11294.68,35768.141,49.998,72.274,14.164,2.477,2025561.61,15.121
23775,1068,21570.58,30533.156,67.656,141.521,3.985,1.264,527332.246,12.277
23776,1068,22320.349,29520.787,4.518,28.274,16.437,1.299,556888.43,6.538
23777,1068,35824.827,25344.669,119.54,369.694,0,1.611,857015.315,13.702
23778,1069,10875.609,32961.176,3.595,24.498,21.906,2.816,2616148.891,7.806
23779,1069,21499.609,30517.881,44.066,44.139,12.821,1.834,1109852.636,16.486
23780,1069,22239.776,29598.108,3.778,17.341,17.207,1.839,1116579.225,8.809
23781,1069,35792.61,25346.298,72.908,193.908,2.676,2.44,1964152.437,12.423
23782,1070,10855.452,33047.046,152.712,630.836,0,2.803,2591991.457,15.328
23783,1070,11197.674,34559.951,6.038,21.644,24.252,3.466,3963911.629,9.492
23784,1070,21518.664,30560.022,2.796,36.285,11.847,3.738,4610022.176,6.501
23785,1070,28320.894,14962.502,77.612,133.044,5.888,3.127,3226651.929,19.124
23786,1070,36239.636,25124.663,8.56,19.265,17.949,4.038,5379922.025,11.868
23787,1070,36968.339,28501.31,61.945,75.947,10.128,1.213,485832.335,15.793
23788,1071,11120.123,34404.726,5.716,45.323,30.643,3.887,4985201.51,5.99
23789,1071,22044.945,29722.619,109.764,355.752,0,1.799,1068506.938,12.957
23790,1071,23370.382,29768.428,141.264,495.701,0,2.375,1861233.997,15.357
23791,1071,28341.062,15062.047,77.748,207.197,0,4.902,7929461.716,17.402
23792,1071,36969.629,28475.067,159.532,592.09,0,1.716,972036.2,14.686
23793,1072,9944.508,39280.437,189.337,1039.007,0,2.89,2756133.656,14.736
23794,1072,22146.913,29690.275,132.804,462.74,0,3.023,3015634.418,16.183
23795,1072,28346.517,15095.63,41.751,32.129,13.689,1.928,1226938.628,19.405
23796,1072,36936.602,28510.233,142.011,581.662,0,3.255,3497631.354,15.584
23797,1073,11281.705,35830.436,7.004,16.458,19.532,2.583,2201966.854,10.553
23798,1073,21524.876,30593.605,109.758,332.293,0,2.89,2757238.919,15.441
23799,1073,23411.837,29780.176,69.118,93.891,9.772,1.765,1027587.588,16.928
23800,1074,34449.953,29295.856,73.844,135.732,2.75,2.921,2816397.779,17.06
23801,1074,36281.802,24909.649,97.141,239.214,0,3.352,3711095.056,17.592
23802,1074,36882.296,28473.735,4.649,14.405,18.165,1.951,1256227.867,10.105
23803,1075,10612.938,33504.305,38.464,44.608,18.248,3.638,4368697.362,18.393
23804,1075,22318.911,29556.22,3.989,24.428,15.425,3.467,3966488.516,8.382
23805,1075,36302.307,24943.083,68.499,115.968,7.96,2.793,2574366.818,16.94
23806,1075,36905.015,28461.323,84.568,275.811,0,1.337,590510.603,10.807
23807,1077,21484.576,30476.374,129.659,379.272,0,1.885,1172998.44,15.342
23808,1077,34474.93,29291.664,150.607,450.336,0,2.029,1359089.034,16.92
23809,1078,10809.037,36655.38,13.828,24.398,21.055,1.275,536070.848,9.014
23810,1078,23453.907,29766.944,99.634,199.477,7.32,3.429,3879885.028,21.197
23811,1078,34429.251,29302.645,78.53,180.707,0.175,1.501,743792.037,12.807
23812,1079,9898.381,39302.507,105.915,194.468,7.203,1.405,651418.889,16.989
23813,1079,36971.915,28379.106,84.087,217.467,0,1.642,890228.526,12.581
23814,1079,37029.142,27772.828,130.709,531.082,0,3.191,3360143.083,14.688
23815,1080,22422.967,29574.823,110.954,366.898,0,1.257,521657.325,12.26
23816,1081,22330.292,29594.795,7.241,10.434,18.096,2.55,2145314.302,14.439
23817,1081,23485.084,29737.557,50.768,54.316,16.689,3.535,4124134.365,22.388
23818,1081,32448.175,33287.433,75.177,148.491,2.582,2.516,2089604.565,15.492
23819,1081,36400.357,25440.506,7.718,33.244,14.175,2.74,2478022.741,7.006
23820,1081,36798.729,28402.439,4.06,18.456,16.451,2.627,2278015.164,9.24
23821,1081,37067.225,27802.687,109.579,273.293,0,3.531,4115132.553,19.475
23822,1082,28322.172,15282.124,6.137,32.43,19.046,1.951,1255834.921,6.482
23823,1082,34446.849,29294.271,110.798,292.281,0,2.902,2780323.926,17.145
23824,1083,10625.025,33589.382,60.642,132.196,12.973,0.978,315453.39,11.181
23825,1083,10880.138,35438.644,2.732,41.282,16.048,4.039,5384454.891,6.114
23826,1083,21883.491,30667.729,85.971,103.024,11.36,2.223,1630537.066,22.705
23827,1083,22198.086,29619.201,92.695,363.6,0,3.234,3450834.256,12.103
23828,1083,23599.961,29600.495,0.493,39.487,20.845,2.395,1892592.905,5.551
23829,1083,32485.656,33280.977,112.207,381.896,0,4.101,5551466.745,16.907
23830,1083,34467.537,29293.86,132.511,428.02,0,2.158,1536946.059,15.13
23831,1083,36352.345,25676.618,60.443,102.963,14.885,1.304,561016.138,13.08
23832,1083,36622.271,28411.933,110.873,367.458,0,4.101,5549416.605,17.105
23833,1084,22188.505,29635.63,63.303,137.935,10.724,5.056,8436869.126,18.089
23834,1085,11173.789,36929.28,30.442,26.374,22.722,3.512,4070355.571,20.528
23835,1085,22139.385,29636.769,77.215,207.733,6.525,3.172,3320619.83,13.876
23836,1085,34941.963,29900.868,73.156,163.766,4.129,1.624,870069.446,12.691
23837,1086,10840.571,35361.58,2.641,15.188,30.889,2.716,2434039.499,10.407
23838,1086,34454.118,29285.541,87.753,231.887,4.93,2.3,1746402.718,13.654
23839,1086,36210.227,25562.14,82.634,152.848,7.269,0.577,109920.86,13.756
23840,1087,22960.221,29840.559,5.624,40.567,16.809,2.722,2444819.917,5.917
23841,1087,34419.388,29285.152,103.51,271.93,0,1.95,1255275.739,14.471
23842,1089,11302.583,35941.312,69.649,134.551,12.228,3.576,4221315.669,17.412
23843,1089,32525.471,33276.912,92.583,239.815,0.824,3.285,3561214.201,16.254
23844,1089,36941.882,27796.114,115.849,339.191,0,1.531,773912.443,13.784
23845,1090,10522.258,33615.834,71.192,117.855,11.994,2.75,2496552.079,17.512
23846,1090,34437.016,29289.096,107.531,349.56,0,2.378,1865997.429,13.627
23847,1091,23692.777,29572.153,112.477,415.832,0,2.932,2837378.273,13.756
23848,1091,35761.093,25354.438,5.752,29.539,15.109,2.228,1638489.706,6.905
23849,1091,36371.433,28270.378,49.29,44.504,18.353,3.266,3521032.084,24.028
23850,1092,10803.733,35518.798,1.467,19.302,24.226,2.863,2704696.496,8.938
23851,1092,23678.369,29697.214,217.277,1207.596,0,2.678,2367449.34,15.585
23852,1092,34503.741,29262.302,78.551,180.349,0,1.476,719210.262,12.795
23853,1092,35799.507,25297.829,90.847,149.934,8.755,3.012,2994813.484,21.49
23854,1093,23220.527,29894.142,111.471,370.509,0,2.094,1447704.801,13.29
23855,1093,28594.33,15527.273,107.617,346.571,0,1.696,949795.244,12.731
23856,1093,33229.087,27597.82,113.522,166.298,10.825,2.351,1824700.883,24.284
23857,1093,36400.962,28299.043,66.798,81.709,8.607,1.342,593969.301,16.693
23858,1094,10554.338,33760.052,5.953,17.318,18.641,1.781,1046372.758,9.12
23859,1094,33209.964,27599.586,122.034,405.548,0,2.681,2371480.466,15.097
23860,1095,28552.079,15503.508,121.289,425.959,0,1.765,1027995.307,13.027
23861,1096,10799.67,35625.384,0.677,13.493,25.852,1.709,964295.101,9.808
23862,1096,23303.632,29824.562,54.38,86.395,10.866,2.338,1804317.315,14.566
23863,1096,34459.078,29288.259,99.765,279.675,0,2.947,2868097.777,15.422
23864,1096,36409.81,28245.669,107.082,379.73,0,1.08,385388.789,11.446
23865,1097,33272.269,27638.325,5.561,15.745,22.223,2.869,2716749.293,10.884
23866,1097,36434.171,28258.742,79.926,161.479,3.464,1.958,1265527.13,14.697
23867,1098,10881.705,32948.293,115.14,459.569,0,3.251,3487755.903,13.768
23868,1098,23838.786,29199.005,5.995,38.016,16.501,2.251,1672201.905,6.016
23869,1098,33160.505,27631.273,96.292,327.196,0,2.346,1816554.714,12.367
23870,1098,34462.991,29356.052,133.852,438.968,0,3.399,3815149.811,17.934
23871,1098,36118.73,24489.177,144.851,481.489,0,2.357,1833570.172,16.137
23872,1098,36430.976,28274.605,88.452,201.263,0,5.57,10242038.273,23.78
23873,1099,23854.631,29252.382,75.306,177.446,7.775,2.01,1333217.898,13.012
23874,1099,33237.586,27629.446,89.135,291.644,0,2.829,2642830.073,12.755
23875,1100,9881.154,39287.24,123.729,439.624,0,3.799,4763205.176,16.873
23876,1100,10629.805,35081.615,109.652,388.026,0,1.861,1143142.416,12.37
23877,1100,10813.157,32924.602,41.236,30.753,17.594,2.71,2424035.454,22.819
23878,1100,23839.552,29203.311,5.338,30.958,16.171,1.99,1307470.073,6.561
23879,1100,27073.125,12959.577,2.273,18.036,16.532,2.882,2740318.927,9.428
23880,1101,10831.447,36746.155,87.28,261.82,10.499,1.807,1077691.502,11.959
23881,1101,23874.921,29248.091,96.25,398.23,0,4.926,8008108.111,14.379
23882,1101,28661.134,15421.213,154.463,594.087,0,1.39,637623.74,13.628
23883,1101,32476.815,33439.236,7.688,31.101,11.06,1.803,1073242.369,6.817
23884,1101,33135.862,27573.176,110.626,399.514,0,2.073,1417980.264,12.547
23885,1102,10830.53,35637.525,63.557,67.954,23.206,2.428,1945779.591,21.161
23886,1102,10776.379,36712.895,44.762,57.86,23.553,1.796,1064409.15,14.092
23887,1102,23862.784,29226.736,113.581,431.371,0,2.18,1567846.403,12.492
23888,1102,28688.756,15418.061,102.066,251.905,0,2.432,1951230.668,15.912
23889,1102,33160.481,27519.854,6.151,9.747,17.886,2.965,2900307.227,15.805
23890,1102,35787.229,26097.346,72.235,127.893,11.243,2.243,1660503.269,15.673
23891,1102,36399.477,28259.648,108.779,325.025,0,2.626,2275948.241,14.958
23892,1103,10796.392,35603.546,4.87,31.579,23.213,3.217,3414899.297,7.036
23893,1103,10775.388,36720.11,18.012,26.086,21.392,1.113,409059.471,9.837
23894,1103,11372.018,34990.235,74.069,117.505,10.644,1.518,760818.478,15.454
23895,1103,26984.824,12894.327,89.208,243.524,0,2.057,1397027.919,13.136
23896,1103,32475.634,33305.515,131.785,389.653,0,2.394,1891352.319,16.504
23897,1104,10769.317,35632.357,77.554,130.834,16.587,2.841,2663946.228,18.493
23898,1104,11348.325,34915.734,30.771,25.827,19.53,2.176,1562785.989,16.905
23899,1104,36382.012,28245.001,37.528,48.444,11.836,1.34,592508.127,12.496
23900,1105,10659.636,35109.445,31.86,32.568,21.241,1.291,550239.21,13.416
23901,1105,11361.919,34990.339,119.772,472.068,0,5.04,8386282.586,17.802
23902,1105,22238.881,30397.621,4.903,24.58,14.249,2.478,2026995.109,7.724
23903,1105,36212.2,24430.595,78.394,90.422,9.891,2.508,2074981.586,23.213
23904,1106,10644.44,35112.581,7.395,29.224,22.516,3.295,3583951.469,7.894
23905,1106,23910.037,29174.622,142.199,705.033,0,3.026,3021923.75,13.279
23906,1107,11276.499,37211.673,9.594,33.944,16.446,4.484,6635898.531,8.515
23907,1107,23849.71,29135.444,62.958,68.107,17.361,2.284,1720949.552,20.332
23908,1107,35876.518,25311.097,63.578,94.748,10.929,1.851,1130149.43,15.451
23909,1108,10502.393,33040.9,0.869,21.633,20.085,2.852,2684321.693,8.267
23910,1108,10963.877,34241.516,6.223,29.43,24.718,1.41,656028.176,6.644
23911,1108,11359.457,34919.395,38.986,17.939,20.544,1.905,1197567.559,26.802
23912,1108,22118.203,30287.134,71.776,127.677,8.453,3.039,3047142.181,17.456
23913,1108,23569.377,29021.094,48.732,39.668,15.414,2.337,1802980.795,21.738
23914,1108,27030.897,12776.376,37.057,35.246,12.112,1.957,1264140.122,16.11
23915,1108,32618.725,33277.335,64.139,77.627,7.467,1.335,588172.263,16.438
23916,1108,35818.724,25862.959,1.227,6.43,18.423,5.831,11220812.945,33.031
23917,1109,10533.718,33803.25,57.342,66.339,19.388,2.406,1910408.966,18.763
23918,1109,27041.55,12798.489,5.524,29.521,12.806,3.943,5129998.671,7.952
23919,1109,27468.827,14904.489,56.85,67.351,15.541,3.423,3866100.46,21.735
23920,1109,35802.841,25785.178,140.398,475.63,0,2.356,1831378.979,15.616
23921,1110,10800.578,36640.853,3.075,29.766,20.337,3.365,3736159.069,7.189
23922,1110,27035.157,12734.395,108.506,308.801,0,2.283,1720201.947,14.753
23923,1110,35901.341,25235.19,99.325,411.746,0,2.353,1826559.094,11.146
23924,1111,10565.457,33834.792,5.469,22.062,24.022,5.129,8681910.263,11.136
23925,1111,11005.45,34249.062,155.963,865.02,0,3.643,4380469.243,14.052
23926,1111,35727.225,25881.523,68.252,116.599,8.249,2.986,2942146.745,17.279
23927,1111,35940.866,25096.08,119.727,463.044,0,3.523,4095225.307,14.942
23928,1111,36415.566,28227.526,90.362,260.34,0,3.373,3757438.195,14.988
23929,1112,10534.931,33841.147,112.284,584.026,0,4.411,6423150.18,12.763
23930,1112,35699.878,25883.158,69.772,105.968,6.166,2.869,2716563.81,18.738
23931,1112,35900.515,24982.13,148.033,653.58,0,3.151,3276750.523,14.999
23932,1113,10525.564,33841.072,70.241,209.81,17.42,2.979,2927984.721,11.955
23933,1113,23276.337,29839.612,5.018,13.532,16.349,2.202,1599452.325,10.913
23934,1113,26767.139,13693.424,48.719,64.087,15.529,2.616,2258302.772,16.223
23935,1113,35889.896,25222.118,95.746,296.105,0,3.221,3424861.503,14.524
23936,1113,36419.488,28253.604,87.01,220.97,0,1.784,1050474.468,13.139
23937,1114,10602.875,33863.585,100.586,526.569,0,6.641,14554601.565,14.699
23938,1114,23316.424,29917.757,4.447,10.623,18.274,3.192,3362239.325,14.794
23939,1114,26824.954,12721.719,98.091,233.967,2.635,1.397,643643.793,13.967
23940,1114,36384.581,28262.655,102.201,180.652,7.848,2.678,2366258.57,20.909
23941,1115,10556.215,33822.017,107.794,525.96,0,1.606,851687.657,9.993
23942,1115,10795.874,32933,156.514,779.196,0,2.618,2262190.103,13.436
23943,1115,36416.671,28180.726,33.109,16.358,14.01,2.415,1924631.447,26.632
23944,1116,10123.078,38472.293,124.534,447.773,0,2.759,2511805.029,14.65
23945,1116,23375.516,29837.739,114.486,338.85,0,1.626,873088.417,13.745
23946,1116,36414.269,28223.437,36.118,43.056,10.24,1.908,1201902.134,13.737
23947,1117,23384.811,29822.092,45.247,58.31,13.436,0.541,96613.537,12.681
23948,1117,35946.38,24879.726,157.611,644.099,0,3.162,3298874.627,16.57
23949,1118,23788.226,29054.832,33.224,32.81,17.754,3.523,4096071.135,19.188
23950,1118,28496.744,15444.221,54.485,57.785,14.47,0.952,299203.15,15.664
23951,1119,10799.629,35679.872,0.609,35.478,25.635,2.486,2039900.906,5.936
23952,1119,22285.047,29581.261,130.861,452.228,0,3.372,3753023.23,16.913
23953,1119,23411.878,29801.804,83.708,214.424,0,2.7,2406802.35,14.224
23954,1119,36299.983,25257.464,124.563,398.919,0,2.97,2911701.237,16.328
23955,1120,10638.913,33919.472,11.793,32.133,22.98,2.472,2015979.377,7.909
23956,1120,10778.509,32910.639,41.92,49.707,19.247,3.822,4821705.261,19.395
23957,1120,10821.677,35637.455,141.588,613.447,0,2.946,2864941.563,14.372
23958,1120,22324.197,29520.046,85.351,121.259,14.231,1.197,473200.879,17.066
23959,1120,23247.568,29178.417,47.987,48.893,12.985,1.979,1292693.937,17.361
23960,1121,10793.17,35680.056,9.079,26.405,22.055,3.392,3796271.093,8.949
23961,1121,23198.73,29123.447,1.992,25.923,15.96,3.172,3320153.514,7.638
23962,1121,35951.818,24566.889,115.727,345.233,0,3.564,4190980.153,17.762
23963,1121,36441.326,28254.398,128.017,468.517,0,3.151,3276711.079,15.51
23964,1122,10644.464,33923.278,4.8,14.955,28.418,7.337,17767470.31,19.526
23965,1122,10758.856,35680.72,1.931,21.425,23.692,2.532,2115349.079,8.111
23966,1122,11015.98,34248.325,124.934,601.946,0,2.802,2590431.864,12.157
23967,1122,22288.111,29546.898,71.348,215.366,7.317,3.497,4036631.532,12.676
23968,1122,23733.591,28921.779,94.855,312.568,0,3.166,3309181.727,13.721
23969,1123,10802.223,35701.238,35.018,46.507,20.275,2.965,2900988.414,14.514
23970,1123,22280.299,29533.894,105.811,298.501,2.503,3.811,4793086.003,17.995
23971,1124,10638.06,33918.051,3.976,30.168,26.705,5.664,10587425.331,8.941
23972,1124,10799.295,35678.918,2.234,32.842,20.388,3.259,3504105.239,6.632
23973,1124,23764.224,28871.959,99.787,343.375,0,3.129,3232101.346,13.696
23974,1124,28358.79,15474.164,52.78,70.685,12.497,1.685,937102.136,14.691
23975,1125,11199.026,34557.359,7.455,23.501,21.613,3.759,4661969.246,9.607
23976,1125,23758.434,28868.127,44.832,70.78,14.565,5.931,11609893.892,21.128
23977,1125,28354.987,15496.215,54.078,63.709,15.076,2.236,1649704.848,17.453
23978,1126,22313.671,29524.161,109.861,354.881,0,2.085,1435343.46,13.397
23979,1126,23434.76,29759.966,6.837,21.988,16.053,2.685,2378414.382,8.809
23980,1126,23779.528,28916.051,78.695,230.316,2.51,2.808,2602779.532,12.71
23981,1126,36381.637,28220.173,53.365,92.892,9.523,1.332,585124.094,12.225
23982,1127,10643.81,33940.239,44.04,63.174,17.405,2.048,1383594.217,13.527
23983,1127,22283.278,29547.74,123.594,403.938,0,3.154,3283449.791,16.422
23984,1127,23360.284,29036.745,4.966,26.2,15.467,2.373,1858326.484,7.376
23985,1127,23489.16,29776.505,109.562,364.662,0,2.552,2149532.931,13.86
23986,1127,26780.99,13267.844,106.649,411.166,0,1.206,480221.355,11.01
23987,1127,28278.397,15515.211,113.794,387.869,0,2.091,1443296.646,13.239
23988,1128,10612.324,33908.738,86.261,292.664,1.669,6.166,12547003.866,17.842
23989,1128,22276.755,29574.746,54.182,56.396,16.084,2.238,1652722.656,19.019
23990,1128,23412.45,29782.873,127.665,363.893,4.211,2.741,2479146.492,17.438
23991,1128,26791.04,13280.231,9.104,20.111,19.934,2.706,2415727.681,9.964
23992,1128,28321.287,15490.686,52.077,35.811,20.012,1.727,983910.807,22.475
23993,1129,10519.921,37200.173,2.831,15.112,22.263,1.621,867648.59,9.233
23994,1129,11081.523,34372.101,54.869,53.38,19.215,1.859,1140321.99,18.792
23995,1129,11196.544,34560.798,12.58,37.007,21.559,3.656,4411757.392,8.24
23996,1129,26795.513,13218.05,83.429,229.027,7.135,2.509,2077793.836,13.256
23997,1130,10641.562,35044.446,6.53,30.085,17.824,2.203,1602327.945,6.937
23998,1130,11022.548,34325.725,22.902,14.517,27.966,1.821,1094162.905,17.853
23999,1130,23921.571,28874.717,4.628,18.315,19.059,2.611,2249388.076,9.362
24000,1130,26764.472,13285.561,82.007,217.9,7.297,1.688,940514.636,12.276
24001,1131,10400.394,33197.501,6.448,14.694,28.874,2.196,1591626.273,10.675
24002,1131,10672.397,35081.848,69.935,252.772,10.352,1.435,679134.895,9.364
24003,1131,11037.959,34329.405,9.757,15.891,23.264,1.584,828116.593,10.378
24004,1131,23380.822,29750.773,111.29,304.156,0,3.106,3186486.2,17.27
24005,1131,26746.301,13249.552,121.161,435.125,0,4.304,6114552.467,17.62
24006,1131,35685.193,26848.681,42.829,60.806,10.227,1.22,490853.063,12.338
24007,1132,10467.966,33051.501,39.411,51.876,24.806,2.01,1333114.003,13.541
24008,1132,10693.952,35095.81,94.926,381.55,0,2.279,1714006.342,10.994
24009,1132,11112.848,34398.167,0.126,12.019,23.455,2.616,2257926.269,11.856
24010,1132,11387.314,35023.597,106.536,393.809,0,3.436,3896693.971,14.109
24011,1132,23328.081,28994.734,125.032,499.385,0,2.179,1566542.269,12.814
24012,1132,23707.902,28902.46,86.433,315.042,0,3.17,3316879.618,12.094
24013,1132,28541.826,15381.322,119.756,444.275,0,1.725,981691.307,12.475
24014,1132,35939.244,25295.806,36.066,29.506,17.457,2.377,1864196.416,18.878
24015,1133,10460.1,33164.65,128.69,599.13,0,3.831,4843917.44,14.26
24016,1133,10665.747,35094.293,113.42,381.301,0,2.193,1586929.926,13.481
24017,1133,10796.603,35681.726,6.361,12.783,23.539,2.36,1838429.947,11.921
24018,1133,23355.699,29018.274,117.263,335.735,3.618,1.752,1013224.174,14.414
24019,1133,23361.999,29767.148,7.807,24.262,15.213,3.372,3751874.326,9.104
24020,1133,23658.721,28891.085,65.079,118.935,17.277,2.68,2370230.93,15.335
24021,1133,35872.699,25243.672,120.399,339.054,0,2.068,1410880.036,15.389
24022,1134,10443.152,33152.279,41.151,32.611,20.839,2.167,1550181.852,19.719
24023,1134,10529.802,37262.353,123.794,537.492,0,1.859,1140936.609,11.74
24024,1134,10648.799,33866.295,43.574,64.916,16.879,2.756,2507120.198,14.365
24025,1134,10640.329,35118.149,1.566,16.155,22.474,1.643,890687.43,8.805
24026,1134,10724.259,35678.558,7.806,27.015,26.697,3.816,4806837.254,8.856
24027,1134,23355.838,29041.633,5.086,20.355,24.564,3.838,4860479.579,10.122
24028,1135,10404.393,33147.163,112.718,393.787,0,2.516,2088599.876,13.608
24029,1135,10784.302,35628.782,99.718,211.702,10.047,1.759,1020997.674,15.765
24030,1135,23384.249,29135.654,148.989,436.206,10.993,0.904,269438.461,14.855
24031,1135,35930.185,25310.758,84.978,90.78,14.238,2.434,1954337.295,25.565
24032,1136,10482.383,33116.811,8.232,32.288,20.999,2.175,1560841.146,6.934
24033,1136,10580.544,37326.162,38.224,29.554,21.357,1.775,1039577.197,18.126
24034,1136,10754.383,35709.962,92.487,291.536,0,3.182,3341297.253,13.947
24035,1136,11051.414,37642.726,106.79,428.404,0,2.981,2933679.387,12.673
24036,1136,22452.107,29583.325,74.155,153.875,6.078,4.8,7601964.205,20.341
24037,1136,23260.729,29130.995,27.362,34.989,19.284,3.632,4354256.861,14.995
24038,1136,23983.72,28831.468,73.355,78.498,14.59,2.193,1587300.076,22.113
24039,1136,28665.453,15451.483,36.214,42.402,14.54,3.834,4850165.733,18.274
24040,1137,10739.372,35696.265,119.583,518.465,0,3.192,3363801.151,13.242
24041,1137,23180.623,29167.873,103.716,357.793,0,2.926,2825411.713,13.678
24042,1137,28703.983,15447.554,74.237,104.71,11.241,2.317,1771189.894,18.769
24043,1138,9996.998,39282.117,5.043,35.455,19.442,2.197,1593027.086,6.121
24044,1138,10452.444,33183.928,137.147,486.059,0,1.668,917964.275,13.754
24045,1138,10581.818,37335.277,104.235,424.051,0,2.642,2303287.331,11.933
24046,1138,10643.701,35045.815,10.95,29.647,19.344,3.729,4588413.544,9.104
24047,1138,24036.398,28840.246,48.414,47.865,15.636,3.444,3914326.891,22.823
24048,1138,28787.453,15476.896,28.737,15.045,15.701,1.169,451180.694,18.903
24049,1139,10477.56,33202.174,4.857,11.401,22.726,1.542,784218.491,11.126
24050,1139,10521.173,37251.695,59.251,78.145,14.826,1.826,1100743.631,16.015
24051,1139,10691.587,35130.022,89.907,231.405,6.121,1.027,348048.407,12.397
24052,1139,10721.738,35677.759,2.987,28.433,24.973,2.797,2582247.172,7.046
24053,1139,11121.921,34158.44,6.074,56.362,15.584,3.345,3692018.645,5.105
24054,1139,28749.964,15500.395,78.393,128.092,5.674,4.388,6353868.961,24.34
24055,1140,10474.113,33179.981,214.703,1084.075,0,1.329,583030.87,13.946
24056,1140,10719.87,35716.847,0.897,31.564,24.797,2.091,1442705.055,6.197
24057,1140,11040.961,37921.696,8.192,34.391,21.773,2.708,2420923.929,6.936
24058,1140,11111.538,34482.497,0.249,14.006,23.452,5.188,8881055.468,15.117
24059,1140,28639.691,15449.373,7.097,33.592,12.489,3.007,2983524.222,6.995
24060,1141,10456.588,33199.243,1.345,16.531,24.398,2.557,2156895.964,9.547
24061,1141,10541.459,37354.546,179.099,1021.227,0,1.165,448147.533,11.658
24062,1141,10797.865,35683.102,7.193,46.62,24.609,5.454,9815784.809,6.856
24063,1141,11149.213,34475.052,117.774,378.182,3.237,2.41,1917195.44,14.582
24064,1141,22169.465,29726.5,39.825,54.824,15.42,1.819,1091527.697,12.94
24065,1141,26669.439,13245.25,51.343,37.69,16.777,1.065,374205.77,19.025
24066,1142,10483.095,33182.599,149.499,614.737,0,1.419,664683.617,12.923
24067,1142,10761.637,35727.096,120.118,457.603,0,1.996,1314402.723,12.638
24068,1142,26660.234,13291.409,108.267,327.607,4.112,1.277,537904.696,12.732
24069,1143,10791.857,35714.382,81.172,186.694,15.988,2.416,1926580.714,14.467
24070,1143,11060.833,37768.01,44.607,61.495,25.527,2.435,1957478.601,14.666
24071,1143,35709.074,26857.959,118.17,319.672,0,3.558,4177735.054,19.406
24072,1144,10398.625,33195.21,4.042,17.416,21.194,1.6,845082.57,8.632
24073,1144,10770.472,35722.428,102.051,519.418,0,4.114,5584812.796,11.783
24074,1144,26696.801,13272.26,81.212,221.403,9.04,1.969,1278848.956,12.362
24075,1144,35707.994,26861.974,90.548,215.248,0,1.821,1095891.326,14.034
24076,1145,10415.099,38001.223,55.155,44.444,21.324,2.592,2217811.312,24.703
24077,1145,10765.651,35754.172,109.188,418.306,0,2.147,1521592.328,12.105
24078,1145,11032.858,37701.628,85.514,203.179,9.84,2.341,1808490.869,14.47
24079,1145,26721.532,13208.25,5.775,24.44,18.567,2.55,2146093.855,7.939
24080,1145,35913.133,25288.396,161.34,621.851,0,2.133,1501165.056,15.219
24081,1146,10477.948,33132.825,10.467,27.807,19.243,4.538,6797058.586,10.201
24082,1146,10560.28,37312.298,61.972,109.077,15.962,2.627,2276855.86,15.185
24083,1146,10800.071,35679.32,2.47,22.685,24.499,2.792,2572557.673,8.063
24084,1146,11040.377,37728.844,33.639,46.231,18.722,3.019,3007497.208,14.052
24085,1146,26718.818,13274.412,2.965,17.503,19.549,1.279,539555.074,8.272
24086,1147,10454.398,33190.422,128.796,539.546,0,3.421,3863483.248,14.648
24087,1147,23963.789,28851.735,102.187,315.586,0,3.718,4561116.683,16.191
24088,1147,35837.558,25361.409,1.596,24.05,18.575,3.447,3921654.029,8.216
24089,1148,10399.946,33199.589,0.283,26.757,21.572,3.281,3551602.88,7.495
24090,1148,10781.653,35709.386,130.115,530.773,0,2.535,2120480.271,13.483
24091,1149,28007.893,15428.956,12.991,24.054,15.215,3.776,4704403.693,11.431
24092,1149,35882.331,25207.019,85.213,183.946,7.375,2.267,1695312.96,15.22
24093,1150,10751.177,35731.499,161.934,875.663,0,4.232,5910342.418,15.796
24094,1150,11039.835,37756.565,1.353,38.977,19.333,4.475,6610136.82,6.488
24095,1150,11135.154,34401.215,65.279,175.704,18.619,3.698,4512296.958,13.317
24096,1150,35859.992,25237.074,128.68,397.341,0,2.738,2474728.528,16.57
24097,1151,10313.95,38057.658,137.276,593.291,0,2.292,1733503.237,13.064
24098,1151,10544.728,37258.393,142.659,738.689,0,3.673,4451091.121,13.924
24099,1151,11057.993,37679.256,176.742,939.312,0,2.892,2760647.389,14.389
24100,1151,11122.044,34394.586,58.721,71.443,16.92,1.338,590992.819,15.69
24101,1151,26607.419,12967.428,133.205,437.021,0,4.267,6008300.038,20.23
24102,1152,10501.49,37277.703,162.444,1002.252,0,3.99,5253320.725,13.942
24103,1152,10703.569,35147.777,81.168,182.448,4.952,1.606,851592.051,13.347
24104,1152,26689.703,13261.914,101.115,304.514,1.023,1.22,490858.337,12.261
24105,1152,28833.637,16028.58,78.415,88.254,12.94,1.904,1196461.526,21.069
24106,1152,35926.622,25279.239,4.242,17.861,21.442,2.428,1946012.046,9.26
24107,1153,10393.98,33203.875,8.687,37.493,15.949,2.212,1614854.117,6.461
24108,1153,10608.693,37258.436,122.377,667.75,0,4.216,5867098.301,12.814
24109,1153,10680.946,35148.507,154.347,690.828,0,3.031,3031819.305,15.049
24110,1153,26706.318,13271.287,33.562,31.715,16.828,3.8,4765765.739,20.839
24111,1153,35921.472,25201.61,6.295,50.664,19.19,5.107,8606905.235,6.155
24112,1154,10599.332,37294.518,207.959,1523.633,0,2.41,1917283.566,12.258
24113,1154,11058.765,34373.436,105.116,201.03,13.279,2.066,1407989.585,18.195
24114,1154,35814.154,25320.887,46.648,39.586,21.417,1.611,856699.644,18.163
24115,1155,10556.802,37274.377,132.431,625.524,0,3.574,4215903.381,13.962
24116,1155,26660.66,13269.674,116.359,461.644,0,3.26,3507719.545,13.938
24117,1155,35920.498,25202.852,4.448,20.739,20.124,3.146,3265948.196,9.121
24118,1156,10463.159,33163.514,143.468,578.698,0,1.854,1134373.249,13.335
24119,1156,26639.433,13347.055,113.421,389.773,0,2.523,2101315.886,13.82
24120,1156,35887.521,25221.962,85.42,233.784,6.645,2.491,2047627.695,13.439
24121,1157,10454.6,33199.989,1.487,16.667,25.327,2.596,2223302.706,9.548
24122,1157,35908.798,25177.865,100.136,292.557,0,3.966,5194008.499,17.202
24123,1158,23954.886,29462.623,110.343,325.727,0,2.143,1515267.4,14.306
24124,1158,26640.224,12952.011,8.575,35.122,14.958,3.399,3812942.94,7.311
24125,1158,26646.604,13445.01,7.293,15.324,17.452,1.558,800718.248,9.883
24126,1159,10038.802,39306.453,108.798,326.399,0,2.588,2210394.18,14.847
24127,1159,10480.203,33042.542,4.89,37.407,17.549,2.436,1959131.458,6.007
24128,1159,35929.474,24379.51,80.097,223.309,0,2.944,2860968.949,13.476
24129,1160,10533.001,37211.819,68.814,124.323,18.958,2.119,1482395.974,14.802
24130,1160,22237.458,29717.402,3.956,23.365,19.407,4.453,6542990.604,9.589
24131,1161,10549.898,37240.998,52.41,78.661,23.894,3.31,3616461.501,16.995
24132,1161,32063.985,33682.795,7.807,8.973,17.075,1.623,869376.712,13.938
24133,1161,35812.642,28225.447,57.002,46.782,14.151,2.873,2723584.375,26.283
24134,1162,10588.825,37264.266,171.045,1114.799,0,7.648,19302717.663,20.729
24135,1162,36477.006,27074.234,46.889,53.296,11.262,2.264,1692106.487,16.68
24136,1163,10536.959,37256.885,103.999,516.946,0,4.988,8214309.823,13.292
24137,1163,22215.773,29653.634,140.654,505.009,0,1.843,1120665.512,14.123
24138,1163,23822.113,29358.703,35.797,29.555,17.645,2.285,1722785.12,18.406
24139,1163,26802.274,12795.244,6.843,26.117,20.433,3.591,4255969.282,8.627
24140,1163,36466.229,27038.242,100.9,308.314,0,4.257,5986956.177,17.364
24141,1164,23837.692,29256.34,3.154,6.151,29.342,3.581,4232910,24.036
24142,1165,23840.192,29364.925,14.784,40.71,22.182,3.321,3639621.236,8.134
24143,1165,36196.405,24458.208,51.381,66.133,8.189,1.773,1037429.545,15.024
24144,1166,23831.983,29365.946,9.353,19.735,19.946,3.185,3347708.067,10.764
24145,1167,10653.793,37241.965,58.323,56.574,23.139,3.662,4424367.561,27.038
24146,1167,22164.31,29656.249,131.498,544.931,0,3.379,3767558.071,14.893
24147,1168,10561.677,37269.67,112.489,593.12,0,3.539,4134297.407,11.563
24148,1168,22163.382,29672.905,120.291,554.814,0,1.667,917333.286,10.982
24149,1168,26820.68,12741.45,115.158,370.125,0,1.641,888708.583,13.161
24150,1169,10560.301,37198.537,3.375,46.076,31.101,5.421,9699478.291,6.349
24151,1169,11010.524,36868.313,69.822,124.615,16.586,1.518,760288.114,13.979
24152,1169,35829.662,24992.054,114.611,304.422,0,2.886,2747933.106,17.413
24153,1170,10570.495,37235.846,68.978,93.626,23.48,4.404,6400198.519,25.961
24154,1170,22120.072,29654.661,153.279,558.338,0,3.604,4286080.393,18.84
24155,1170,23787.173,29475.565,86.348,137.079,5.069,2.545,2137537.006,19.738
24156,1170,26791.029,12696.125,38.168,42.752,15.81,4.458,6557396.422,21.263
24157,1171,10098.316,39279.6,105.813,347.313,0,3.789,4738415.892,16.002
24158,1171,23837.455,29519.962,7.039,31.726,12.518,1.483,725849.034,6.522
24159,1171,26779.486,12652.641,127.583,518.759,0.865,3.512,4070404.732,15.037
24160,1171,35643.457,28453.6,118.206,411.639,0,2.325,1784367.614,13.727
24161,1171,35841.939,25047.204,93.143,237.081,0,0.66,143589.859,12.41
24162,1172,10587.128,37244.747,46.387,54.357,23.891,2.054,1392970.521,15.768
24163,1172,26799.67,12640.524,137.1,493.948,0,2.13,1497559.651,14.363
24164,1173,35831.911,28345.86,48.952,83.935,9.474,2.418,1928868.886,13.273
24165,1173,36120.962,24450.59,110.079,295.833,0,3.465,3962928.513,18.281
24166,1174,10441.634,33117.317,66.496,71.903,18.299,3.571,4209021.915,26.603
24167,1174,10597.34,37208.008,48.835,80.235,22.726,2.586,2207131.363,13.917
24168,1174,22661.656,30137.36,130.879,485.078,0,2.607,2243057.322,14.539
24169,1174,23828.97,29531.353,123.312,403.22,0,2.641,2301924.094,15.286
24170,1174,35864.534,25024.072,93.809,242.047,0,2.714,2431226.949,15.217
24171,1174,36151.498,24446.212,112.446,283.357,0,3.986,5244736.855,21.08
24172,1175,10569.912,37251.853,54.435,78.078,23.061,4.616,7032412.528,21.759
24173,1175,23823.261,29537.435,75.816,163.123,7.866,1.486,728655.817,13.05
24174,1175,36125.431,24427.837,91.001,321.21,0,3.602,4285042.298,13.4
24175,1176,10399.419,33119.764,2.669,27.687,16.479,4.054,5423946.661,7.999
24176,1176,10575.574,37239.123,147.269,967.795,0,2.083,1431262.221,10.362
24177,1176,36159.351,24399.313,1.497,30.41,16.834,2.924,2821099.356,6.737
24178,1177,10431.393,33150.21,73.163,103.227,8.73,1.302,559819.302,16.013
24179,1177,10563.99,37278.551,9.298,38.151,25.861,3.743,4623067.147,7.288
24180,1177,26726.217,12654.894,119.577,435.348,0,2.893,2762611.823,14.391
24181,1177,26650.93,13495.888,72.314,153.549,4.158,1.818,1091000.059,13.277
24182,1177,36138.427,24436.986,85.583,258.596,0,3.642,4380756.899,14.453
24183,1178,10433.772,33174.058,117.767,425.848,0,2.343,1811286.715,13.399
24184,1178,10551.166,37242.606,115.354,523.713,0,3.011,2992283.745,12.295
24185,1178,36140.307,24358.064,46.021,45.2,11.633,2.877,2732311.368,20.24
24186,1179,10527.222,37263.647,41.221,31.052,22.11,1.599,843638.723,18.48
24187,1179,11273.705,35594.148,7.652,14.082,22.797,4.6,6983345.935,15.892
24188,1179,26655.197,13438.248,191.604,844.15,0,1.851,1131234.623,15.003
24189,1181,10397.717,33200.304,2.946,12.935,23.075,1.843,1120709.619,10.387
24190,1181,10630.754,33773.786,96.66,340.759,3.112,2.245,1663346.524,11.99
24191,1181,26630.354,13339.471,109.165,347.637,0,1.322,576896.113,12.477
24192,1181,34084.458,27570.215,39.292,43.413,11.992,1.869,1153103.691,14.816
24193,1182,10557.516,37200.396,2.574,8.833,24.022,1.517,759899.077,12.508
24194,1182,29095.101,16090.336,109.89,327.82,0,2.472,2017020.791,14.774
24195,1183,11317.59,36068.133,49.707,51.137,17.103,3.341,3684038.175,22.073
24196,1184,10112.208,39334.061,93.254,295.001,0,1.458,701687.759,11.657
24197,1184,10523.491,37215.972,114.575,407.477,0,3.168,3311176.016,14.721
24198,1184,33260.544,27653.325,103.846,298.972,4.461,1.596,841054.622,13.192
24199,1184,35763.632,25121.213,6.594,38.322,10.904,2.207,1606835.819,6.052
24200,1184,35948.594,28512.515,85.331,184.176,0,3.702,4521939.529,18.683
24201,1185,11008.031,33668.267,133.613,425.476,5.144,1.523,765342.907,14.204
24202,1185,33283.549,27681.294,5.114,23.41,19.208,3.603,4283354.618,8.938
24203,1186,10521.417,37235.892,109.782,267.969,14.561,3.172,3320477.321,18.768
24204,1186,33261.885,27689.661,45.253,60.043,20.468,2.539,2128035.101,15.369
24205,1187,10429.569,33075.501,106.599,377.693,0,1.526,768958.29,11.807
24206,1187,10541.45,37264.91,59.14,86.351,23.719,3.659,4417549.125,19.651
24207,1187,26697.656,13248.985,43.496,46.454,13.422,1.377,625566.119,14.822
24208,1187,33280.167,27678.503,4.596,19.57,22.879,2.777,2545627.467,9.129
24209,1188,10558.325,37194.631,6.683,26.634,20.762,2.058,1397717.31,7.39
24210,1188,21706.944,30669.436,120.896,382.715,0,1.989,1305210.344,14.193
24211,1188,33258.207,27650.069,63.276,107.407,7.657,2.312,1763676.184,15.086
24212,1188,35897.085,28429.55,93.034,244.872,0,2.545,2138260.527,14.612
24213,1189,10059.037,39280.147,101.35,352.868,0,3.737,4608304.74,14.774
24214,1189,10491.94,33082.5,171.915,1085.829,0,2.85,2680970.824,12.532
24215,1189,33251.881,27632.782,83.108,240.092,0,2.465,2005641.27,12.737
24216,1189,35886.618,28450.297,116.179,314.599,0,1.973,1284237.233,15.247
24217,1190,10103.793,39324.589,104.997,352.368,0,2.976,2922150.199,14.131
24218,1190,10522.251,37244.253,42.839,46.206,27.068,3.226,3434659.715,19.243
24219,1190,11119.848,33631.578,0.69,21.116,20.723,2.208,1609629.084,7.889
24220,1190,29083.87,16137.476,80.341,231.051,0,2.064,1406409.515,12.015
24221,1191,26660.67,13200.747,41.945,41.82,16.664,1.539,781769.509,15.518
24222,1191,35767.805,28478.814,6.877,26.232,13.997,1.891,1179924.257,7.398
24223,1192,10496.679,37290.083,8.483,11.324,24.067,1.752,1013514.335,12.517
24224,1192,26709.323,13159.017,159.364,601.249,0,2.827,2638140.123,16.858
24225,1192,33241.587,27651.028,108.756,215.77,5.449,2.768,2528678.959,20.364
24226,1192,35814.025,28335.162,77.962,201.278,3.071,2.628,2279050.695,13.442
24227,1193,10101.134,39337.224,151.079,580.028,0,2.286,1724833.254,14.936
24228,1193,10568.754,37296.813,13.171,20.399,24.421,2.187,1578581.876,10.646
24229,1193,11075.675,33672.597,151.657,659.354,0,1.974,1285731.64,13.339
24230,1193,26714.332,13207.107,9.158,27.208,20.408,1.579,822745.258,7.525
24231,1193,33244.037,27646.355,45.559,36.571,16.508,2.986,2942317.507,23.937
24232,1194,11053.387,33755.879,192.288,1002.82,0,2.988,2946598.332,15.624
24233,1194,26688.295,13202.463,37.611,29.768,14.636,1.16,444169.058,16.193
24234,1194,33260.739,27659.161,86.577,267.962,2.911,3.81,4789352.196,14.607
24235,1195,10032.123,39335.365,102.167,384.174,0,2.561,2164995.561,12.292
24236,1195,11043.437,33686.888,112.185,482.413,0,2.75,2495171.356,12.177
24237,1195,21759.59,30652.31,40.517,41.604,15.225,2.086,1436431.739,16.223
24238,1195,26732.762,13207.381,60.999,113.316,15.838,2.306,1754380.716,13.935
24239,1195,35821.222,25159.472,81.377,114.839,5.327,2.269,1699581.561,19.702
24240,1196,10128.467,39339.839,117.967,449.614,0,2.812,2608840.842,13.695
24241,1196,11052.304,33791.252,180.559,893.536,0,2.967,2905689.293,15.481
24242,1196,26721.171,13200.311,8.217,42.536,16.391,2.328,1787936.707,5.98
24243,1197,26777.57,13181.176,99.114,329.262,0,2.966,2903474.736,13.699
24244,1198,26804.668,13252.866,114.13,414.151,0,1.706,960769.885,12.281
24245,1199,10439.769,33037.473,165.611,817.032,0,3.232,3446986.192,15.135
24246,1199,10449.646,37317.292,1.357,7.52,25.012,4.278,6039237.827,22.502
24247,1199,11063.495,33703.254,87.233,207.023,9.373,1.274,536045.527,13.015
24248,1200,10468.385,33080.677,37.73,26.325,21.106,3.307,3609873.866,25.762
24249,1200,35794.291,28502.244,88.016,240.021,0,1.937,1238796.258,12.878
24250,1201,10987.861,33755.26,81.076,93.793,18.468,1.892,1180990.336,21.057
24251,1201,21646.281,29904.12,83.376,226.436,0,3.165,3305162.448,14.451
24252,1201,35628.926,28160.942,122.361,441.301,0,2.14,1512780.498,13.418
24253,1201,35805.169,28453.25,130.096,430.927,2.793,1.746,1005631.766,14.01
24254,1202,35679.497,28237.338,3.509,32.932,14.858,3.029,3028716.962,6.602
24255,1203,10539.077,37311.078,111.387,636.208,0,2.047,1382534.449,9.593
24256,1203,10981.906,33719.257,154.044,733.914,0,1.876,1162057.01,12.612
24257,1203,22799.185,29290.801,7.662,27.127,13.719,3.553,4166794.101,8.564
24258,1203,35725.205,28221.536,97.449,344.213,0,2.84,2662644.863,12.822
24259,1203,35889.296,24776.71,64.274,68.516,9.739,2.595,2222206.655,22.015
24260,1204,10505.109,37314.195,118.971,597.389,0,2.055,1394070.59,10.726
24261,1204,11020.212,33782.349,104.122,367.148,0,3.806,4779608.61,15.038
24262,1204,29015.731,16044.937,113.581,186.416,8.285,2.43,1948083.871,22.694
24263,1204,35749.187,28251.107,44.567,44.095,14.392,2.126,1491142.6,17.477
24264,1205,10579.521,37291.056,116.829,294.208,12.409,1.979,1292013.942,16.03
24265,1205,23597.445,28963.546,3.977,24.365,23.018,1.877,1162758.775,7.282
24266,1206,21865.819,30666.067,130.028,442.364,0,3.326,3650991.052,16.922
24267,1206,28906.025,16099.698,84.585,228.706,0,3.672,4450990.306,15.612
24268,1206,35601.232,28155.941,8.758,46.903,13.366,2.162,1542199.633,5.694
24269,1206,35879.148,28491.69,92.076,251.715,0,2.799,2586098.297,14.62
24270,1207,10561.731,37343.763,208.546,1153.323,0,1.341,593176.594,13.051
24271,1207,21841.884,30647.551,130.207,432.554,0,3.715,4553930.218,18.213
24272,1207,23632.925,28927.414,121.369,401.408,0,2.95,2872750.943,15.644
24273,1207,28873.493,16144.043,55.607,43.441,16.488,3.234,3451553.986,28.906
24274,1207,35637.415,28206.536,40.736,51.065,12.743,2.499,2061194.341,15.115
24275,1208,28904.477,16157.516,129.865,302.652,4.901,2.07,1413799.144,18.251
24276,1208,35762.815,28186.039,155.438,578.839,0,2.798,2583073.712,16.655
24277,1208,35826.512,28365.534,287.958,1801.594,0,1.885,1172338.931,15.559
24278,1209,10306.097,38026.766,55.23,60.838,13.541,2.349,1821669.123,18.832
24279,1209,21951.319,30640.769,116.861,339.136,0,2.68,2371169.636,16.097
24280,1209,28843.264,16194.08,95.982,308.166,0,3.68,4470975.584,14.999
24281,1209,35702.375,28191.405,61.543,88.323,14.982,3.131,3235759.54,18.822
24282,1210,10686.586,38683.621,46.422,25.541,18.04,1.696,949271.426,24.496
24283,1210,35880.39,25212.394,108.058,316.633,0,2.345,1815461.93,14.554
24284,1211,10566.459,37375.288,40.85,54.893,25,3.403,3822304.531,16.369
24285,1211,10801.761,33120.405,6.233,21.214,23.217,4.877,7848256.338,11.377
24286,1212,26760.213,12593.313,93.361,264.541,3.791,4.329,6185671.162,17.576
24287,1213,10562.866,37389.406,31.312,53.175,25.464,5.25,9096505.023,15.401
24288,1213,26713.499,12590.956,116.312,445.488,0,2.71,2423265.139,13.368
24289,1213,33556.731,28125.216,74.923,140.588,3.587,2.364,1843866.271,15.668
24290,1214,10516.194,37383.598,112.889,479.926,0,3.385,3780878.255,13.213
24291,1214,10691.778,36557.287,99.47,315.39,0,3,2971089.35,14.233
24292,1214,24102.338,29213.73,83.683,244.308,0,5.623,10439268.693,18.588
24293,1214,26756.762,12553.176,43.862,39.417,18.992,2.758,2509799.097,20.651
24294,1214,35740.898,28282.866,114,358.891,0.363,2.57,2179619.293,14.774
24295,1215,10527.9,37336.015,55.272,58.566,29.63,2.989,2948320.351,21.631
24296,1215,10761.143,36645.148,3.196,20.943,21.021,2.864,2707624.399,8.622
24297,1215,21624.34,30010.347,99.056,272.721,0,1.552,794811.662,13.135
24298,1215,26808.671,12546.856,37.297,67.787,20.888,3.878,4962795.734,13.365
24299,1215,28935.583,16212.117,47.889,47.572,13.265,0.809,215762.29,15.133
24300,1216,10505.792,37334.429,152.088,967.089,0,2.935,2842830.394,11.646
24301,1216,26804.312,12643.59,7.537,15.867,15.62,2.834,2650188.305,11.33
24302,1216,35890.585,25019.922,57.747,28.339,19.122,1.319,573927.769,27.184
24303,1217,10426.712,33087.346,118.654,544.254,0,3.002,2974787.123,12.419
24304,1217,10480.498,37283.856,8.526,36.805,23.978,3.797,4759110.679,7.323
24305,1217,21640.738,29995.874,58.415,117.705,9.989,1.926,1223707.028,12.409
24306,1217,21783.572,30680.761,43.109,44.911,13.252,1.238,506177.736,14.741
24307,1217,35514.808,28310.07,20.556,40.271,35.519,3.487,4011611.28,10.315
24308,1218,10552.498,37360.283,26.143,39.707,25.239,5.287,9224433.496,15.985
24309,1218,11247.728,37003.652,69.523,164.748,6.459,3.24,3463546.651,14.333
24310,1218,35496.584,28387.723,126.82,807.377,0,2.81,2606636.768,10.289
24311,1218,35848.129,25178.211,57.806,44.676,14.225,1.371,619865.064,20.552
24312,1219,10515.188,37313.782,113.508,591.8,3.215,2.565,2170466.633,10.668
24313,1219,23736.544,29289.382,128.833,530.705,0,4.49,6653624.319,16.969
24314,1219,35414.708,28425.743,110.645,400.978,0,2.578,2193435.397,13.234
24315,1220,10679.748,35178.388,98.789,273.407,0,3.215,3412963.53,16.03
24316,1220,10726.748,36595.507,137.965,586.177,0,2.329,1790862.602,13.301
24317,1220,21769.155,29973.377,44.907,43.731,12.643,2.292,1733896.245,18.218
24318,1220,35423.536,28481.174,114.163,411.072,0,1.58,824064.036,12.197
24319,1221,10747.551,36567.097,123.718,545.734,0,2.698,2401819.804,12.652
24320,1221,21793.045,29962.712,120.723,385.009,0,3.798,4760798.371,17.99
24321,1221,23665.695,29258.078,158.955,773.437,0,3.056,3081600.239,14.532
24322,1221,35463.774,28417.895,80.714,203.124,1.061,1.978,1290743.485,12.941
24323,1222,10279.608,38018.728,114.443,347.211,0,3.698,4514646.847,17.731
24324,1222,10700.175,36623.824,115.419,440.933,0,2.8,2587201.717,13.467
24325,1222,21759.577,30005.568,5.515,24.216,13.549,1.65,897954.356,7.387
24326,1224,10468.245,33101.23,40.699,37.9,18.687,1.559,802030.725,16.013
24327,1225,10495.027,33112.497,154.626,761.333,0,1.375,623544.356,11.857
24328,1225,11160.944,36535.136,76.585,227.855,6.01,3.599,4275261.177,13.536
24329,1226,23687.254,29358.379,5.906,23.213,18.123,3.592,4256999.064,9.14
24330,1227,11004.652,34052.695,231.687,1366.674,0,1.174,455032.628,13.149
24331,1227,11151.579,36614.326,101.296,375.419,0,3.435,3894653.035,13.62
24332,1227,23842.158,29448.048,6.523,29.048,17.901,3.168,3311197.888,7.661
24333,1228,11064.554,33948.974,63.977,64.181,15.88,1.677,928135.993,19.404
24334,1228,23757.237,29441.155,7.748,31.966,21.076,4.465,6578663.369,8.371
24335,1229,10470.426,33072.42,36.077,50.716,15.797,1.217,488957.283,11.627
24336,1229,23795.038,29415.625,120.527,425.308,0,2.184,1574592.713,13.549
24337,1229,27245.918,14638.671,113.172,303.398,0,2.617,2261301.39,16.498
24338,1229,34496.034,29263.244,62.126,67.419,8.324,1.634,881402.077,18.04
24339,1230,10482.047,37277.592,4.391,34.112,20.634,3.805,4777990.687,6.968
24340,1230,28484.821,15096.423,93.443,264.444,0,1.879,1165262.778,12.942
24341,1231,10539.947,37228.011,38.406,34.81,22.741,3.146,3265308.146,20.542
24342,1231,10760.86,36538.435,91.69,277.061,5.523,3.191,3359987.886,14.299
24343,1231,11124.437,34125.852,21.347,31.682,21.742,3.398,3810591.389,12.435
24344,1231,21761.71,30003.441,6.851,22.158,16.102,1.646,894171.007,7.988
24345,1231,28478.802,15120.62,5.37,34.067,13.856,2.261,1686779.105,6.326
24346,1232,11042.308,34087.205,9.466,24.289,19.224,2.26,1685791.112,8.546
24347,1232,23893.917,29389.758,90.845,243.177,0,3.818,4810390.56,16.832
24348,1233,10542.858,37228.611,138.339,643.882,0,3.341,3683783.475,14.134
24349,1233,21602.175,30643.88,5.664,27.251,15.995,1.133,423708.592,6.753
24350,1233,21820.64,29978.029,124.792,425.014,0,4.988,8209933.062,20.571
24351,1233,23875.037,29367.744,97.187,311.643,0,3.126,3225809.81,14.131
24352,1234,10547.29,37155.387,125.465,541.618,0,4.572,6898021.818,16.203
24353,1234,11174.458,36887.285,158.311,802.246,0,3.43,3881531.228,14.757
24354,1234,21671.019,30649.437,107.956,443.469,8.451,4.206,5838254.036,14.452
24355,1235,10516.945,37214.217,48.607,51.012,20.928,2.618,2261939.895,19.004
24356,1235,28390.334,15097.264,121.664,407.227,0,1.006,334181.391,12.54
24357,1236,10526.439,37233.819,140.563,616.222,0,3.245,3475354.908,14.727
24358,1236,28330.407,15088.314,124.525,354.38,0,1.809,1079995.43,15.087
24359,1237,10567.178,37120.785,6.411,11.282,24.764,2.626,2275081.518,13.527
24360,1237,27247.742,13235.129,67.932,144.423,7.705,1.89,1179335.76,12.936
24361,1238,22095.593,30424.417,40.545,44.079,15.837,3.405,3827004.612,19.137
24362,1238,23869.393,29324.558,143.888,464.261,0,3.267,3522334.09,18.752
24363,1238,27244.011,13242.836,81.23,209.876,0,2.552,2150494.448,13.642
24364,1239,10990.862,37890.697,60.858,86.55,10.892,2.975,2921343.923,18.367
24365,1239,23875.31,29234.953,107.364,339.448,0,2.494,2053168.922,14.056
24366,1239,27226.647,13216.76,37.438,23.571,18.76,3.176,3328083.881,27.199
24367,1239,36331.997,25285.045,175.274,712.942,0,2.364,1843806.681,15.979
24368,1240,27198.421,13119.794,1.227,15.279,16.921,1.886,1174342.549,9.301
24369,1240,28322.023,15029.024,127.704,416.153,0,2.365,1846256.136,15.105
24370,1240,33700.989,28183.59,89.316,170.21,3.88,1.48,722539.817,15.264
24371,1240,35335.339,28267.688,101.199,280.942,0,2.856,2691702.411,15.48
24372,1241,23889.163,29224.929,49.184,60.454,15.299,0.534,94040.716,13.43
24373,1241,27199.543,13156.549,34.175,31.141,17.407,2.938,2849520.462,18.779
24374,1241,28318.629,15038.042,6.618,34.904,18.866,3.008,2985489.162,6.752
24375,1241,35354.966,28162.512,7.561,16.185,15.799,3.335,3671432.209,11.951
24376,1242,27199.595,13197.458,5.404,63.317,12.768,3.248,3480409.306,4.68
24377,1243,11200.444,37043.257,6.626,23.292,21.42,3.682,4473933.81,9.374
24378,1243,22081.684,30474.043,3.681,24.984,14.483,2.441,1966116.959,7.47
24379,1243,27214.309,13202.604,131.205,555.853,0,3.882,4974477.818,15.593
24380,1244,11203.292,36971.637,6.636,18.882,20.883,3.743,4623217.527,10.971
24381,1244,23971.033,29233.412,93.635,294.745,0,2.156,1533578.989,12.506
24382,1244,27201.33,13154.448,103.905,365.955,0,3.615,4312191.976,14.679
24383,1244,32159.734,33712.367,131.64,350.547,0,2.215,1618418.194,17.228
24384,1246,27161.335,13086.3,102.056,319.124,0,2.897,2770523.2,14.421
24385,1246,35800.768,25679.186,95.406,235.762,0,2.614,2256627.48,15.626
24386,1246,36370.694,25370.857,95.946,283.287,0,4.067,5458900.59,16.776
24387,1247,23921.09,29274.175,7.405,29.307,15.969,3.126,3224238.848,7.761
24388,1247,27112.921,13013.984,45.739,39.874,14.828,1.538,780555.099,17.494
24389,1247,36382.076,25399.842,118.31,376.816,0,3.266,3520309.699,16.487
24390,1248,27118.443,13119.926,8.917,18.391,17.869,2.238,1653383.555,9.952
24391,1249,10464.261,37310.031,75.558,78.795,20.108,1.482,725079.156,20.082
24392,1249,10998.7,37874.904,119.883,440.274,0,4.291,6077594.027,17.151
24393,1249,22108.044,30442.364,30.926,43.62,17.766,2.951,2874829.129,13.277
24394,1249,32858.174,27228.476,75.477,173.332,5.851,2.084,1432716.961,13.345
24395,1250,11280.301,36959.361,9.044,30.891,19.627,2.989,2949179.793,7.767
24396,1250,27169.809,13026.951,37.615,41.158,13.941,3.003,2976057.273,17.274
24397,1250,28398.464,15213.566,1.984,22.9,20.909,3.75,4641782.211,8.793
24398,1250,35810.399,25710.34,56.629,39.063,12.389,1.749,1009218.595,23.575
24399,1251,10527.301,37236.484,53.569,42.746,20.127,1.174,454685.124,18.79
24400,1251,35443.343,28471.718,8.021,29.459,20.171,3.132,3237303.864,7.871
24401,1252,10507.36,37266.993,55.095,63.694,16.188,3.884,4978589.034,23.43
24402,1252,27173.791,13150.501,51.152,24.193,16.646,1.66,909794.596,28.403
24403,1252,35401.279,28427.845,84.659,172.806,6.442,2.636,2293950.583,16.571
24404,1253,10481.4,37281.579,2.718,33.132,16.206,4.239,5930206.337,7.192
24405,1253,35371.072,28451.3,112.854,308.848,0,2.054,1392045.836,15.041
24406,1254,35399.825,28442.19,173.078,720.311,0,1.85,1129235.182,14.611
24407,1255,9981.714,39280.212,0.875,21.908,23.976,5.725,10816043.142,11.173
24408,1255,22102.688,30533.296,40.416,21.18,15.093,2.716,2434003.436,29.767
24409,1255,27166.548,13033.318,130.157,438.205,0,2.479,2028528.97,15.189
24410,1255,28319.926,15160.146,2.871,20.413,26.888,2.608,2244747.358,8.502
24411,1255,35363.234,28442.029,128.251,525.811,0,1.711,966350.07,12.215
24412,1256,9920.6,39277.753,10.011,21.465,25.564,2.73,2458837.914,9.851
24413,1256,28369.641,15211.248,151.116,657.757,0,4.709,7318277.186,18.871
24414,1256,35313.473,28351.295,83.804,154.828,4.325,2.026,1354966.532,16.128
24415,1256,36391.401,25417.147,102.446,259.925,0,2.789,2566969.832,16.458
24416,1257,23483.898,29179.037,46.334,49.638,19.859,2.515,2087156.821,17.958
24417,1257,28422.692,15306.392,90.818,291.652,0,2.783,2556001.217,12.992
24418,1257,36354.058,25392.622,98.221,275.751,0,1.561,804713.092,12.94
24419,1257,37268.332,25244.877,119.566,305.392,0,1.974,1285636.394,16.101
24420,1258,35441.452,28051.372,137.623,770.472,0,4.083,5501332.465,13.453
24421,1259,9947.357,39114.731,102.987,530.691,0,3.01,2990255.459,10.561
24422,1259,22050.358,30572.868,62.428,100.251,7.836,2.671,2354562.942,16.339
24423,1259,28236.318,15195.883,6.207,15.389,20.622,4.15,5682924.034,13.343
24424,1259,35454.162,27979.087,87.656,420.76,0,2.945,2862243.883,9.989
24425,1260,10165.401,38502.28,50.087,49.208,18.536,2.244,1662376.266,18.994
24426,1260,27028.43,12789.097,72.024,62.585,14.055,1.892,1181208.102,23.837
24427,1260,28289.386,15171.099,77.881,157.68,10.69,2.872,2721218.498,16.355
24428,1260,35452.314,28028.572,173.273,1318.841,0,3.727,4584223.462,12.198
24429,1260,36192.128,24517.131,86.013,267.336,0,2.774,2539683.858,12.832
24430,1261,10082.563,38490.536,6.271,24.605,18.227,1.736,994913.697,7.482
24431,1261,27039.397,12799.871,1.996,32.721,15.232,2.712,2427406.417,6.366
24432,1261,28289.904,15211.588,72.638,139.345,10.712,4.475,6608857.666,20.445
24433,1261,36182.981,24509.847,103.755,342.821,0,4.055,5426955.971,16.251
24434,1262,10185.87,38450.171,147.111,665.733,0,3.971,5202844.445,16.301
24435,1262,26967.518,12758.637,119.309,386.365,0,2.137,1507554.961,14.133
24436,1262,28248.267,15241.901,91.888,285.126,0,3.803,4771915.289,15.163
24437,1262,36113.001,24489.631,126.394,419.129,0,2.767,2527106.366,15.648
24438,1262,37188.999,25267.944,126.875,366.293,0.378,1.391,638359.285,14.398
24439,1263,10178.371,38463.788,135.647,586.929,0,1.596,840654.491,12.09
24440,1263,21582.355,29993.421,75.677,144.641,5.93,1.579,822719.505,14.101
24441,1263,26633.283,12965.511,87.654,337.266,7.308,2.875,2727693.947,11.419
24442,1263,35382.969,27967.619,57.711,62.012,9.267,1.718,974508.388,17.692
24443,1263,36081.013,24558.405,10.325,25.265,19.426,3.55,4158445.03,9.768
24444,1264,10197.165,38506.759,133.205,571.467,0,2.672,2357033.419,13.455
24445,1264,10515.848,37222.761,75.908,161.565,10.076,2.236,1649299.522,14.3
24446,1264,26589.462,12925.291,112.795,455.828,0,1.822,1095996.422,11.584
24447,1264,36001.416,24504.425,68.893,67.253,12.006,1.484,726841.125,19.892
24448,1265,10165.171,38473.164,10.173,23.93,19.046,2.361,1840361.633,8.896
24449,1265,23722.819,29474.777,187.171,923.951,0,3.139,3252716.352,16.272
24450,1266,10079.745,38521.372,2.55,19.199,20.729,2.613,2253324.691,8.813
24451,1266,24002.692,28876.591,5.226,29.024,20.914,3.379,3767756.485,7.587
24452,1266,35968.788,24753.859,60.268,54.036,20.312,1.891,1180183.163,21.007
24453,1267,10157.785,38482.805,5.374,21.176,23.64,1.809,1080251.089,8.041
24454,1267,23674.583,29373.741,122.322,450.781,0,2.489,2043666.949,13.782
24455,1267,26622.426,13417.108,46.484,54.991,11.585,1.25,515794.076,14.175
24456,1267,35998.009,24799.301,9.038,27.137,15.122,2.217,1622510.166,7.871
24457,1268,10129.662,38516.988,105.76,449.614,0,2.488,2043283.298,11.528
24458,1268,10497.263,37290.197,34.275,33.059,20.036,2.158,1537477.131,15.959
24459,1269,10166.241,38464.193,161.684,864.226,0,2.938,2847758.433,13.588
24460,1269,10157.483,39285.078,7.019,16.4,23.7,2.646,2310313.528,10.665
24461,1269,10498.311,37230.149,65.703,113.903,15.413,0.516,87906.13,12.75
24462,1269,21806.562,29932.826,96.978,338.959,0,3.265,3519028.411,13.519
24463,1269,35971.332,24914.414,97.033,310.586,0,4.669,7193044.863,17.149
24464,1270,10177.731,38518.148,105.367,380.592,0,2.016,1341267.823,12.131
24465,1270,10530.146,37202.868,122.467,746.207,0,5.406,9644582.917,13.362
24466,1270,27045.482,12880.019,97.673,249.386,0,2.809,2604905.215,15.931
24467,1270,33356.313,27759.609,3.846,33.141,18.254,2.923,2818893.918,6.556
24468,1271,10158.281,38531.881,57.515,70.241,19.469,2.172,1556747.924,17.44
24469,1271,10490.122,37282.943,5.955,20.496,25.867,4.682,7233099.61,11.343
24470,1271,27087.399,12868.002,85.195,217.114,0,3.395,3805507.671,15.795
24471,1271,35955.461,24595.67,36.261,39.112,16.877,3.21,3400323.793,17.731
24472,1272,10081.164,39283.497,19.699,37.36,22.749,2.95,2871519.282,9.938
24473,1272,10500.006,37224.288,137.994,610.803,3.99,1.611,856006.677,12.064
24474,1272,32718.33,27037.12,4.1,18.799,16.752,4.108,5569845.883,10.866
24475,1273,10143.033,38545.696,60.116,102.259,15.867,1.342,594678.283,13.104
24476,1273,10483.231,37233.219,42.839,71.148,19.86,3.48,3996079.354,14.5
24477,1273,35887.975,24588.335,121.705,376.601,0,2.594,2221316.647,15.634
24478,1274,10105.461,38584.327,102.353,371.955,0,2.424,1939482.828,12.391
24479,1274,10478.343,37199.681,11.037,26.551,35.295,4.548,6826267.19,10.791
24480,1275,10131.936,38548.484,119.383,445.307,0,2.008,1330296.798,12.77
24481,1275,10142.45,39244.316,136.292,629.725,0,1.676,927550.321,11.758
24482,1275,10549.657,37235.526,99.354,291.394,9.617,2.463,2001690.388,14.022
24483,1276,10162.856,38638.457,4.064,26.784,21.772,4.751,7447897.066,8.958
24484,1276,10518.108,37268.933,103.416,568.493,0,3.207,3395050.103,10.341
24485,1276,27099.657,12885.517,106.551,349.767,0,2.439,1963714.125,13.565
24486,1276,32727.569,27068.977,41.532,34.887,15.748,1.621,867371.345,17.373
24487,1277,10523.109,37279.043,61.89,96.957,18.081,3.141,3254962.631,17.727
24488,1277,23839.555,29514.01,5.94,34.094,19.134,2.384,1875170.5,6.448
24489,1277,27073.759,12923.585,68.366,139.008,13.777,2.418,1929552.643,14.197
24490,1277,32696.822,27079.381,86.794,327.195,0,1.714,969914.193,10.38
24491,1278,10555.796,37263.109,131.742,608.42,0.748,2.661,2336032.758,12.719
24492,1278,23921.1,29511.962,4.464,33.167,16.725,2.505,2070100.77,6.422
24493,1278,26456.623,12951.525,90.506,222.849,0,2.027,1357075.067,14.067
24494,1278,27043.986,12887.793,5.895,15.368,17.691,3.856,4907726.763,12.734
24495,1278,32674.679,27012.516,66.451,98.705,22.216,4.454,6547323.261,23.623
24496,1279,10540.483,37320.9,123.747,576.13,0,1.598,842989.478,11.034
24497,1279,21795.237,29823.03,48.437,68.256,10.978,3.722,4572886.273,18.083
24498,1279,32723.174,27037.253,4.133,23.141,13.478,3.359,3724170.341,8.619
24499,1280,21814.994,29922.475,163.224,636.71,0,2.281,1716392.492,15.513
24500,1280,32640.249,27092.641,40.666,40.011,21.45,1.224,494017.024,14.848
24501,1280,33471.327,27974.687,57.754,85.268,8.745,2.643,2305124.263,16.494
24502,1281,10153.353,38548.958,140.836,733.164,0,4.141,5659283.963,14.523
24503,1281,10687.236,36227.251,159.408,752.599,0,4.375,6316326.727,17.652
24504,1281,32659.192,27080.049,85.276,206.922,0,2.553,2151253.289,14.638
24505,1282,10175.194,39520.107,57.866,76.344,13.406,2.055,1393445.469,16.338
24506,1282,21868.882,29889.422,75.566,215.763,6.126,2.16,1539932.553,11.782
24507,1282,26482.742,12973.015,6.506,14.737,16.294,2.829,2641731.298,11.59
24508,1282,32683.649,27035.803,97.776,187.846,9.496,1.107,404583.85,15.288
24509,1283,11196.343,36961.46,9.171,29.949,19.532,2.77,2532817.96,7.799
24510,1283,21815.274,29959.5,46.556,58.139,17.927,1.377,625556.215,13.941
24511,1283,32720.384,27040.676,3.664,57.019,17.717,2.897,2769127.904,4.745
24512,1283,36795.719,26043.252,108.28,363.54,0,3.605,4290392.556,15.616
24513,1285,26464.268,12930.084,82.975,203.533,0.313,2.59,2213708.524,14.362
24514,1285,28408.902,15096.141,84.642,242.773,1.001,3.799,4762786.911,15.196
24515,1286,10505.037,37314.811,106.581,411.292,0,2.572,2183673.926,12.416
24516,1286,21635.86,29968.737,80.258,211.334,0,2.88,2737635.049,13.915
24517,1287,10558.169,37279.056,3.573,24.61,21.358,3.49,4018854.254,8.304
24518,1287,10736.59,36476.425,131.631,383.512,9.784,1.62,865769.651,15.008
24519,1287,26485.269,12817.749,126.709,386.179,0,2.961,2893887.859,17.088
24520,1287,28358.658,15120.222,103.406,344.052,0,3.627,4342127.108,15.272
24521,1288,10525.917,37306.185,122.879,508.86,0,3.982,5233229.092,15.324
24522,1289,10745.705,36496.032,59.211,87.633,17.531,1.497,739342.637,14.317
24523,1289,26550.018,12728.516,42.024,59.165,9.084,3.686,4483527.612,16.679
24524,1289,29059.925,15715.227,50.064,63.116,24.878,1.586,829847.935,14.675
24525,1290,10726.2,36557.947,8.215,11.442,26.505,2.252,1673787.35,13.284
24526,1290,23640.688,29595.813,101.602,283.552,0,1.225,495330.506,12.822
24527,1290,26559.697,12722.182,6.009,40.606,17.039,3.085,3139868.203,6.105
24528,1291,23599.238,29621.169,34.996,43.74,12.533,1.646,893696.167,12.8
24529,1291,26594.504,12754.752,84.354,244.965,0,3.026,3021781.36,13.665
24530,1292,10524.583,37293.119,137.313,670.531,0,4.275,6032192.077,15.199
24531,1292,10606.749,33453.848,55.019,84.42,16.377,2.354,1828181.349,15.024
24532,1293,10038.254,39041.338,136.224,558.241,0,6.078,12191922.319,21.629
24533,1293,10398.565,38073.961,4.106,33.92,15.844,1.854,1133767.037,6.056
24534,1293,23646.333,29638.052,32.414,40.3,11.555,1.544,787222.999,12.378
24535,1293,32526.388,26854.429,70.625,163.399,0,2.56,2162192.294,13.526
24536,1294,10560.018,33442.279,4.846,26.481,17.311,2.361,1840371.056,7.306
24537,1294,32569.184,26785.082,86.879,117.102,9.473,1.794,1062328.836,19.495
24538,1295,10708.726,36475.747,177.168,1172.537,0,2.75,2495665.234,12.26
24539,1295,10797.949,35804.17,160.282,986.046,0,4.035,5372187.512,13.911
24540,1295,23678.219,29600.492,2.459,30.576,17.608,6.068,12151701.046,8.985
24541,1295,32545.277,26802.74,74.989,136.575,6.7,1.673,923655.953,14.598
24542,1296,10713.348,36482.387,110.917,266.488,10.001,1.337,589593.188,14.772
24543,1297,37062.641,25774.689,79.306,253.172,0,1.948,1252767.448,11.095
24544,1298,10457.938,37366.058,114.707,304.979,5.698,0.603,119989.582,13.399
24545,1298,10507.747,33426.972,103.167,278.995,0,3.997,5271681.725,18.736
24546,1298,10763.025,36563.002,70.172,88.799,14.988,1.244,510631.117,16.571
24547,1298,23932.137,29454.689,144.394,481.816,0,3.045,3060372.667,17.742
24548,1299,10509.597,37256.572,66.522,64.099,19.981,2.344,1813345.291,23.098
24549,1299,26721.301,12601.151,107.95,299.609,0,4.763,7487475.526,21.106
24550,1299,29082.392,15971.111,144.386,456.697,0,2.237,1651968.159,16.363
24551,1300,28305.517,15138.044,100.605,309.15,1.504,2.129,1495656.882,13.19
24552,1300,29116.769,16009.539,8.37,15.528,20.087,2.245,1663187.069,10.91
24553,1301,9886.621,39420.79,178.386,809.744,0,1.753,1014394.088,13.956
24554,1301,10490.639,37320.714,39.671,64.227,15.65,3.659,4419036.924,14.563
24555,1301,10740.784,36571.639,33.239,42.884,17.822,1.25,515480.7,11.888
24556,1301,29096.321,15983.993,73.732,111.196,9.427,3.683,4476736.018,22.271
24557,1301,35370.805,28673.029,132.757,363.406,0,2.775,2540488.338,18.526
24558,1302,10748.094,36554.228,61.557,58.184,18.726,1.677,927767.415,19.742
24559,1302,28373.505,15126.93,62.894,100.195,14.896,3.189,3356153.83,17.812
24560,1302,29095.628,16001.071,66.427,123.176,7.792,2.705,2414229.913,15.418
24561,1302,35959.147,28927.332,114.029,331.923,0,2.498,2058947.42,15.421
24562,1303,10723.722,36600.951,5.671,21.109,21.48,2.061,1401937.737,8.281
24563,1303,10910.913,35658.972,76.971,195.014,6.068,2.597,2225009.372,13.457
24564,1304,23894.92,29504.17,123.325,432.754,0,2.739,2475405.687,14.762
24565,1304,28465.701,15114.452,104.249,327.578,0.697,3.391,3795731.906,15.529
24566,1304,35944.284,29081.428,109.459,324.746,0,2.268,1697918.732,14.413
24567,1305,10558.946,37199.87,1.255,20.172,24.548,4.392,6366627.505,10.294
24568,1305,23841.459,29514.859,8.056,26.915,18.104,3.596,4268577.547,8.745
24569,1305,28429.528,15027.683,90.575,249.313,0.791,1.735,993611.691,12.743
24570,1306,10639.74,37195.721,2.811,28.437,19.992,2.014,1338270.316,6.633
24571,1306,10774.935,36592.628,73.969,144.314,19.274,3.107,3184824.365,16.807
24572,1306,26647.777,13357.466,7.17,13.928,18.072,2.794,2576677.84,12.207
24573,1306,28428.444,15049.742,99.876,323.712,0,2.187,1578714.699,12.79
24574,1306,32431.523,26567.095,54.365,121.509,16.773,2.089,1440768.727,11.44
24575,1306,35445.201,28712.135,74.3,98.191,9.138,2.144,1517545.556,19.081
24576,1307,10721.565,36555.828,2.949,19.604,20.659,2.349,1821139.605,8.504
24577,1307,26634.15,13330.031,66.438,62.859,18.579,2.13,1496547.243,22.425
24578,1307,28438.94,15097.022,81.278,250.388,0,4.302,6107299.01,14.906
24579,1307,32421.66,26623.26,83.346,326.872,3.34,1.911,1205649.416,10.083
24580,1308,26668.259,13391.64,109.676,354.461,0,3.412,3841680.821,15.794
24581,1308,28437.566,15096.372,85.698,254.048,0,3.038,3046391.064,13.627
24582,1309,9975.289,39000.888,68.831,174.444,8.049,3.758,4659734.407,14.473
24583,1309,10517.44,33387.584,86.246,376.668,0,2.644,2307264.382,10.226
24584,1309,26622.636,13384.513,107.321,355.239,0,2.456,1990850.162,13.578
24585,1309,26941.543,12805.956,131.788,422.114,0,2.38,1870479.631,15.617
24586,1309,28472.765,15127.816,138.209,458.465,0,1.768,1031302.14,14.536
24587,1310,10764.183,36581.006,70.032,107.255,10.215,1.343,595644.155,15.004
24588,1310,28479.686,15104.303,125.992,364.395,0,2.826,2636870.323,17.324
24589,1311,9990.869,39013.195,130.176,519.906,0,1.158,442836.706,11.938
24590,1311,10799.234,35764.819,4.456,23.748,21.379,4.286,6062905.298,9.392
24591,1311,26652.917,13333.088,63.148,174.626,12.758,5.341,9415117.859,15.413
24592,1312,10518.923,33370.577,74.85,167.558,7.105,3.859,4914537.414,16.983
24593,1312,26638.538,13350.049,172.003,841.509,0,1.692,945398.311,12.989
24594,1313,9979.541,39003.43,113.036,413.552,0,4.572,6897867.043,17.066
24595,1313,10462.621,38038.306,173.711,870.35,0,2.183,1572136.953,13.578
24596,1313,11216.433,36880.294,147.575,666.345,0,3.451,3930056.709,15.307
24597,1313,26669.457,13400.656,117.53,465.523,0,3.913,5052854.395,15.218
24598,1313,28320.796,14955.02,3.789,19.756,19.085,2.983,2936835.582,9.152
24599,1313,29040.735,15801.858,126.758,404.307,0,1.682,933969.754,14.017
24600,1313,32399.33,26355.953,2.14,15.866,16.263,2.828,2639239.933,10.195
24601,1313,33201.359,27676.976,3.326,43.345,11.162,3.206,3391425.49,5.64
24602,1313,37209.582,25402.908,27.885,19.348,13.287,1,330043.688,15.555
24603,1314,28201.372,15691.497,137.123,482.778,0,4.202,5826922.23,19.376
24604,1314,28409.646,15038.319,29.021,34.11,17.636,3.788,4734989.726,16.618
24605,1314,29068.49,15814.487,102.737,277.094,0,2.729,2459173.126,15.676
24606,1314,32480.374,26228.999,124.244,354.894,0,1.336,588905.523,14.238
24607,1314,33255.924,27688.667,30.962,29.724,14.324,3.609,4298448.389,19.353
24608,1314,35395.601,28990.863,73.486,164.848,0,2.873,2725624.262,14.698
24609,1315,10580.731,33376.551,24.864,22.465,15.252,2.595,2221835.142,16.198
24610,1315,11248.761,36895.216,88.558,244.711,0,3.23,3443090.338,14.962
24611,1315,26553.335,13114.93,3.943,12.504,20.261,4.713,7329786.389,16.186
24612,1315,29055.315,15737.57,103.284,272.4,0,2.064,1405588.287,14.622
24613,1315,32450.011,26184.821,93.768,224.184,0,1.712,968077.878,14.084
24614,1316,10545.845,33366.385,135.542,655.187,0,5.09,8551587.993,16.715
24615,1316,11199.543,36875.976,5.195,37.999,15.052,3.138,3249200.349,6.272
24616,1316,28396.689,15032.898,18.321,27.904,14.546,0.986,320978.036,9.508
24617,1317,10640.124,33438.061,2.708,35.434,18.703,4.165,5725066.063,6.828
24618,1317,28411.92,14961.309,108.346,366.854,0,2.604,2238410.391,13.697
24619,1317,32459.517,26167.285,112.115,302.886,10.397,2.593,2219253.532,16.256
24620,1318,26631.513,13452.639,111.458,262.973,6.64,2.669,2351577.007,17.991
24621,1318,28231.197,15731.709,128.627,386.699,0,2.876,2729151.791,17.218
24622,1318,28394.442,15040.789,8.664,15.862,22.18,2.677,2364962.36,11.473
24623,1318,32394.602,26157.562,8.871,26.114,23.007,2.921,2815286.095,8.545
24624,1318,35441.932,27926.349,5.298,28.148,11.787,3.41,3838324.775,7.774
24625,1319,10554.76,33389.295,41.597,37.387,17.754,1.652,900333.569,16.743
24626,1319,26529.427,13280.894,118.412,609.34,0,3.321,3639854.411,11.881
24627,1319,27355.814,13451.123,95.063,262.083,0,1.915,1211085.782,13.326
24628,1319,28399.669,15038.333,4.483,35.649,17.71,3.057,3083108.592,6.399
24629,1319,28975.176,15744.087,58.415,77.84,16.381,2.194,1589241.937,16.653
24630,1320,10509.172,38001.768,1.936,4.59,24.97,1.56,803554.963,19.094
24631,1320,21700.903,30657.896,137.78,860.487,0,3.173,3322495.375,11.336
24632,1320,26526.666,13254.69,97.532,442.305,0,2.177,1564510.377,10.298
24633,1320,28349.443,15084.184,102.184,273.747,0,1.793,1061202.815,13.934
24634,1320,35440.307,27995.411,4.077,42.136,9.814,2.757,2508117.162,5.639
24635,1320,36198.757,25610.733,160.508,605.08,0,2.122,1485882.402,15.364
24636,1321,10080.279,38715.189,9.103,35.259,19.197,2.531,2114545.277,6.92
24637,1321,26537.54,13267.011,65.69,132.071,18.168,0.754,187398.644,11.947
24638,1321,27391.675,13415.309,40.446,57.061,11.299,2.489,2044612.207,13.907
24639,1321,28216.438,15773.165,109.677,300.817,0,3.755,4654267.511,18.722
24640,1321,28340.036,15031.678,70.545,122.791,7.33,1.77,1033958.599,14.691
24641,1321,35474.849,27946.047,73.842,199.076,0,3.839,4865952.888,14.612
24642,1321,36320.272,25726.749,2.557,15.196,17.287,3.639,4370782.747,11.725
24643,1322,28184.755,15725.353,54.28,80.823,10,2.159,1538456.854,14.823
24644,1322,28366.338,14995.273,92.966,151.604,6.976,2.425,1940400.169,19.91
24645,1322,36343.682,25761.562,98.273,164.43,9.76,1.431,675528.813,17.279
24646,1323,10640.916,37113.713,5.692,28.217,18.863,2.484,2036498.448,7.223
24647,1323,27457.792,13505.987,109.846,422.721,0,3.255,3497009.98,13.697
24648,1323,29008.782,15747.312,59.635,141.495,7.971,4.975,8167707.562,16.079
24649,1323,35441.202,27926.995,5.094,23.21,13.18,2.31,1760525.92,7.908
24650,1323,36297.335,25705.601,98.045,277.466,0,1.928,1226327.722,13.367
24651,1324,27465.431,13531.677,75.583,206.232,1.688,2.507,2074917.299,12.566
24652,1324,28237.337,15840.506,3.067,27.932,25.47,3.538,4130134.733,7.611
24653,1324,28357.46,15004.61,45.302,51.932,15.458,2.59,2214020.893,17.133
24654,1324,35416.667,28029.044,99.199,372.01,0,3.099,3170320.73,12.826
24655,1324,36398.072,25710.934,47.836,38.802,13.229,2.267,1695427.132,21.292
24656,1325,10512.122,37102.177,42.485,41.54,18.737,3.028,3025784.793,19.979
24657,1325,27437.164,13555.903,45.549,74.878,9.611,2.846,2672290.111,13.885
24658,1325,28990.288,15756.268,50.915,75.435,14.262,1.566,809141.227,13.415
24659,1325,35421.99,28135.091,57.624,128.87,13.931,2.87,2717434.331,12.799
24660,1326,23706.447,28943.851,105.853,269.505,0,1.499,741658.3,14.173
24661,1326,27485.501,13607.522,78.182,152.711,3.824,1.225,494962.325,13.654
24662,1326,28992.038,15723.075,82.5,207.912,14.184,2.754,2503033.336,14.35
24663,1326,35424.207,28195.556,87.645,343.411,0,2.28,1715799.815,10.679
24664,1326,36351,25718.763,92.831,305.184,0,2.916,2806109,13.164
24665,1327,27447.314,13565.302,36.897,46.345,13.072,3.049,3068117.845,15.609
24666,1327,35494.096,28171.983,96.213,303.092,0,2.417,1929042.432,13.065
24667,1327,36372.881,25760.655,113.303,403.819,0,3.04,3048979.031,14.359
24668,1328,10529.77,37147.256,111.978,406.029,0,1.256,520958.505,11.713
24669,1328,27414.983,13613.416,92.47,235.529,0,2.017,1342695.603,13.929
24670,1328,28347.579,14953.636,113.965,373.794,0,4.249,5958287.033,17.943
24671,1328,29057.214,15647.25,67.589,70.197,15.004,1.44,684018.677,18.804
24672,1328,35487.741,28215.275,95.575,250.632,0,3.021,3011549.806,15.871
24673,1328,36405.646,25758.317,8.844,23.286,14.645,3.136,3246119.844,9.411
24674,1329,10548.67,37135.125,13.474,12.87,23.814,4.838,7725671.6,22.21
24675,1329,21656.222,30582.206,65.011,101.929,9.029,1.494,736110.931,14.499
24676,1329,27441.243,13584.243,109.714,288.755,0,2.292,1733775.756,15.648
24677,1329,29071.582,15710.424,133.605,534.632,0,2.656,2328130.509,14.087
24678,1329,35411.01,28316.625,111.241,334.397,0,2.325,1784221.951,14.536
24679,1329,36401.691,25756.483,24.267,23.567,15.456,3.23,3442154.915,16.883
24680,1330,21686.761,30580.743,144.474,504.387,0,3.775,4703743.251,19.097
24681,1330,29034.632,15680.128,6.609,17.286,21.479,2.988,2946108.74,10.628
24682,1330,35360.934,28473.757,7.376,39.654,10.762,2.415,1924569.43,6.122
24683,1331,21692.632,30579.487,108.098,367.981,0,2.673,2357806.392,13.741
24684,1331,22216.763,29599.818,92.272,265.246,0,2.76,2513113.959,14.082
24685,1331,29039.022,15737.546,7.991,23.316,30.079,1.62,866457.877,7.968
24686,1332,10723.891,33596.888,146.427,612.78,0,3.417,3853356.127,16.014
24687,1332,22125.139,29622.896,99.015,292.992,0,3.734,4601618.533,16.388
24688,1332,36363.315,25713.159,123.371,341.738,0,2.705,2414052.406,17.293
24689,1333,29057.451,15685.511,150.099,834.711,0,3.117,3205622.278,12.863
24690,1333,36358.946,25722.713,118.564,356.176,0,2.798,2582833.492,16.129
24691,1334,10961.235,36722.193,10.132,51.378,19.627,3.795,4752993.523,6.202
24692,1334,22160.231,29601.045,1.499,28.711,21.233,2.405,1908959.612,6.704
24693,1334,28339.595,14898.797,93.18,231.87,0,5.259,9128669.153,22.04
24694,1334,29052.816,15735.824,154.233,961.178,0,3.668,4440277.423,12.876
24695,1334,36344.249,25798.749,93.943,262.424,0,2.424,1939244.038,13.924
24696,1335,10803.256,33675.332,6.369,34.406,16.441,3.58,4229752.111,7.09
24697,1335,21605.918,30562.278,7.589,28.586,14.105,2.073,1417502.809,7.261
24698,1335,23728.838,28938.199,97.572,262.338,0,3.252,3489967.828,16.314
24699,1335,29041.351,15679.754,7.688,18.366,23.12,2.58,2196053.729,9.999
24700,1336,9919.351,39455.057,9.397,15.086,22.058,1.552,794799.883,10.55
24701,1336,23725.797,28978.753,81.742,160.342,2.77,2.721,2443324.08,16.87
24702,1337,22082.669,29681.725,7.526,36.683,13.135,3.36,3725114.867,6.884
24703,1337,28370.617,14924.311,117.263,332.687,0,3.126,3225773.383,17.474
24704,1337,28695.672,15311.336,79.255,218.205,0,5.981,11807837.302,19.542
24705,1337,36409.837,25634.118,89.051,86.426,9.771,3.528,4107553.053,35.813
24706,1338,9928.22,39524.509,5.975,20.401,25.188,3.204,3386807.123,9.585
24707,1338,21502.901,30517.957,94.263,246.685,0,1.903,1195500.883,13.67
24708,1338,28364.07,14917.514,79.991,208.057,0,2.84,2666085.416,13.934
24709,1338,35760.578,26546.001,180.999,614.84,0,2.037,1369867.957,17.523
24710,1339,21541.11,30585.7,125.754,442.99,0,2.837,2655937.635,15.102
24711,1339,28320.61,14879.945,2.552,22.968,13.278,1.821,1094322.122,7.367
24712,1339,36398.464,25555.83,117.198,391.9,0,0.997,328244.029,12.301
24713,1340,10319.16,39357.856,3.967,33.439,23.046,4.146,5673788.28,7.217
24714,1340,11242.385,37207.554,85.563,229.475,4.057,2.896,2767724.306,14.324
24715,1340,27030.939,12854.549,52.642,64.975,8.167,1.817,1089884.086,15.696
24716,1340,36370.986,25634.487,147.388,525.497,0,3.453,3936345.381,18.202
24717,1341,11172.248,37189.639,65.235,155.758,12.845,2.519,2094844.328,12.618
24718,1342,11204.338,37169.289,50.911,60.347,17.73,1.788,1055366.514,15.772
24719,1342,21705.406,30692.976,76.485,229.559,0,2.906,2789424.698,12.427
24720,1343,10614.561,33361.753,118.151,544.899,0,6.624,14482728.366,18.506
24721,1343,11203.318,37207.532,73.397,163.396,15.836,3.147,3269266.89,15.305
24722,1344,11209.923,37185.031,125.35,660.32,0,4.048,5408132.688,13.124
24723,1344,21647.032,30620.104,37.62,47.326,10.51,1.96,1267528.953,13.584
24724,1344,28148.535,15694.846,77.063,118.217,8.71,2.292,1734221.512,18.055
24725,1344,28741.309,15396.723,105.872,346.152,0,1.515,757744.039,12.298
24726,1345,10689.151,33367.824,82.043,98.332,16.423,1.706,960937.395,20.034
24727,1345,11228.532,37202.437,107.586,402.773,0,5.079,8516366.113,17.183
24728,1345,21655.969,30658.27,137.192,421.276,0,1.833,1108819.156,15.295
24729,1346,10046.047,39522.871,56.712,44.459,21.125,1.639,886950.571,21.189
24730,1346,10677.18,33371.995,117.296,410.046,0,2.986,2943114.475,14.786
24731,1346,35422.1,28363.225,61.446,97.748,17.785,2.972,2914399.998,17.024
24732,1347,11210.98,37151.154,100.503,449.341,3.496,3.832,4846330.315,12.415
24733,1347,21604.117,30540.209,72.095,95.605,15.058,2.096,1449255.036,18.546
24734,1348,11180.726,37208.807,64.827,83.531,18.212,2.281,1717327.801,18.313
24735,1348,21575.368,30491.779,91.219,191.632,7.59,2.223,1630577.134,16.043
24736,1348,37072.85,25487.706,47.296,52.437,11.601,3.438,3900176.238,20.561
24737,1349,10158.352,39519.094,3.259,20.949,22.312,4.084,5505118.237,9.865
24738,1349,10505.743,37218.184,98.689,367.193,0,2.139,1509430.629,11.621
24739,1349,11207.683,37213.68,107.694,429.773,0,0.659,143194.177,10.57
24740,1349,26620.358,13171.314,93.846,239.887,1.293,2.313,1765627.635,14.537
24741,1349,27063.965,12778.213,73.883,228.366,0,4.491,6662829.289,14.256
24742,1349,37120.137,25590.072,5.491,13.071,17.078,2.092,1444453.058,11.107
24743,1350,11199.273,37120.025,4.249,35.277,25.771,1.842,1119553.124,5.937
24744,1350,27016.422,12788.133,117.073,433.865,0,1.943,1245931.282,12.592
24745,1350,28696.37,15306.114,127.006,435.357,0,2.272,1704444.587,14.396
24746,1350,37077.138,25598.133,99.532,301.94,0,3.155,3285809.005,14.973
24747,1351,10034.779,38877.301,145.267,606.586,0,3.188,3353670.028,15.475
24748,1351,11196.737,37201.698,7.092,25.259,30.018,4.515,6728794.599,9.798
24749,1351,21683.597,29839.784,6.678,33.522,18.439,1.959,1265898.375,6.442
24750,1351,23441.198,28940.077,36.966,32.697,16.635,2.213,1616229.874,17.577
24751,1351,26567.013,13310.486,33.756,28.789,14.331,3.771,4692074.597,22.581
24752,1351,27334.331,14729.067,106.084,377.958,0,1.859,1140595.666,12.092
24753,1351,28721.021,15276.434,4.023,38.012,13.704,3.115,3201578.002,6.131
24754,1351,35956.919,24851.763,118.413,356.027,0,3.418,3854621.841,17.58
24755,1351,36970.581,25751.487,137.885,479.947,0,2.059,1399812.762,14.601
24756,1352,10117.982,39498.086,80.84,114.982,14.769,2.583,2201131.415,20.596
24757,1352,11199.674,37119.304,7.883,27.734,27.01,3.496,4034170.7,8.443
24758,1352,26976.194,12791.345,50.677,39.828,15.943,2.689,2385534.58,24.41
24759,1352,27349.784,14674.349,30.242,30.262,18.722,1.862,1144659.593,14.321
24760,1352,28724.271,15412.113,66.907,90.46,8.58,1.238,506110.534,15.56
24761,1352,37041.481,25839.334,4.375,46.943,10.936,2.832,2646671.369,5.345
24762,1353,10530.574,37191.687,36.426,44.852,19.778,3.044,3057191.283,15.734
24763,1353,27038.325,12797.483,3.241,31.366,15.149,3.799,4762400.531,7.23
24764,1353,37093.803,25837.712,45.995,64.748,10.414,1.797,1065521.54,13.547
24765,1354,10160.849,38949.708,6.896,18.334,21.181,2.986,2942624.274,10.283
24766,1354,11221.431,37209.21,92.651,303.352,0,2.561,2167832.039,12.666
24767,1354,26512.244,13100.938,35.01,41.672,18.618,1.953,1259385.245,13.667
24768,1354,26960.261,12719.909,1.193,36.913,15.255,3.27,3529128.387,6.126
24769,1354,37121.569,25838.71,18.915,34.883,12.497,3.141,3255645.088,10.303
24770,1355,10535.022,37261.059,142.196,522.954,0,4.092,5526510.104,18.953
24771,1355,21719.375,29810.101,68.686,127.498,4.627,1.956,1262137.024,14.241
24772,1355,37153.833,25816.72,98.718,344.435,0,3.123,3218317.327,13.463
24773,1356,10081.239,38883.463,4.53,25.269,21.575,2.211,1612707.415,7.38
24774,1356,10841.18,38317.306,124.994,504.547,0,3.105,3181686.789,14.17
24775,1356,11172.258,37169.82,67.221,55.201,18.756,2.889,2754826.808,29.37
24776,1356,27016.741,12828.499,134.699,461.148,0,3.407,3831485.909,17.469
24777,1356,27356.477,14711.766,10.933,21.726,18.022,2.535,2120984.454,9.858
24778,1356,37201.601,25839.236,2.418,25.009,21.626,2.162,1542364.826,7.188
24779,1357,11199.817,37128.18,7.913,36.838,22.807,3.166,3308453.323,6.834
24780,1357,27325.642,14744.979,136.92,445.272,0,3.387,3786998.985,18.312
24781,1357,37283.691,25946.934,64.732,85.042,8.086,2.901,2778216.172,19.988
24782,1358,10975.145,37033.593,46.134,40.577,23.103,1.725,982029.472,17.991
24783,1358,11185.058,37190.471,16.553,14.031,24.935,3.72,4567434.018,19.83
24784,1358,27377.083,14708.005,70.1,185.782,8.085,1.475,717574.954,11.141
24785,1358,33201.665,27598.535,7.514,28.026,15.163,1.426,671412.331,7.03
24786,1359,11194.918,37197.041,8.899,23.217,21.94,2.924,2821942.015,9.233
24787,1359,27333.789,14723.708,56.625,58.567,15.736,2.743,2483077.449,21.402
24788,1359,33222.452,27497.444,94.89,225.486,0,4.097,5538954.646,19.79
24789,1359,37294.834,25920.946,96.591,314.891,0,2.431,1950435.637,12.834
24790,1360,11177.78,37181.884,54.401,62.522,17.367,2.658,2330698.746,19.072
24791,1360,28958.255,15515.72,6.424,32.992,22.257,4.812,7640773.647,8.151
24792,1360,33280.201,27601.985,2.667,21.578,15.693,2.514,2085547.953,8.118
24793,1360,37271.289,25945.404,115.832,334.138,0,2.971,2912650.839,16.742
24794,1361,33280.85,27595.958,2.45,17.224,15.284,3.474,3983305.775,10.466
24795,1362,21753.599,30152.134,11.114,15.271,24.481,2.265,1693207.342,12.051
24796,1362,23434.848,29125.85,10.286,28.979,19.131,3.02,3009871.373,8.431
24797,1362,28956.921,15603.118,7.044,25.16,15.093,2.465,2005977.44,7.973
24798,1362,33296.139,27600.627,5.899,14.444,14.297,3.598,4272100.953,12.881
24799,1362,37400.256,25608.007,121.609,318.007,0,2.219,1624390.554,16.589
24800,1363,11032.123,36848.682,69.677,129.52,14.764,2.233,1645023.342,14.853
24801,1363,11200.099,37200.741,2.446,58.633,18.799,2.092,1444496.826,4.454
24802,1363,23450.327,29175.612,139.14,617.836,0,4.106,5563766.266,16.153
24803,1363,28881.034,15600.077,2.075,55.107,22.258,3.029,3027538.252,4.784
24804,1364,10023.335,38878.473,118.639,402.158,0,4.114,5586731.957,17.695
24805,1364,11039.752,36877.488,2.145,26.484,27.547,1.389,636824.381,6.604
24806,1364,23464.439,29119.053,135.458,525.3,0,2.934,2841488.329,15.038
24807,1364,28966.563,15599.467,8.033,7.001,22.78,1.799,1067513.273,17.016
24808,1364,37363.555,25740.548,44.496,42.112,11.774,1.859,1140712.646,17.239
24809,1365,23365.841,29126.705,9.76,31.554,19.109,4.755,7461603.157,9.268
24810,1365,28857.424,15735.869,53.453,52.472,16.54,1.798,1067387.446,18.246
24811,1365,33318.594,27691.009,98.052,247.687,0,2.333,1796221.138,15.082
24812,1366,23446.607,29095.665,115.592,396.514,0,4.489,6650134.977,18.066
24813,1366,33243.415,27567.933,103.253,253.478,0,2.674,2360723.157,16.652
24814,1367,11120.118,37159.354,2.91,33.904,25.674,3.196,3371681.939,6.517
24815,1367,33284.581,27523.359,6.971,21.004,14.674,2.743,2483817.918,9.158
24816,1368,33284.797,27643.236,128.721,524.066,0,4.213,5856999.988,16.524
24817,1369,11044.008,37106.635,112.273,362.515,14.746,3.364,3733984.553,15.957
24818,1369,33286.723,27689.489,65.116,115.349,12.01,2.213,1616748.879,14.716
24819,1370,23071.946,29197.563,52.394,55.97,11.808,3.369,3745430.949,22.216
24820,1370,34110.076,28397.435,58.494,104.779,20.992,3.561,4184557.113,16.473
24821,1371,34128.361,28419.076,71.56,145.892,10.902,2.326,1785019.863,14.377
24822,1372,11017.205,37005.398,127.272,623.649,0,3.769,4688561.373,13.54
24823,1372,34119.413,28399.949,61.756,112.986,15.35,2.575,2188273.397,14.664
24824,1373,10910.12,38280.305,97.768,346.339,0,1.49,732774.444,11.247
24825,1373,34137.06,28382.254,86.632,250.964,0,2.567,2174459.122,13.178
24826,1374,11120.417,37162.016,1.327,22.297,18.819,2.76,2513282.166,8.052
24827,1374,35976.008,28686.12,82.919,207.059,0,1.494,737359.551,12.566
24828,1375,10194.7,38469.841,53.62,68.37,14.521,1.921,1217595.056,15.746
24829,1375,10902.621,38222.113,96.126,321.43,0,2.603,2236897.321,12.834
24830,1375,11130.633,37141.041,38.325,65.737,22.335,2.022,1349704.633,11.407
24831,1375,26577.501,12756.883,67.397,111.085,14.249,2.614,2254986.803,16.649
24832,1375,34178.739,28316.689,136.828,464.986,0,3.454,3936452.156,17.881
24833,1375,36302.692,25442.617,34.34,46.071,12.048,2.239,1653948.005,13.035
24834,1376,26718.469,12798.629,8.694,21.439,17.463,3.255,3496926.47,10.04
24835,1376,27469.144,13475.385,91.473,206.998,0,2.927,2827606.714,16.896
24836,1377,10646.504,37084.066,25.449,32.834,18.62,1.407,652971.772,11.206
24837,1377,10912.122,35605.529,38.495,33.39,20.646,0.669,147506.384,14.764
24838,1377,11130.791,37086.226,48.307,61.418,23.488,4.282,6051628.448,21.257
24839,1377,27199.55,14564.724,9.515,36.509,12.259,2.34,1806531.291,6.77
24840,1377,28945.438,15597.241,122.365,345.21,0,2.049,1385049.871,15.485
24841,1377,34154.019,28373.859,127.265,426.761,0,2.369,1851510.149,14.8
24842,1378,10925.234,35670.888,138.566,602.512,0,3.736,4605438.839,15.609
24843,1378,11198.151,37201.244,3.536,17.371,27.703,2.039,1372366.192,8.943
24844,1378,23000.716,29299.243,57.996,59.053,14.535,1.953,1258921.131,19.089
24845,1378,27241.123,14588.902,104.011,317.307,0,5.045,8400923.771,19.694
24846,1378,28949.625,15578.64,120.722,467.306,0,2.807,2602471.249,13.748
24847,1379,11161.884,37106.859,131.278,999.344,0,4.718,7344717.789,11.118
24848,1379,22966.601,29354.245,8.954,15.558,20.561,1.521,763039.571,10.2
24849,1380,11199.885,37119.731,1.105,32.291,34.559,4.035,5372996.714,7.095
24850,1380,27230.925,14585.149,72.291,129.402,17.975,2.655,2326397.815,16.501
24851,1380,34136.96,28407.81,116.039,359.964,0,2.08,1427322.603,14.181
24852,1381,10850.324,35608.686,135.412,631.328,0,3.189,3356831.884,13.666
24853,1381,11178.73,37086.585,170.571,1293.779,0,4.986,8203067.575,13.824
24854,1381,34119.084,28399.325,125.269,604.835,0,2.308,1758590.575,11.57
24855,1382,11159.906,37114.674,45.314,75.691,40.044,4.707,7311591.55,17.418
24856,1382,27441.853,13583.469,77.397,122.379,8.483,3.987,5246484.621,23.287
24857,1382,34074.745,28377.146,41.27,51.04,18.476,2.758,2510080.898,15.922
24858,1382,35844.539,25121.838,11.653,23.386,18.84,2.347,1818281.949,9.45
24859,1383,11154.382,37128.753,76.745,194.326,29.96,1.999,1318520.017,12.571
24860,1383,27244.714,14574.934,61.793,131.464,9.429,3.541,4137626.735,14.968
24861,1383,34067.244,28361.629,115.764,337.828,0,1.095,395468.783,13.249
24862,1384,23802.215,28979.094,87.883,324.904,0,1.714,969960.64,10.563
24863,1385,10828.684,35667.359,217.443,1206.148,0,2.455,1989531.054,15.157
24864,1385,11087.053,37091.589,248.337,2491.615,0,2.715,2432834.587,11.582
24865,1385,22083.213,29815.464,69.825,133.798,5.419,1.418,663098.549,13.28
24866,1385,35785.04,24996.802,120.892,371.929,0,3.049,3068916.82,16.646
24867,1386,10639.247,37161.151,5.05,19.007,16.593,2.981,2932900.169,9.606
24868,1386,10889.838,33381.939,56.037,107.617,6.737,1.633,879900.286,12.153
24869,1386,11214.164,37091.994,83.865,240.955,5.329,3.688,4488031.573,14.876
24870,1386,23759.302,28955.733,5.967,43.278,19.178,2.589,2212292.961,5.695
24871,1386,27245.735,14573.587,89.74,304.613,0,4.696,7279632.079,15.532
24872,1386,27566.096,13774.632,136.482,511.64,0,3.366,3739422.827,16.4
24873,1386,27920.373,15361.067,2.621,56.779,22.131,6.409,13553341.534,5.815
24874,1387,23731.51,28926.534,40.846,55.817,16.99,4.121,5605022.525,17.871
24875,1387,27263.967,14590.824,55.637,81.223,15.488,2.244,1662299.634,15.385
24876,1387,33916.271,28325.752,7.322,15.348,18.601,3.078,3126760.255,11.909
24877,1387,35953.218,24712.24,88.816,128.709,10.519,2.99,2949400.889,23.266
24878,1388,23737.24,28910.061,105.476,398.692,0,2.292,1734432.864,12.139
24879,1388,27240.536,14594.108,91.117,314.384,0,3.61,4300338.045,13.641
24880,1388,28764.463,15376.834,211.722,920.268,0,2.61,2247518.659,17.966
24881,1389,11120.082,37001.401,0.966,21.475,21.867,3.113,3197778.806,8.533
24882,1389,23697.542,28893.302,85.154,231.871,8.88,3.541,4137543.692,15.339
24883,1389,27277.762,14558.393,5.955,40.239,17.602,3.733,4598576.653,6.425
24884,1389,27654.723,13832.941,127.467,410.016,0,3.007,2984589.828,16.619
24885,1390,11065.455,37006.129,146.395,666.671,0,3.316,3628946.408,14.873
24886,1390,23699.989,28900.838,102.563,333.217,1.079,2.195,1590569.226,12.981
24887,1390,27352.293,14551.274,5.798,21.244,22.176,3.686,4482968.443,9.803
24888,1390,27877.673,15367.005,100.88,320.828,0,2.645,2312430.319,13.723
24889,1390,37229.182,26009.668,63.302,85.696,12.264,2.289,1728878.369,17.485
24890,1391,11069.906,36996.058,193.63,1064.647,0,3.918,5064893.118,17.112
24891,1391,23680.352,28881.553,1.572,28.937,26.971,2.234,1647579.954,6.595
24892,1391,27306.715,14590.812,90.227,492.668,0,4.091,5525575.297,10.34
24893,1392,11036.093,36992.081,137.31,851.193,0,3.051,3073198.175,11.232
24894,1392,23793.539,28879.803,61.563,128.667,15.727,2.964,2899606.805,14.059
24895,1392,27311.267,14556.479,122.51,415.59,0,2.08,1428460.444,13.854
24896,1392,28800.482,15433.465,4.753,18.972,21.344,4.117,5592606.363,10.94
24897,1392,37244.899,25988.813,126.877,372.143,0,1.411,656679.38,14.298
24898,1393,11042.691,37044.609,7.118,15.965,26.868,3.844,4875571.892,12.763
24899,1393,23154.786,29199.302,106.379,320.325,0,3.046,3063346.709,15.504
24900,1393,23857.425,28905.964,123.449,459.581,0,3.147,3267744.103,14.945
24901,1393,27904.269,15461.27,67.348,170.055,22.111,1.274,535363.546,11.059
24902,1393,37297.696,25990.102,91.46,220.242,0,1.578,821659.113,13.631
24903,1394,10018.396,38905.157,125.415,409.552,0,3.523,4095798.216,17.478
24904,1394,11071.449,37186.317,117.21,604.664,0,3.253,3493076.446,11.702
24905,1394,27921.533,15430.796,5.222,20.913,21.448,3.97,5202546.179,10.108
24906,1395,11074.658,36994.166,48.935,39.429,27.086,2.189,1581259.626,21.337
24907,1395,23884.897,28878.432,67.647,85.386,9.253,1.526,768970.59,16.917
24908,1395,27903.666,15423.393,100.229,292.786,1.028,2.631,2284674.612,14.434
24909,1395,28601.663,16107.482,74.826,171.273,5.833,3.699,4515842.253,16.343
24910,1395,34862.477,28679.322,71.691,94.698,7.619,2.364,1843960.997,19.381
24911,1396,10958.506,37038.472,8.959,48.832,21.996,5.719,10795291.47,7.142
24912,1396,37290.362,25985.955,85.686,196.649,0,3.216,3422920.862,16.694
24913,1397,9987.965,38916.851,56.191,121.822,10.575,2.129,1495272.892,11.889
24914,1397,10797.404,35522.784,7.084,12.829,20.748,1.12,413889.353,10.423
24915,1397,10981.915,33415.408,78.753,242.458,0,2.206,1607199.353,11.564
24916,1397,11041.959,37045.187,6.667,23.744,32.6,4.304,6112336.012,9.907
24917,1397,27903.024,15416.932,86.74,168.616,12.159,1.746,1005513.617,15.342
24918,1397,28564.237,16046.762,92.822,248.309,0,1.965,1275586.024,13.465
24919,1397,37231.513,25890.771,114.906,286.361,0,2.032,1362073.734,16.093
24920,1398,10766.288,35536.997,109.08,364.893,0,1.926,1224273.27,12.838
24921,1398,10962.635,33416.254,61.826,91.259,9.77,2.278,1711914.854,16.253
24922,1398,11049.346,37002.855,99.507,416.155,0,4.983,8193403.048,14.697
24923,1398,27254.949,14531.885,121.064,335.948,0,1.867,1150589.737,15.182
24924,1398,27919.339,15481.652,85.024,243.124,5.144,3.604,4287239.918,14.908
24925,1398,32830.322,27187.729,57.39,89.144,10.912,2.627,2278028.787,15.835
24926,1398,35998.507,28879.176,8.079,37.388,16.019,2.915,2805139.934,6.676
24927,1398,37224.273,25903.348,51.106,39.505,11.488,1.846,1124425.597,21.05
24928,1399,11054.555,37032.743,112.484,647.068,0,2.824,2632335.217,10.216
24929,1399,23923.938,28815.111,83.121,100.438,12.397,1.327,581304.228,18.855
24930,1399,27360.121,14637.961,1.432,22.338,13.829,1.615,861035.441,7.31
24931,1399,28481.09,15999.639,7.305,30.714,15.877,2.457,1991910.227,7.113
24932,1400,10021.087,38909.649,136.948,632.959,0,3.275,3538590.132,13.994
24933,1400,11095.893,37043.534,97.3,425.282,4.622,2.398,1897280.097,10.711
24934,1400,23815.204,28825.962,94.301,231.947,0,1.936,1236667.198,14.256
24935,1400,27890.573,15370.411,138.718,534.937,0.242,1.508,750930.469,12.968
24936,1400,28482.218,16045.073,112.664,347.033,0,2.806,2598493.303,15.348
24937,1400,35963.331,28953.935,128.46,600.459,0,3.998,5274683.173,14.484
24938,1400,37252.565,25954.381,110.363,289.494,0,2.206,1605816.587,15.557
24939,1401,9987.915,38885.349,100.964,382.409,0,1.47,713797.133,11.004
24940,1401,10302.306,38056.319,125.138,579.149,0,2.013,1337276.258,11.537
24941,1401,11113.823,37038.805,197.437,1840.002,0,5.776,11011203.215,14.294
24942,1401,11057.914,37745.731,134.209,554.683,0,3.677,4463061.202,15.723
24943,1401,23718.709,28828.648,119.488,325.93,0,2.007,1329929.616,15.507
24944,1401,27330.437,14586.607,86.182,218.239,0.301,1.276,537243.64,12.479
24945,1401,27915.462,15439.45,2.739,14.154,18.728,1.868,1151478.968,9.839
24946,1401,35940.088,29010.761,120.784,682.8,0,1.202,477036.335,9.561
24947,1402,11046.156,37035.742,7.677,29.961,37.047,4.873,7836514.28,9.11
24948,1402,27316.574,14571.408,49.535,29.66,15.632,1.249,514850.919,21.807
24949,1402,35932.122,29018.454,28.64,23.555,22.158,2.936,2844555.903,19.021
24950,1403,11079.385,37061.129,123.638,869.776,5.491,4.468,6589022.737,11.029
24951,1403,11065.566,37694.206,93.342,318.123,0,2.884,2744034.74,12.849
24952,1403,27922.245,15431.157,4.656,12.581,23.217,2.369,1851501.567,11.623
24953,1403,35885.206,29026.616,109.956,468.38,0,2.218,1624084.761,11.476
24954,1404,11073.641,37084.509,110.313,674.51,0,5.783,11034767.886,12.807
24955,1404,35924.204,29005.356,46.131,67.475,19.402,3.707,4534490.348,17.067
24956,1404,37239.49,26044.416,41.264,54.302,10.626,3.032,3033364.916,15.846
24957,1405,10930.791,35673.954,162.44,816.295,0,1.872,1156250.353,12.595
24958,1405,11088.124,37104.162,85.16,244.317,27.932,4.784,7552997.142,17.259
24959,1405,27888.034,15467.449,94.462,147.985,12.195,2.354,1828360.621,20.445
24960,1405,28834.778,16127.609,159.448,619.497,0,2.298,1743404.392,15.36
24961,1405,35917.636,29039.896,8.051,34.785,24.594,4.217,5869665.498,7.781
24962,1406,28849.147,16090.736,123.429,494.33,0,3.589,4250946.379,15.003
24963,1406,35970.835,29032.193,51,53.653,17.07,3.757,4657448.918,23.606
24964,1406,37280.204,25921.47,2.938,39.971,14.696,2.405,1909473.119,5.608
24965,1407,37242.981,25931.214,75.162,134.741,5.932,1.708,962658.521,14.819
24966,1408,27953.249,15483.037,63.305,89.434,10.318,1.742,1001011.606,15.704
24967,1408,36440.16,27511.235,59.085,51.722,11.806,3.112,3195144.926,26.775
24968,1408,37248.254,25954.829,58.402,78.857,8.823,1.949,1254142.486,15.933
24969,1409,10954.477,33368.123,10.436,28.435,15.147,1.542,784570.75,7.599
24970,1409,11094.997,37071.452,104.291,355.197,25.467,5.463,9850355.923,18.978
24971,1409,35891.422,29153.902,34.656,32.717,23.403,3.624,4334294.073,20.556
24972,1409,37278.747,25924.628,8.872,42.935,9.445,3.157,3289204.755,6.384
24973,1410,11031.894,37046.977,126.279,609.494,0,6.475,13837284.598,18.491
24974,1410,11039.466,37524.746,6.803,33.189,20.008,3.316,3628462.228,7.174
24975,1410,22815.706,29336.961,119.261,342.787,0,2.656,2328249.739,16.365
24976,1410,35876.778,29213.415,70.126,83.573,15.442,3.56,4181620.503,25.45
24977,1411,10888.202,33400.343,98.578,219.475,5.685,2.684,2376695.338,17.318
24978,1411,11036.191,37076.863,36.219,35.244,25.044,2.944,2859547.838,18.344
24979,1411,22775.866,29360.575,108.696,345.641,0,5.123,8667380.836,19.888
24980,1411,27600.368,13758.252,3.857,22.485,16.911,1.855,1135933.667,7.597
24981,1411,37247.441,25860.26,116.353,427.035,0,3.845,4877776.573,15.854
24982,1412,10694.049,37870.452,97.462,382.529,0,3.921,5072530.68,13.479
24983,1412,22771.539,29362.157,72.376,110.5,9.938,2.551,2147494.516,18.161
24984,1412,27520.338,13681.432,2.838,26.594,16.741,3.752,4646476.865,8.004
24985,1412,37220.888,25834.308,33.544,18.936,19.926,3.745,4629059.55,31.617
24986,1413,11123.114,37674.986,6.457,29.937,24.542,2.446,1973945.389,7.07
24987,1413,22835.48,29352.295,86.992,269.557,0,2.456,1990725.116,12.498
24988,1413,27491.66,13708.442,80.58,297.773,0,2.891,2759343.755,11.174
24989,1415,11120.368,37077.199,1.998,16.831,27.209,2.418,1930265.684,9.333
24990,1415,21647.441,30648.583,112.527,267.696,0,3.631,4350134.106,20.911
24991,1415,22833.333,29267.271,108.79,330.919,0,4.251,5965973.697,18.399
24992,1415,27520.765,13680.782,4.962,34.553,20.666,2.999,2967619.243,6.551
24993,1415,36480.587,27470.643,63.735,77.368,7.48,2.825,2633465.231,20.72
24994,1416,10920.672,35740.129,84.005,245.052,3.842,4.369,6300599.036,16.027
24995,1416,11038.56,37021.36,141.888,1024.486,0,4.189,5789813.433,11.576
24996,1416,21610.674,30645.9,144.571,424.437,0,1.977,1289413.018,16.562
24997,1416,22799.742,29280.49,5.711,29.377,15.925,2.83,2643475.939,7.252
24998,1416,27599.171,13759.237,3.267,28.356,20.024,2.756,2507165.052,7.059
24999,1417,10963.104,33361.526,11.263,47.302,19.686,1.755,1016195.465,5.973
25000,1417,11039.834,36959.29,3.275,40.397,34.593,3.933,5105776.035,6.194
25001,1417,21675.146,30563.227,7.044,37.806,12.505,1.727,983808.22,6.006
25002,1417,22753.19,29347.47,79.756,118.316,8.329,3.236,3455609.99,22.13
25003,1417,27592.719,13716.202,47.348,57.168,13.918,2.188,1579462.046,15.919
25004,1418,10974.294,33348.22,37.405,37.737,18.857,3.362,3729942.454,19.366
25005,1418,11077.585,37000.577,123.935,775.762,0,4.722,7358829.834,12.323
25006,1418,27603.362,13676.078,128.265,436.607,0,1.256,520763.071,13.028
25007,1418,37196.21,25684.253,10.023,20.711,15.471,2.155,1531969.554,9.477
25008,1419,10967.828,33402.194,65.1,118.503,20.454,3.232,3447139.484,16.605
25009,1419,11094.976,36973.236,49.406,82.053,30.667,1.937,1237641.432,12.868
25010,1419,37199.239,25676.69,5.291,23.532,17.218,3.627,4340625.935,8.962
25011,1420,10959.647,33363.878,4.99,36.91,23.307,4.401,6390709.186,7.027
25012,1420,11047.379,37040.97,8.57,30.033,22.161,4.292,6078477.085,8.823
25013,1420,35623.338,29241.705,83.535,254.599,0,3.589,4251502.081,14.048
25014,1420,37264.483,25641.982,57.145,80.98,10.79,2.479,2028674.882,16.465
25015,1421,10986.637,33396.577,102.849,421.132,0,3.416,3850291.971,12.806
25016,1421,11070.893,37043.769,51.557,79.949,28.494,2.169,1552140.648,14.088
25017,1421,35661.379,29226.467,123.851,569.512,0,3.574,4214790.422,13.596
25018,1421,37261.416,25764.97,144.11,583.782,0,3.724,4578148.089,16.899
25019,1422,11105.729,37038.709,9.39,18.308,27.286,3.606,4291964.473,11.991
25020,1422,28035.973,15620.997,74.86,171.816,0,4.19,5793947.391,17.415
25021,1422,35707.517,29289.579,82.809,256.779,0,3.883,4976205.68,14.289
25022,1422,37142.103,25804.426,104.682,340.778,0,2.757,2507805.46,14.015
25023,1423,9911.651,39355.04,27.869,36.739,14.025,1.019,342461.305,10.975
25024,1423,10924.105,36853.7,173.544,1012.753,0,2.639,2298635.065,12.969
25025,1423,35689.937,29267.788,79.196,170.279,9.51,2.652,2320670.078,15.377
25026,1423,37015.41,25717.803,92.709,308.939,0,3.678,4465952.278,14.261
25027,1424,11071.026,37085.322,120.948,706.307,0,4.099,5544739.483,11.96
25028,1424,35636.668,29225.825,74.979,226.183,5.026,3.879,4965754.071,13.659
25029,1424,36508.556,27642.306,75.399,213.155,1.79,3.268,3525357.854,13.366
25030,1425,11068.707,37056.64,40.096,35.865,37.469,3.739,4613982.948,23.431
25031,1425,26844.671,12527.597,79.159,202.627,0,4.016,5323549.995,16.262
25032,1425,28038.434,15626.803,66.874,87.042,9.139,1.985,1300106.85,17.662
25033,1425,35710.307,29296.636,79.349,241.196,0,3.188,3357764.007,13
25034,1425,36459.385,27651.01,76.918,202.266,0,1.363,615652.846,11.618
25035,1425,36969.219,25679.113,96.543,199.445,3.686,2.75,2495072.006,18.191
25036,1426,11118.476,37039.857,0.675,26.152,45.042,3.898,5013738.655,8.076
25037,1426,28030.746,15633.469,125.317,469.018,0,1.767,1030029.016,12.784
25038,1426,36516.806,27710.345,102.93,247.303,0,3.321,3639745.944,18.566
25039,1426,37033.804,25714.939,112.688,335.172,0,2.232,1644569,14.58
25040,1427,11029.827,36983.511,201.388,1449.132,0,3.056,3082340.555,13.034
25041,1427,36539.904,27706.316,89.672,242.185,0,1.714,969596.907,12.788
25042,1428,11039.245,37035.706,3.239,43.998,41.275,2.118,1480731.107,5.256
25043,1428,36602.818,27673.156,100.691,270.281,0,4.183,5774771.234,18.999
25044,1429,11034.305,37000.935,143.407,1186.028,0,2.742,2481477.316,9.373
25045,1429,27645.074,15031.659,120.744,353.002,0,3.52,4089923.35,18.477
25046,1430,10035.04,38900.029,56.531,65.399,17.246,2.613,2252629.974,19.261
25047,1430,27611.924,15077.424,99.213,235.858,0,2.394,1890851.817,15.944
25048,1431,11039.185,36938.338,99.253,274.041,23.224,3.269,3527217.752,16.227
25049,1431,23578.507,29617.265,62.995,82.392,9.075,1.659,907965.931,16.24
25050,1431,36076.556,30293.402,57.897,76.869,11.255,1.995,1313120.231,16.135
25051,1432,11021.817,36901.586,162.538,1485.939,0,3.21,3399482.129,9.864
25052,1432,32852.464,26597.735,99.116,272.359,0,2.352,1825043.863,14.407
25053,1433,11030.739,36942.11,80.136,144.97,41.757,3.928,5092399.294,21.226
25054,1433,35922.778,28959.694,8.915,29.787,15.746,3.576,4219779.203,8.362
25055,1433,36643.987,27695.134,6.604,19.035,13.84,1.311,567421.804,8.43
25056,1435,10942.831,36830.305,81.727,245.994,12.83,2.282,1718836.514,12.059
25057,1435,23644.534,29422.103,71.742,101.467,14.469,2.9,2774955.022,20.2
25058,1435,36711.001,27905.932,66.66,87.253,9.109,2.41,1916577.451,18.807
25059,1436,10937.068,36867.23,131.165,630.923,0,3.155,3284974.191,13.048
25060,1436,34167.126,27696.78,100.615,304.509,0,1.959,1269490.648,13.069
25061,1436,35826.931,28984.821,121.341,398.052,0,2.614,2255106.003,15.041
25062,1437,10891.767,35469.619,57.68,73.555,22.741,3.769,4687316.72,21.887
25063,1437,11084.219,37027.312,137.402,871.07,0.027,1.364,614268.27,9.695
25064,1437,23677.748,29328.395,69.198,48.861,14.123,1.856,1136459.462,26.711
25065,1437,34189.692,27705.038,62.697,109.879,4.637,1.499,741152.161,13.353
25066,1437,35851.879,28925.817,134.427,490.93,0,2.899,2774583.55,15.525
25067,1438,11042.768,37034.299,5.722,26.118,25.872,4.408,6413449.341,9.122
25068,1438,23662.267,29309.586,48.036,69.07,14.615,1.617,863248.047,13.369
25069,1438,27597.742,15126.022,10.05,33.923,13.196,4.22,5878174.805,8.436
25070,1439,11033.442,37042.61,8.123,30.329,31.963,1.108,405090.453,6.739
25071,1439,27600.967,15168.697,26.79,36.937,15.777,3.984,5236796.648,14.758
25072,1439,35911.485,28934.264,134.356,380.13,0,2.107,1464390.218,16.507
25073,1440,11021.94,37381.421,124.769,538.042,0,2.579,2195852.649,12.739
25074,1440,23889.084,29018.9,114.084,345.588,0,3.082,3135195.933,16.256
25075,1440,32940.37,27379.101,127.099,357.282,0,2.318,1773931.753,16.498
25076,1441,10585.694,38122.096,93.768,366.214,0,3.128,3228696.407,12.089
25077,1441,11007.034,36991.987,50.34,58.985,20.633,2.061,1401289.993,16.43
25078,1441,23564.448,29303.932,96.783,263.785,0,4.014,5317405.078,17.825
25079,1441,27613.374,15095.519,64.343,106.605,13.1,1.85,1129503.727,14.561
25080,1441,35759.471,29122.645,4.784,46.476,19.179,3.586,4242939.786,5.669
25081,1443,10959.396,35446.769,6.273,38.033,16.318,2.475,2020952.389,6.133
25082,1443,11180.399,37264.75,150.366,722.357,0,2.311,1762978.716,12.949
25083,1443,23637.129,29441.291,66.717,59.644,13.45,2.955,2882350.828,27.676
25084,1443,35698.419,29228.813,82.806,237.586,0,3.604,4288813.463,14.615
25085,1443,36919.338,27888.767,132.44,382.722,0,1.485,727805.191,14.895
25086,1444,23617.211,29435.017,151.075,569.342,0,3.1,3171384.145,16.906
25087,1444,27659.982,15081.243,100.592,290.011,0,1.915,1210638.378,13.392
25088,1444,37253.77,25736.356,69.453,135.139,3.847,2.583,2201097.422,15.067
25089,1445,10081.616,38883.611,7.956,40.67,17.573,6.027,11989026.819,8.125
25090,1445,10172.708,38412.26,73.206,131.098,10.837,2.654,2324125.749,16.62
25091,1445,27675.445,15114.667,49.016,73.963,11.441,3.285,3561975.426,16.248
25092,1446,10234.872,38364.278,41.441,31.291,17.934,1.423,668163.031,17.973
25093,1448,10998.092,33609.516,38.516,27.262,18.716,1.883,1169905.513,19.643
25094,1448,27667.492,15134.404,108.137,394.341,0,3.134,3242286.969,13.869
25095,1448,33015.175,27356.767,147.132,638.308,0,2.414,1923172.485,13.793
25096,1448,35682.426,29284.228,6.795,44.689,13.035,2.196,1591885.501,5.576
25097,1448,37294.234,25805.112,74.599,187.456,0,3.116,3204579.124,14.145
25098,1449,10204.055,38380.855,126.289,390.272,0,2.817,2618020.997,16.537
25099,1450,28296.231,15836.144,35.815,28.618,17.608,0.258,22022.569,14.686
25100,1450,33039.965,27439.848,0.182,23.089,14.402,2.64,2300246.166,7.761
25101,1451,33000.611,27368.058,98.553,287.552,0,5.277,9191496.97,20.189
25102,1452,32961.122,27363.195,3.684,38.034,18.012,2.582,2199451.995,5.887
25103,1453,27724.462,15124.512,46.746,41.362,12.814,2.391,1887034.65,20.227
25104,1453,28355.364,15864.221,93.182,321.621,0,1.164,447451.892,10.882
25105,1453,33000.301,27386.532,52.9,112.375,16.155,5.929,11601674.452,18.194
25106,1454,10832.5,35588.421,119.022,436.188,0,2.24,1656574.6,13.217
25107,1454,10889.853,36640.594,49.07,40.741,21.431,2.415,1925312.74,21.829
25108,1454,28324.507,15831.884,12.261,29.514,25.393,4.549,6830337.485,10.441
25109,1454,32942.535,27273.305,55.36,77.722,12.85,2.542,2132940.687,16.434
25110,1455,28394.83,15903.612,44.543,67.825,17.216,2.223,1630477.408,13.375
25111,1455,30426.059,34471.955,104.56,249.061,0,1.568,810969.863,14.751
25112,1456,10850.194,35572.027,53.344,59.462,20.4,3.443,3911633.816,21.992
25113,1456,10970.777,33512.702,63.097,96.414,11.917,2.586,2206181.244,16.804
25114,1456,28358.917,15934.362,101.291,275.153,0,2.182,1571224.328,14.396
25115,1457,10919.482,35610.93,179.769,1100.875,0,1.759,1021178.126,11.764
25116,1457,30470.036,34447.295,22.04,22.115,11.833,1.117,411918.675,12.238
25117,1457,34357.402,28036.484,56.238,88.828,11.991,1.08,384861.39,12.932
25118,1458,10203.35,38400.591,2.728,18.391,20.295,2.145,1518118.863,8.644
25119,1458,10894.428,35560.868,104.924,300.437,17.038,3.468,3968180.762,16.865
25120,1458,23722.461,29164.483,164.235,868.011,0,2.215,1619266.754,12.74
25121,1458,32895.055,27279.814,112.596,288.252,0,1.896,1186335.508,15.346
25122,1458,34360.137,28056.38,81.383,194.222,3.989,2.084,1433069.46,13.591
25123,1459,10852.73,35623.582,100.051,509.432,0,5.135,8702812.065,12.891
25124,1459,22321.413,29526.784,9.59,16.223,19.235,2.357,1833401.069,11.159
25125,1459,23679.826,29200.644,0.549,11.043,22.496,2.837,2656436.278,13.014
25126,1460,10245.855,38435.961,131.077,557.547,0,1.844,1122186.843,12.255
25127,1460,10836.334,35613.337,130.223,494.844,0,3.536,4126052.387,16.073
25128,1460,26764.3,12574.74,44.392,35.779,13.175,2.444,1970431.069,21.266
25129,1460,32938.737,27342.458,25.677,27.316,13.083,2.024,1351738.749,13.474
25130,1461,10826.867,35617.618,159.183,782.956,0,2.887,2751256.897,14.141
25131,1461,32897.597,27227.758,62.433,118.503,5.543,2.805,2596173.77,14.834
25132,1462,22394.352,29520.993,9.069,13.363,15.84,1.531,774027.056,11.194
25133,1462,23698.069,29008.351,55.269,38.123,21.933,1.969,1279153.313,24.368
25134,1462,32801.776,27196.4,6.723,23.206,14.105,2.285,1722995.563,8.175
25135,1463,10319.31,39441.844,7.16,29.352,19.833,1.805,1075395.826,6.951
25136,1463,10918.562,35570.588,152.997,819.839,0,2.779,2548530.558,12.854
25137,1463,23647.871,29009.627,67.248,74.334,17.656,1.707,961839.022,18.837
25138,1463,32864.281,27092.746,125.667,391.161,0,2.208,1610668.515,15.094
25139,1464,10319.689,39432.907,88.571,270.445,7.76,2.501,2064374.576,12.812
25140,1464,10848.772,35627.029,74.561,98.737,18.637,1.756,1017625.436,17.925
25141,1465,10840.958,35602.862,121.803,596.632,0,3.273,3536241.369,12.445
25142,1465,23620.807,28964.095,152.468,715.837,0,2.288,1728348.764,13.215
25143,1466,10315.162,39450.413,126.61,496.562,0,2.934,2841919.402,14.271
25144,1466,10853.44,35631.73,99.36,354.436,0,5.245,9077978.866,17.16
25145,1466,23623.015,28963.214,136.523,619.086,0,2.334,1798308.885,12.693
25146,1466,32802.4,27147.131,110.296,274.569,0,1.834,1110065.923,15.303
25147,1467,10904.362,35571.804,111.67,508.379,0,1.689,941939.168,10.646
25148,1467,27565.821,14975.981,92.297,233.93,0,2.122,1485708.64,14.133
25149,1467,32805.461,27185.812,100.733,272.561,0,2.803,2592917.915,15.599
25150,1467,34368.868,28082.599,43.652,44.214,10.974,2.872,2722778.223,19.227
25151,1468,10236.487,38401.956,10.08,27.156,18.518,1.853,1133158.688,7.882
25152,1468,10768.526,36621.467,92.351,299.365,0,3.936,5111860.808,14.975
25153,1468,32845.558,27161.49,78.668,127.082,6.044,1.891,1179735.513,16.617
25154,1468,34411.873,28068.365,64.715,73.34,13.92,2.147,1520893.435,19.532
25155,1469,10910.302,35557.256,105.735,360.683,0,4.996,8238200.974,18.095
25156,1469,34378.149,28133.217,93.312,181.399,2.52,2.214,1618033.389,17.102
25157,1470,35611.24,28181.665,120.261,387.286,0,2.3,1745590.475,14.54
25158,1471,10894.356,35563.959,53.221,45.001,16.468,1.738,996799.773,19.856
25159,1471,23842.555,29218.675,9.633,15.185,18.485,2.17,1554404.981,11.386
25160,1471,32880.897,27198.171,4.855,43.589,17.959,2.091,1443518.188,5.406
25161,1472,32867.916,27181.796,116,358.61,0,1.518,760628.302,13.349
25162,1473,32819.04,27058.637,57.501,85.86,8.711,1.62,866416.647,14.24
25163,1474,23914.451,29361.193,5.966,20.615,16.384,3.352,3707899.52,9.676
25164,1474,27522.406,14961.504,4.575,34.143,14.153,2.185,1575250.899,6.197
25165,1474,28367.251,15906.562,117.921,396.976,0,4.159,5708686.217,17.817
25166,1474,30772.825,34511.501,146.049,404.01,0,2.997,2964667.949,20.379
25167,1475,10882.592,35518.658,142.533,667.396,0,1.243,510193.537,11.556
25168,1475,11442.345,35919.832,3.215,17.211,18.801,3.897,5012242.191,11.146
25169,1476,10390.275,38138.957,140.372,589.735,0,3.258,3502543.231,15.187
25170,1476,10880.795,35601.628,3.785,33.679,18.522,2.585,2204908.087,6.331
25171,1476,11360.218,35841.398,5.651,36.421,21.468,1.564,807633.303,5.902
25172,1477,10155.14,38488.142,112.566,432.5,0,1.493,735262.486,11.583
25173,1477,28399.354,15913.864,79.274,146.685,10.239,2.61,2247369.622,16.955
25174,1478,10154.664,38486.487,8.66,16.694,24.229,3.249,3483202.871,11.945
25175,1478,28275.063,15862.26,80.419,105.293,16.184,3.134,3242053.09,24.099
25176,1479,10129.853,38475.534,70.629,120.691,13.205,2.663,2340272.46,16.822
25177,1479,23863.04,29270.053,39.333,33.126,16.474,3.3,3594015.926,22.593
25178,1480,28386.174,15942.76,113.402,431.927,0,2.16,1540295.154,12.434
25179,1481,23845.025,29324.44,61.841,42.429,17.62,0.826,225103.542,20.832
25180,1482,10149.248,38525.718,124.648,491.519,0,3.318,3632210.471,14.761
25181,1482,28421.375,15938.497,70.808,168.109,9.127,0.994,325864.248,11.495
25182,1483,10125.007,38532.342,153.861,638.588,0,1.946,1249210.258,13.797
25183,1483,23786.123,29282.456,153.685,666.233,0,2.69,2387457.703,14.679
25184,1483,32801.052,27120.329,6.723,30.036,16.7,2.343,1811080.481,7.046
25185,1484,10152.337,38474.395,125.5,550.892,0,2.683,2376633.779,12.785
25186,1484,32803.238,27186.156,122.368,379.212,0,2.821,2625857.594,16.17
25187,1484,37149.703,26735.612,50.192,56.997,11.787,2.999,2967980.185,19.442
25188,1485,10164.557,38442.787,126.974,557.171,0,4.056,5428438.112,15.159
25189,1485,10559.055,33523.988,8.402,29.607,16.439,1.68,931895.899,7.082
25190,1485,22240.335,29757.037,7.956,34.197,15.558,3.377,3764353.024,7.294
25191,1486,32832.343,27143.217,61.934,73.456,13.077,2.585,2204547.089,19.873
25192,1487,26711.853,12613.16,144.656,453.409,0,3.858,4912444.833,21.054
25193,1487,28073.305,14719.668,99.786,309.325,0,2.212,1614315.649,13.177
25194,1489,26642.312,12728.027,11.403,10.874,17.969,2.519,2093291.605,15.969
25195,1489,28653.124,15772.735,60.645,70.59,14.842,1.248,513761.919,16.171
25196,1490,28643.13,15823.784,10.422,18.889,20.168,1.276,536961.915,9.334
25197,1491,23904.92,29400.415,60.23,78.674,9.663,2.354,1828634.333,17.592
25198,1492,10357.487,37979.836,38.921,22.585,23.059,3.347,3697283.433,30.677
25199,1492,11071.262,35632.74,126.907,794.254,0,2.609,2247120.269,10.224
25200,1493,10206.204,38445.614,115.584,480.334,0,1.626,873070.08,11.363
25201,1493,10356.632,38014.033,118.383,528.34,0,4.468,6589609.683,14.95
25202,1493,11060.838,35526.263,31.314,60.874,24.772,3.457,3944847.446,11.348
25203,1493,22158.118,29839.438,7.049,41.19,16.18,1.892,1181724.204,5.779
25204,1493,23827.42,29437.888,135.075,488.113,0,2.516,2089233.839,14.912
25205,1493,28646.585,15821.029,30.037,52.719,15.992,1.47,713264.726,9.892
25206,1494,23812.815,29464.361,189.447,761.599,0,2.789,2566585.052,18.062
25207,1494,32821.654,27118.791,96.443,333.745,0,2.355,1830480.747,12.25
25208,1495,32833.039,27128.383,83.306,223.706,0,2.133,1502316.726,12.874
25209,1496,10380.415,37945.179,85.789,205.318,12.889,3.107,3185464.524,15.969
25210,1496,36349.131,25944.509,80.2,176.729,0,2.125,1490837.568,14.238
25211,1497,10133.183,38508.685,76.41,145.256,8.458,0.958,303127.229,13.392
25212,1497,22102.959,29743.128,109.235,336.515,0,2.122,1485579.232,13.809
25213,1498,10312.61,38019.991,114.3,466.025,0,2.349,1821039.085,12.214
25214,1498,23887.741,29450.301,38.57,39.175,12.423,1.76,1022331.4,15.268
25215,1499,10954.746,34020.13,129.934,397.22,0,3.585,4240614.307,19.016
25216,1499,28081.691,14568.883,7.824,28.205,12.787,2.909,2793046.451,7.888
25217,1501,10193.159,38511.384,109.109,411.165,0,4.027,5351011.595,15.198
25218,1501,22302.174,29546.794,38.44,36.725,16.212,2.82,2624299.162,18.71
25219,1501,28068.432,14635.848,94.466,244.523,1.29,3.223,3427960.401,16.342
25220,1501,28879.934,16081.615,8.257,43.114,15.099,1.654,903287.518,5.746
25221,1502,10158.854,38484.413,7.254,38.194,23.197,3.981,5228972.579,6.999
25222,1502,28869.373,16097.574,45.098,46.089,13.864,1.354,605439.726,15.403
25223,1503,22123.957,29675.883,50.027,51.719,14.639,3.762,4670851.334,23.685
25224,1503,28050.4,14679.805,76.923,142.722,4.249,1.596,841057.72,14.504
25225,1504,28079.861,14639.52,1.25,39.107,13.931,1.416,661966.908,5.346
25226,1505,23912.432,29355.04,8.013,10.225,16.867,2.88,2737115.743,15.843
25227,1506,22067.783,29800.567,90.733,123.196,12.318,1.152,437634.186,17.991
25228,1506,22775.99,29668.496,47.544,43.624,13.138,4.488,6646576.415,28.56
25229,1507,10080.751,39119.358,1.211,25.007,19.579,3.742,4621117.5,8.221
25230,1507,10317.216,37998.377,8.983,43.425,17.076,5.092,8555729.248,7.391
25231,1507,11068.411,36347.168,93.678,348.662,0,2.934,2841133.57,12.218
25232,1507,27239.399,14598.975,120.195,411.071,0,2.629,2281449.47,14.568
25233,1507,28080.53,14565.696,5.1,34.244,13.47,3.547,4151440.819,6.896
25234,1508,27280.865,14597.961,35.759,30.395,15.535,2.383,1873263.423,18.33
25235,1509,28367.962,15902.59,111.34,354.412,0,3.432,3888827.956,16.179
25236,1509,36241.918,26400.799,6.982,24.979,16.285,3.078,3126596.68,8.472
25237,1511,27249.932,14588.213,101.483,304.545,0,2.834,2651067.236,14.66
25238,1511,28895.22,16114.174,137.551,522.726,0,1.6,844794.656,13.133
25239,1512,28199.462,14691.253,76.301,109.081,12.043,3.442,3909797.393,22.871
25240,1512,30139.379,35413.915,67.667,138.917,5.979,2.164,1546028.457,13.602
25241,1513,28175.609,14675.377,50.027,38.755,11.793,3.107,3185271.277,26.584
25242,1514,10337.53,37936.344,140.248,564.1,0,2.197,1592239.196,13.696
25243,1514,10928.585,36226.722,67.416,140.167,8.296,3.973,5208651.471,17.023
25244,1514,30076.494,35446.187,125.071,447.134,0,2.387,1881319.56,14.078
25245,1515,30097.567,35409.29,89.429,215.84,0,1.707,962918.455,13.634
25246,1516,10945.714,34078.427,150.822,639.537,0,3.494,4029923.875,16.365
25247,1516,22082.548,29754.675,6.981,23.667,19.669,2.108,1465785.006,8.005
25248,1516,30161.753,35379.708,32.451,30.599,16.189,0.812,217652.846,13.49
25249,1517,10915.063,34087.029,106.391,329.709,0,3.511,4069520.392,16.16
25250,1517,30112.002,35414.931,92.569,275.599,0,1.854,1135049.51,12.46
25251,1518,10956.029,34076.668,8.226,31.474,17.605,1.294,552819.658,6.681
25252,1518,30111.193,35450.263,68.377,177.432,5.87,1.159,443314.107,10.893
25253,1518,35966.996,26321.269,1.975,19.878,16.122,2.748,2492050.415,8.694
25254,1519,10287.77,38027.104,93.76,388.538,0,5.475,9892062.273,14.96
25255,1519,22028.169,29703.32,91.166,329.98,0,6.043,12053678.203,17.395
25256,1519,30097.092,35415.665,44.069,74.681,12.82,2.574,2186457.515,12.956
25257,1519,34399.229,29040.121,1.598,20.918,13.087,1.493,735928.961,7.525
25258,1519,36958.425,26080.41,6.365,24.347,15.669,3.441,3906460.847,8.803
25259,1520,10342.379,37953.524,77.247,172.052,10.196,3.696,4507150.306,17.028
25260,1520,30091.242,35429.314,161.794,546.136,0,4.915,7971999.136,25.31
25261,1520,36966.151,26163.483,9.523,16.102,14.874,3.297,3588007.986,12.693
25262,1521,10322.088,37930.472,9.668,20.927,21.931,1.818,1090336.929,9.02
25263,1521,10880.935,34082.21,1.295,9.67,19.861,0.978,315646.576,11.007
25264,1521,21989.741,29691.214,110.657,471.273,0,2.312,1763836.09,11.623
25265,1521,23833.132,29237.218,51.05,68.237,12.129,0.695,159385.66,13.178
25266,1521,30110.947,35429.356,96.611,339.588,0,1.654,902902.112,11.373
25267,1522,36938.676,26127.187,40.938,52.808,13.796,3.094,3159628.51,16.157
25268,1523,10659.598,35289.02,42.766,49.292,11.909,3.662,4426580.311,19.56
25269,1524,23826.454,29248.637,46.815,70.619,14.594,1.92,1216926.921,13.283
25270,1524,32698.173,27062.389,46.361,35.207,13.335,0.868,248361.885,17.379
25271,1525,10641.173,35356.203,6.352,40.328,13.007,3.245,3475459.531,6.248
25272,1526,10523.695,39052.709,120.251,458.916,0,3.421,3862887.599,14.938
25273,1526,23799.006,29122.438,35.148,32.776,13.582,4.048,5407241.509,22.345
25274,1527,23836.297,29036.27,5.819,18.102,18.705,2.057,1396728.521,9.104
25275,1529,10318.547,38162.923,4.664,21.594,24.553,3.6,4278100.374,9.366
25276,1529,10600.367,39113.087,161.627,751.237,0,2.7,2406075.84,14.497
25277,1529,26865.368,13847.186,115.071,383.965,0,4.478,6617272.578,18.377
25278,1529,34340.696,28969.343,126.617,373.519,0,2.541,2131358.354,16.447
25279,1529,36959.848,28158.665,1.713,18.849,15.256,0.999,329419.255,7.726
25280,1530,10230.876,38242.207,138.092,606.315,0,3.995,5265914.108,15.975
25281,1530,34248.865,28884.449,9.476,16.464,14.41,2.274,1706243.609,10.9
25282,1531,10560.568,39086.728,70.182,159.613,10.939,4.261,5992228.826,16.946
25283,1532,35760.402,25361.473,3.375,37.105,10.497,2.386,1878709.969,5.876
25284,1533,10412.968,37807.845,200.035,1129.588,0,2.819,2622501.764,14.858
25285,1533,10880.223,36164.004,2.473,31.74,16.521,2.917,2808861.497,6.612
25286,1533,22539.284,29480.762,43.817,46.272,11.095,3.373,3755482.967,20.264
25287,1534,10569.207,39072.644,68.513,118.264,12.051,2.171,1554725.36,15.307
25288,1534,34293.56,29032.301,146.042,510.801,0,1.641,888607.772,14.328
25289,1535,21396.706,30192.249,0.3,9.034,15.268,3.53,4111365.485,16.948
25290,1535,28211.644,14928.024,86.548,215.502,0,3.728,4587314.046,16.986
25291,1535,34355.205,29089.945,79.39,187.352,0,2.736,2470403.271,14.62
25292,1535,35725.478,25389.772,74.088,176.555,0,2.251,1674518.66,13.154
25293,1538,10259.174,38203.181,112.583,410.278,4.197,1.569,812005.515,12.01
25294,1540,23883.253,28913.079,145.743,567.14,0,5.488,9939696.639,22.231
25295,1540,27436.29,13535.295,163.328,759.608,0,2.583,2202541.786,14.378
25296,1540,28398.192,15118.442,8.952,32.016,16.166,3.332,3663343.738,7.803
25297,1540,36370.304,25378.75,77.471,189.259,0,3.658,4419075.161,15.844
25298,1541,27465.671,13471.079,95.45,264.619,0,3.32,3638640.354,15.868
25299,1541,35743.033,25426.545,49.487,76.007,9.005,1.322,577185.832,12.665
25300,1541,36347.653,25330.586,99.769,248.99,0,2.888,2752602.892,16.596
25301,1542,10227.113,38209.716,108.486,393.445,0,4.298,6095902.671,16.113
25302,1542,21422.04,30341.86,54.223,85.603,5.74,1.824,1098318.842,13.701
25303,1542,27480.464,13531.99,54.419,66.703,23.519,3.335,3669722.59,20.313
25304,1542,35758.457,25436.983,7.412,37.888,13.998,1.815,1087429.323,6.078
25305,1542,36362.802,25251.199,131.665,437.303,0,2.32,1775655.477,15.117
25306,1543,10245.268,38189.509,90.251,159.757,15.075,1.056,367909.801,15.266
25307,1543,21440.797,30237.013,5.196,14.819,13.932,1.991,1308149.309,10.081
25308,1543,27481.307,14954.423,44.754,33.866,13.569,1.616,861674.606,19.175
25309,1544,10273.073,38172.974,151.644,748.224,0,2.399,1899613.88,12.924
25310,1544,21472.901,30188.856,93.057,280.438,0,3.89,4994054.141,15.803
25311,1544,27480.872,13565.978,96.414,241.469,0,3.561,4185915.148,17.805
25312,1544,27507.556,14956.911,66.072,72.927,13.099,2.202,1599799.663,20.332
25313,1544,35729.132,25463.631,69.419,94.417,10.273,1.775,1039518.477,16.981
25314,1545,10175.767,38391.533,58.775,89.047,17.596,2.049,1385158.118,15.059
25315,1545,27530.803,15002.893,141.462,452.197,0,1.666,916525.698,14.886
25316,1546,10160.76,38323.754,3.764,43.841,22.176,3.453,3934237.452,5.727
25317,1547,10238.407,38369.121,2.76,11.881,23.462,2.307,1757095.77,11.626
25318,1547,23676.606,28910.363,189.644,761.576,0,3.435,3894062.602,19.981
25319,1548,11125.678,37728.644,110.636,208.104,7.168,1.123,416290.132,16.552
25320,1548,23687.793,28959.532,7.653,32.465,14.922,2.566,2172860.651,7.002
25321,1549,10230.86,38364.425,46.454,36.16,21.239,2.667,2346595.792,23.315
25322,1549,27413.817,13617.337,117.93,349.138,5.276,1.249,514974.738,13.452
25323,1551,10161.226,38399.709,6.619,30.255,23.016,4.106,5564736.26,8.153
25324,1552,10243.304,38312.731,9.824,12.058,22.543,3.481,3998088.721,16.392
25325,1552,27378.578,13683.657,127.022,490.352,0,2.113,1472882.905,13.114
25326,1554,10251.689,38218.452,129.198,723.393,0,4.616,7033015.606,13.64
25327,1554,27518.59,13705.203,1.642,10.118,16.414,2.213,1616592.083,12.627
25328,1555,10265.23,38170.067,195.666,1201.302,0,1.765,1027606.696,12.335
25329,1555,27416.457,13637.124,162.639,597.296,0,1.937,1238072.948,15.371
25330,1555,28136.714,15762.951,128.208,370.409,0,2.407,1912145.384,16.498
25331,1556,10236.338,38237.338,5.374,21.956,23.53,3.832,4845634.702,9.64
25332,1557,10280.575,38250.483,50.284,19.95,26.444,2.915,2804063.156,44.593
25333,1557,27526.806,13693.791,32.299,36.692,16.287,3.258,3502530.618,16.398
25334,1557,28127.899,15791.658,109.202,280.063,0,3.706,4532995.203,19.516
25335,1558,10244.86,38195.713,133.3,707.215,0,2.612,2252212.603,11.667
25336,1558,27596.32,13751.086,4.713,16.015,14.004,2.24,1656307.793,9.794
25337,1559,10267.409,38200.572,48.745,64.621,21.029,3.909,5043029.86,19.559
25338,1560,10215.613,38220.763,50.379,48.107,19.823,2.697,2400335.584,21.047
25339,1560,10825.316,33611.825,126.517,580.806,0,2.815,2615473.9,12.663
25340,1560,27535.633,13756.467,37.358,53.17,13.426,1.291,550356.18,11.763
25341,1560,28158.582,15767.009,3.398,16.759,17.01,3.382,3775347.148,10.681
25342,1560,36049.029,30256.389,53.14,65.247,7.137,2.55,2145468.372,17.651
25343,1561,26720.404,13601.347,4.421,29.909,12.623,0.892,262626.872,6.238
25344,1561,27523.486,13757.609,109.615,370.733,0.257,1.719,975618.828,12.527
25345,1562,26722.091,13590.4,95.634,172.288,7.271,0.996,327464.665,15.484
25346,1562,27532.43,13771.72,143.933,467.784,3.401,1.881,1167192.488,15.291
25347,1563,10213.235,38228.75,83.037,232.427,0,3.79,4741687.748,15.258
25348,1564,27508.767,13873.378,107.307,323.787,0,3.371,3750303.005,16.266
25349,1565,10621.105,38868.024,92.27,309.989,0,3.171,3317780.819,13.311
25350,1565,10996.445,34190.53,95.585,275.968,0,3.245,3475556.372,15.276
25351,1565,27519.683,13833.704,7.84,30.224,17.232,1.417,662226.63,6.801
25352,1567,27513.681,13828.024,78.234,165.391,7.913,1.954,1259395.015,14.112
25353,1568,28208.119,14835.264,126.548,528.599,0,1.78,1045480.916,12.069
25354,1569,11243.835,34626.391,88.789,241.061,0,4.761,7479810.502,18.539
25355,1570,27389.877,14675.128,50.198,34.242,14.275,2.62,2265490.048,26.697
25356,1571,11093.344,37509.669,77.821,199.483,16.139,3.074,3118078.783,14.245
25357,1572,11119.539,37433.236,10.233,20.631,18.782,2.317,1771523.856,9.726
25358,1572,21602.412,30560.064,4.271,23.901,13.558,2.144,1517071.384,7.552
25359,1575,27279.566,14562.811,8.081,37.586,13.504,1.847,1125290.39,6.218
25360,1575,28873.932,16187.908,136.771,472.543,0,3.118,3207504.007,16.835
25361,1575,32479.507,26884.637,9.703,14.229,14.351,3.037,3043575.833,13.46
25362,1576,10639.878,38586.469,29.855,52.844,13.053,4.174,5749439.795,12.939
25363,1576,11063.94,36502.41,114.923,359.749,0,2.971,2913137.867,15.721
25364,1576,27249.923,14598.451,118.18,324.877,0,2.591,2215538.478,16.619
25365,1576,28865.393,16178.766,62.385,61.079,12.203,1.102,400427.641,17.776
25366,1576,32498.918,26848.942,105.505,243.28,0,2.63,2282178.397,17.524
25367,1577,10656.563,38568.017,126.755,456.051,0,2.832,2646487.742,14.953
25368,1577,10976.718,34080.367,117.817,349.904,0,2.356,1831162.656,15.242
25369,1578,10653.403,38577.973,129.782,442.502,0,4.036,5376860.487,18.629
25370,1579,10621.814,38562.281,36.626,41.937,13.848,2.693,2392980.114,15.784
25371,1580,10978.141,34054.272,104.359,292.649,0,2.571,2180961.905,15.095
25372,1580,11147.022,37346.345,110.057,447.321,0,2.369,1851830.556,11.992
25373,1580,35917.52,30353.284,95.841,255.647,0,2.118,1481064.569,13.986
25374,1581,11114.465,37309.395,44.667,30.663,17.784,2.725,2450145.006,25.418
25375,1582,10958.109,34076.412,9.692,41.807,15.496,2.355,1830219.828,6.302
25376,1582,11123.048,37284.855,130.655,601.021,0,3.136,3245675.452,13.388
25377,1583,11046.604,34093.766,8.041,19.272,17.154,3.82,4816492.355,11.361
25378,1583,11186.664,37376.8,104.599,305.811,0,1.475,717927.866,12.972
25379,1584,11207.858,37365.128,150.51,524.738,0,1.454,697321.116,14.303
25380,1584,27351.27,13485.076,46.374,40.278,12.477,1.627,873926.104,17.896
25381,1585,10966.856,34149.61,114.629,385.675,0,2.877,2732162.806,14.747
25382,1586,10957.59,34083.929,6.609,44.554,13.383,2.178,1566109.905,5.557
25383,1586,11118.566,37356.392,7.775,39.311,16.666,0.56,103612.415,5.761
25384,1587,11131.057,37409.6,111.056,351.452,0,1.764,1026567.148,13.18
25385,1588,11057.048,37395.931,54.065,90.383,14.948,1.631,877806.677,12.947
25386,1590,11006.902,37452.107,57.509,58.747,18.595,2.017,1342006.676,19.167
25387,1592,28368.726,15910.714,79.983,155.471,8.223,2.982,2934310.561,17.4
25388,1592,36434.039,27685.635,101.973,289.159,0,2.966,2903073.877,15.557
25389,1593,28361.591,15881.458,82.762,212.199,0,2.071,1416118.464,13.107
25390,1594,10848.854,33606.808,45.974,33.974,16.757,1.587,831082.786,19.615
25391,1594,28346.196,15869.579,94.819,305.916,0,3.663,4430118.508,14.792
25392,1595,28379.925,15879.625,93.371,279.656,0,1.65,898791.706,12.233
25393,1595,36370.826,27666.042,91.075,241.179,0.862,1.595,839216.929,12.891
25394,1595,37242.015,26639.653,1.883,16.281,15.236,2.536,2122668.136,9.655
25395,1596,28347.422,15907.748,79.592,236.253,0,5.257,9123774.9,16.932
25396,1596,36386.683,27696.034,146.26,526.929,0,1.737,996054.805,14.245
25397,1596,37233.384,26541.378,58.047,115.454,8.42,2.782,2555003.949,13.753
25398,1597,10971.973,37521.751,36.787,51.017,15.05,1.296,554546.592,11.872
25399,1597,28308.22,15883.32,198.272,908.447,0,2.041,1374661.085,15.318
25400,1597,36382.123,27710.254,165.176,651.266,0,2.777,2544624.316,16.629
25401,1597,37206.607,26562.005,10.997,25.855,13.702,4.61,7013459.142,11.07
25402,1598,36367.182,27618.708,70.911,127.138,6.773,1.666,916105.23,14.292
25403,1598,37123.301,26624.013,6.112,20.885,16.17,2.12,1483759.509,8.459
25404,1599,23789.552,28926.522,110.979,344.969,0,3.337,3674584.558,16.215
25405,1599,36267.206,25330.293,159.913,469.652,0,3.073,3116649.784,21.075
25406,1599,37121.552,26638.089,4.524,20.345,12.552,2.068,1411982.064,8.286
25407,1600,36278.453,25311.127,85.013,183.142,0,1.379,627737.525,13.695
25408,1600,37091.557,26709.479,135.111,359.749,0,4.501,6684951.501,25.123
25409,1601,26541.765,13247.102,89.07,207.63,0,1.568,811034.108,13.679
25410,1601,37115.044,26658.021,152.198,582.99,0,1.854,1134035.065,14.243
25411,1602,37100.182,26591.909,145.319,586.329,0,4.51,6711978.805,18.953
25412,1603,10560.673,38551.527,6.055,29.43,18.934,2.691,2389258.167,7.216
25413,1603,10976.015,34183.402,86.678,153.277,11.105,2.045,1380067.917,16.971
25414,1603,28378.474,14932.035,74.635,249.265,9.881,4.046,5403359.943,12.894
25415,1603,28325.819,15770.258,8.505,17.744,18.394,1.369,618845.776,9.224
25416,1603,35620.05,30513.195,96.858,214.896,0,3.096,3162268.726,18.255
25417,1604,11042.035,34479.346,5.121,13.516,23.387,3.598,4272211.981,13.297
25418,1604,23752.263,28886.734,91.443,147.457,9.47,3.358,3720789.344,23.318
25419,1604,35687.349,30571.997,113.882,286.945,0,1.159,442970.114,14.322
25420,1605,10936.039,34483.556,143.838,643.149,0,4.008,5301692.408,16.26
25421,1605,10969.575,34179.883,54.531,76.413,15.582,2.669,2351292.858,16.626
25422,1605,27765.245,15308.206,55.968,57.339,10.317,2.081,1428647.328,19.054
25423,1606,10984.461,34600.118,40.376,36.587,16.739,2.093,1445619.972,17.615
25424,1607,10959.926,34555.849,6.429,34.396,18.873,4.355,6258679.51,7.593
25425,1608,11039.734,34158.281,4.094,32.106,18.078,2.923,2819495.803,6.71
25426,1609,10605.306,38588.714,159.846,684.188,0,1.488,730816.752,13.195
25427,1609,10983.442,34126.547,36.87,36.553,16.375,2.512,2083143.472,17.027
25428,1609,11016.705,34554.246,40.537,49.243,16.137,1.487,729932.028,13.528
25429,1611,10564.071,38559.341,5.899,36.289,19.544,1.57,813854.77,5.945
25430,1612,28353.905,14928.272,57.496,72.188,10.086,0.719,170665.834,14.36
25431,1612,28581.069,15750.974,96.362,139.901,14.926,3.405,3826853.946,26.574
25432,1613,10997.521,34061.382,51.583,29.397,17.124,1.751,1011351.326,25.571
25433,1614,10722.737,38321.782,8.746,31.933,18.577,3.198,3375311.999,7.677
25434,1614,10979.364,34122.353,94.361,312.614,0,1.809,1080385.046,11.775
25435,1615,10240.491,38443.143,49.346,62.396,15.396,3.103,3177356.694,18.078
25436,1615,10985.027,34049.504,94.275,278.208,0,2.083,1431887.319,12.96
25437,1615,36752.586,26233.395,94.772,225.715,0,3.531,4115781.21,18.194
25438,1616,10611.399,36987.112,118.764,328.625,0,1.538,780192.53,14.455
25439,1616,11002.335,34105.843,62.551,140.337,4.218,2.726,2452111.631,13.142
25440,1617,10980.957,34100.601,61.461,118.155,16.957,3.307,3608841.587,15.571
25441,1617,36784.068,27319.845,94.324,224.147,0,2.716,2433555.343,16.159
25442,1618,10399.457,37920.506,2.679,39.217,14.697,3.943,5131844.039,6.272
25443,1618,10975.752,34119.896,122.638,600.622,0,4.762,7484929.355,14.778
25444,1619,10228.959,38460.661,66.962,179.152,8.399,2.488,2042244.96,11.868
25445,1619,10963.519,34080.896,4.096,27.775,19.86,3.156,3287349.105,7.492
25446,1619,28712.28,15504.482,105.903,298.782,3.819,1.48,722434.663,13.334
25447,1620,10214.096,38431.989,52.825,62.14,13.982,1.463,706741.622,15.448
25448,1622,10396.906,37837.094,54.622,75.483,11.928,2.376,1862841.55,16.095
25449,1623,11004.598,34139.681,55.283,65.236,12.217,2.435,1956097.977,18.213
25450,1624,10663.014,38522.158,150.755,816.616,0,2.004,1325565.85,11.685
25451,1624,11025.124,34123.155,46.76,44.449,15.026,1.859,1140779.261,17.599
25452,1624,11067.243,37656.886,98.674,283.087,0,0.893,263470.824,12.151
25453,1624,27491.552,14881.874,112.619,302.159,0,2.324,1782062.027,15.774
25454,1625,10642.425,38483.657,8.804,30.559,28.531,3.944,5133867.791,8.485
25455,1625,35446.656,28645.674,17.463,29.495,13.942,1.709,963492.918,9.444
25456,1626,10712.653,35393.209,101.931,334.33,0,2.739,2475320.982,13.685
25457,1626,10718.75,38552.754,5.227,34.95,20.245,2.248,1667569.26,6.212
25458,1626,10879.324,33518.379,3.341,28.417,22.307,1.581,824528.521,6.504
25459,1626,28752.773,15473.265,82.687,222.362,0,1.422,667724.946,11.959
25460,1627,10802.037,33599.122,1.573,18.578,22.804,1.763,1025634.675,8.212
25461,1628,10711.504,38503.709,6.947,13.777,19.997,1.53,772120.599,10.394
25462,1628,10800.507,33562.74,2.809,10.108,21.282,2.433,1954121.329,13.227
25463,1629,10708.658,35400.842,122.121,484.775,0,2.498,2060194.214,13.139
25464,1630,10668.096,35363.389,26.521,20.169,16.706,2.853,2686933.321,19.457
25465,1631,10661.201,38527.605,104.815,421.886,0,3.105,3181847.4,12.67
25466,1631,10998.849,33994.183,48.098,24.443,19.402,2.457,1992848.676,31.624
25467,1631,28140.258,15584.531,112.729,335.807,0,3.617,4319101.592,17.584
25468,1632,10684.035,38537.803,42.345,33.021,21.934,3.724,4577346.364,26.929
25469,1633,10410.773,37759.754,4.503,24.812,18.336,1.555,797940.298,7.113
25470,1633,10720.187,38530.265,1.094,25.944,21.29,2.813,2611733.127,7.349
25471,1633,28796.331,15411.378,132.43,394.589,0,2.103,1458912.923,15.811
25472,1634,10456.869,37772.376,39.289,42.272,17.291,2.71,2423490.226,17.045
25473,1634,10644.479,38491.926,10.103,15.25,23.116,2.098,1452566.226,11.417
25474,1635,10688.233,38540.177,73.098,182.12,17.27,3.592,4257273.646,14.913
25475,1637,28080.169,15598.436,8.202,23.437,15.266,3.794,4750659.679,9.878
25476,1638,28073.265,15600.306,41.895,39.944,18.158,2.24,1656534.636,17.728
25477,1639,34262.802,28306.4,32.302,36.884,11.313,1.845,1123355.894,13.45
25478,1640,10674.17,33534.681,81.209,147.132,6.959,2.524,2102314.29,17.242
25479,1640,10722.685,36793.615,10.57,30.988,14.38,2.693,2392495.102,7.919
25480,1640,28158.538,15614.179,8.074,29.188,12.277,1.645,892938.156,7.062
25481,1640,36719.354,26795.329,3.662,39.731,10.269,2.3,1745645.694,5.646
25482,1641,28077.911,15596.946,8.596,17.252,16.667,3.132,3236279.019,11.467
25483,1643,10658.928,36772.54,82.187,255.191,0,4.322,6165267.901,14.965
25484,1643,10649.918,38559.32,142.424,629.059,0,2.217,1621685.698,13.069
25485,1644,10615.086,38546.84,146.094,616.85,0,4.44,6508225.084,18.188
25486,1646,10637.621,38454.86,40.925,34.658,18.659,1.408,654047.493,16.639
25487,1646,27593.586,13726.265,29.868,26.831,15.937,2.286,1724284.013,16.272
25488,1647,10637.519,38558.394,5.555,42.062,24.382,3.509,4063806.193,6.093
25489,1647,11282.461,34436.421,4.623,13.998,20.981,1.818,1091021.184,10.123
25490,1648,27434.235,13582.361,130.459,535.779,0,1.686,937694.718,12.29
25491,1649,11141.829,36530.109,81.212,200.962,0,1.899,1190205.412,13.008
25492,1649,36918.021,27579.251,75.327,163.769,0,2.263,1690083.179,14.093
25493,1650,10618.177,38525.048,106.846,409.602,0,3.212,3404108.211,13.42
25494,1650,10879.103,33840.251,1.962,14.3,24.608,4.194,5804522.045,13.149
25495,1650,27383.69,13635.675,24.224,15.211,24.595,2.769,2530377.706,21.691
25496,1650,34266.271,28287.526,72.975,132.808,7.241,1.878,1163771.169,14.758
25497,1651,10589.941,38511.711,86.408,248.017,0,2.931,2840063.549,13.822
25498,1651,22522.925,30223.702,98.52,252.037,0,2.844,2670063.214,16.076
25499,1651,28209.539,14755.578,49.53,68.136,14.609,3.525,4101169.173,18.124
25500,1652,22484.684,30226.245,44.5,80.02,7.384,1.269,531212.497,11.049
25501,1652,36958.99,27599.829,1.006,30.131,13.604,2.977,2925586.462,6.787
25502,1653,28209.35,14742.382,110.2,353.662,0,3.527,4104678.528,16.171
25503,1653,28247.332,15554.408,85.285,147.954,9.998,2.96,2890842.271,19.656
25504,1654,28220.98,15566.185,123.098,378.792,0,0.902,268622.2,13.099
25505,1655,10504.842,37790.205,58.894,61.258,13.81,3.075,3120067.251,23.166
25506,1655,11202.928,35629.583,34.761,33.637,15.537,2.531,2114032.157,16.955
25507,1655,28166.751,15547.339,138.493,507.766,0,3.299,3592228.356,16.686
25508,1656,10456.193,37650.901,73.262,186.68,2.136,3.522,4093562.953,14.566
25509,1656,10692.552,35365.769,145.678,526.6,0,3.32,3637485.369,17.525
25510,1656,22466.426,30239.731,0.968,10.35,13.893,3.106,3184250.8,14.258
25511,1656,28106.469,15552.49,132.79,607.466,0,3.068,3105926.559,13.474
25512,1657,28019.727,15491.282,0.426,4.788,24.762,3.395,3802733.44,27.969
25513,1658,22524.753,30260.306,95.873,306.259,0,1.164,447150.675,11.508
25514,1658,27994.572,15523.509,11.099,26.873,16.543,2.241,1657337.973,8.443
25515,1659,10640.934,35400.338,4.557,17.535,25.964,2.983,2937159.335,10.048
25516,1659,11025.079,37713.173,146.816,532.544,0,2.729,2458464.268,16.165
25517,1659,26959.392,13919.099,9.484,30.527,15.167,1.773,1037979.49,7.214
25518,1659,27956.363,15533.169,57.62,121.124,6.231,1.793,1060495.507,11.864
25519,1659,36990.32,26285.965,79.175,169.017,0,2.683,2375772.375,15.515
25520,1660,11333.04,35741.812,155.017,542.161,0,2.844,2669852.448,17.495
25521,1660,26642.488,13598.983,1.114,17.318,17.763,2.087,1437699.577,8.801
25522,1660,27918.215,15442.345,1.966,20.56,15.112,2.96,2891571.097,8.697
25523,1661,10670.138,38578.867,96.732,351.121,0,2.725,2450204.034,12.381
25524,1661,22428.232,30290.786,90.936,210.198,0,2.847,2674899.128,16.392
25525,1661,27864.872,15415.341,39.83,57.412,16.681,2.811,2608574.453,14.195
25526,1662,10526.045,37716.721,102.345,300.369,0,3.461,3953915.72,16.266
25527,1662,22517.163,30286.421,104.74,243.85,0,2.86,2700253.503,17.937
25528,1662,27599.015,13759.974,2.362,32.887,14.337,2.207,1607577.56,6.156
25529,1662,37011.429,26287.085,84.39,188.211,0,2.319,1775545.046,14.918
25530,1663,11291.518,35780.814,37.469,48.898,14.286,2.832,2646908.795,14.84
25531,1663,37041.812,26311.687,51.215,28.296,14.547,1.971,1282070.371,27.405
25532,1664,10468.628,37766.104,57.005,30.433,16.429,1.762,1024135.201,28.399
25533,1664,10958.617,34646.603,5.2,13.81,20.482,1.29,549064.409,9.762
25534,1664,22584.228,30258.653,53.14,38.795,12.271,2.278,1713002.578,24.408
25535,1664,27943.298,15502.184,48.249,56.963,11.177,2.167,1549942.973,16.259
25536,1664,37004.058,26312.349,96.246,267.151,0,1.597,841598.331,12.928
25537,1665,10493.942,37754.082,35.938,40.749,13.697,1.818,1090704.413,13.983
25538,1665,22535.43,30263.967,82.378,218.674,0,4.092,5530947.289,16.414
25539,1665,30779.856,34801.633,122.413,363.774,0,2.553,2151645.642,16.038
25540,1665,34081.083,28324.12,8.413,30.599,16.408,2.498,2059369.379,7.365
25541,1666,10494.703,37732.584,97.74,283.627,0,4.142,5661898.402,17.397
25542,1666,10647.704,38554.886,136.42,689.08,0,3.297,3587789.447,13.161
25543,1666,10979.35,33497.356,78.479,239.79,0,2.993,2957740.809,12.589
25544,1666,22533.703,30296.838,39.075,30.817,12.434,1.158,442522.145,16.459
25545,1666,27043.117,14161,8.463,38.129,14.465,3.927,5089339.31,7.218
25546,1666,34099.053,28330.67,52.03,68.563,13.583,2.009,1331858.454,15.373
25547,1667,10656.688,38569.891,58.621,134.784,12.587,1.053,365707.579,10.751
25548,1667,11284.476,35679.477,6.631,25.019,16.093,1.938,1239346.41,7.583
25549,1667,34042.743,28365.802,75.738,161.869,5.23,2.953,2876864.261,15.648
25550,1668,10679.162,38583.284,115.92,388.413,0,2.167,1549416.03,13.645
25551,1668,11309.267,35728.96,86.414,234.969,1.414,2.964,2899393.069,14.4
25552,1668,33958.747,28335.207,65.854,62.883,11.517,1.805,1075007.279,20.839
25553,1669,11287.205,35693.677,103.298,317.914,0,3.264,3516185.863,15.406
25554,1669,22719.576,30160.413,0.896,29.89,12.55,1.788,1055578.394,6.274
25555,1669,34062.133,28349.333,149.901,517.307,0,1.729,986154.693,14.816
25556,1670,10656.498,38572.032,76.365,128.277,9.939,2.435,1957066.732,17.253
25557,1670,22640.303,30237.395,3.5,32.876,11.429,3.006,2981998.751,6.596
25558,1670,27518.66,13682.241,6.219,48.981,15.755,5.665,10592561.709,6.556
25559,1670,28153.109,15711.023,29.361,36.039,13.194,2.023,1350832.253,12.756
25560,1670,34029.151,28372.393,58.777,46.216,11.022,2.969,2908282.616,28.267
25561,1671,11017.032,33694.281,66.738,93.813,12.432,1.299,556702.064,15.305
25562,1671,27474.343,13749.915,51.689,66.202,19.833,0.963,306089.865,13.82
25563,1672,27439.567,13671.957,137.607,667.068,0,2.33,1791001.863,12.228
25564,1672,33960.71,28299.752,98.643,250.861,0,1.348,600233.679,13.443
25565,1673,28043.918,15225.143,128.832,396.05,0,1.816,1088587.601,14.695
25566,1674,10768.585,35539.581,97.583,303.11,0,2.047,1383428.53,12.761
25567,1676,33761.185,28234.554,5.63,15.901,13.963,0.885,258413.953,8.845
25568,1677,33823.706,28203.307,99.985,258.339,0,2.574,2187001.326,15.532
25569,1680,32380.908,26428.479,112.791,402.802,0,2.273,1705043.047,13.055
25570,1681,10642.235,35435.672,3.817,22.802,18.039,2.457,1992267.969,7.923
25571,1681,32397.413,26411.602,96.341,278.027,0,1.911,1206148.194,13.056
25572,1681,35429.908,28430.888,56.837,111.824,9.987,4.48,6623086.863,17.014
25573,1682,35487.05,28455.501,99.957,331.32,0,4.186,5783773.685,16.052
25574,1683,28388.055,15174.901,35.398,36.63,12.947,1.309,565388.952,13.825
25575,1683,32345.739,26430.549,55.974,64.555,12.482,2.331,1792735.389,18.322
25576,1683,35409.17,28460.307,90.038,201.421,0,3.073,3116176.996,17.218
25577,1684,28158.965,15506.372,50.395,59.589,10.484,2.966,2902260.579,18.81
25578,1684,32402.389,26411.62,121.257,302.516,2.362,1.224,494368.563,14.994
25579,1685,32359.96,26424.719,107.199,471.552,0.761,2.738,2473927.954,11.66
25580,1686,10678.148,35363.526,140.288,610.559,0,2.317,1771689.809,13.217
25581,1686,32356.359,26429.27,77.227,226.117,5.668,2.588,2211072.633,12.269
25582,1686,35513.5,28375.495,44.439,48.871,17.742,3.331,3661696.861,19.655
25583,1687,10626.012,35383.596,177.521,773.892,0,3.233,3448903.307,17.373
25584,1687,24226.05,29025.562,114.346,347.728,0,3.402,3819186.224,16.972
25585,1687,27016.31,13891.105,54.938,58.952,13.166,1.562,805520.187,16.867
25586,1687,35467.586,28467.252,82.388,224.479,0,1.084,388420.066,11.559
25587,1688,27017.922,13955.275,102.425,342.932,0,2.655,2326843.285,13.407
25588,1688,32403.22,26406.079,10.171,18.628,15.077,2.196,1591448.486,10.209
25589,1689,10561.407,37434.469,8.971,25.684,17.217,2.375,1862093.993,8.229
25590,1689,27016.764,13853.373,122.984,376.785,0,3.136,3245153.096,17.102
25591,1689,32364.862,26438.223,112.47,479.265,0,3.802,4769841.384,13.806
25592,1689,35446.964,28454.498,93.988,283.587,0,1.928,1226756.299,12.559
25593,1690,32357.687,26435.434,98.924,351.889,0,1.836,1112159.664,11.62
25594,1691,10983.108,34213.067,148.587,673.484,0,3.732,4596209.259,15.903
25595,1691,27062.562,13897.18,105.979,338.261,0,2.963,2898619.69,14.691
25596,1691,32356.369,26390.104,77.125,102.563,9.557,3.024,3018659.835,22.683
25597,1691,35397.619,28366.568,115.86,348.206,0,2.852,2684140.678,16
25598,1692,26695.868,13127.76,122.535,348.626,0,4.906,7945766.542,23.297
25599,1692,32306.377,26440.461,83.898,189.096,11.921,1.26,523576.174,13.111
25600,1693,32321.888,26400.327,4.086,23.173,16.16,3.089,3148548.541,8.37
25601,1694,10717.479,35360.393,5.186,14.067,20.529,2.762,2517970.326,11.5
25602,1694,28879.777,15680.234,8.609,34.994,13.871,2.183,1572797.624,6.693
25603,1695,10637.43,35439.531,3.787,9.401,20.941,2.522,2099773.192,14.321
25604,1695,35468.696,28400.837,56.792,62.577,13.222,1.971,1282307.437,17.965
25605,1696,10982.642,33309.233,106.522,280.217,0,2.297,1740759.4,15.379
25606,1696,28821.368,15542.32,98.244,290.337,0,1.346,597768.639,12.329
25607,1696,35359.012,28450.269,55.146,66.33,13.318,2.738,2473583.106,18.847
25608,1697,10973.91,33275.23,109.581,297.819,0,2.089,1440080.04,14.91
25609,1697,11060.043,36465.771,132.878,485.38,0.702,3.118,3208758.215,15.86
25610,1697,26682.031,13212,71.505,109.946,10.584,2.595,2222223.301,18.061
25611,1698,11087.135,36454.389,160.018,647.4,0,2.569,2177179.612,15.54
25612,1698,32400.268,26482.47,6.523,14.893,13.59,1.729,986208.048,10.043
25613,1698,37008.888,26365.155,85.755,216.498,0,2.358,1834968.759,13.966
25614,1699,11083.336,36481.207,95.807,118.191,14.475,3.392,3797382.547,30.153
25615,1699,32337.723,26456.324,83.523,233.628,13.372,0.517,88348.623,11.161
25616,1700,32351.302,26462.45,42.616,35.429,21.847,3.156,3286849.002,23.178
25617,1700,35410.549,28363.724,49.999,35.763,14.318,3.183,3342781.631,28.767
25618,1701,10691.785,35351.487,121.793,486.71,0,4.386,6350207.357,16.449
25619,1701,10929.784,33324.744,87.913,219.036,0,4.197,5812082.534,18.294
25620,1701,32321.052,26439.353,4.359,40.615,20.431,2.675,2362014.998,5.759
25621,1701,35397.327,28409.664,67.237,177.074,6.361,1.399,645747.675,10.894
25622,1702,10688.497,35340.022,116.987,392.583,0,3.815,4803267.619,16.957
25623,1702,10959.321,34402.186,5.488,20.438,22.164,3.276,3542289.149,9.546
25624,1702,32341.734,26443.955,91.98,451.319,0,1.205,479007.478,8.988
25625,1703,10804.326,36662.694,28.642,79.061,27.214,1.975,1287833.747,7.844
25626,1703,11030.468,34395.468,38.866,52.596,15.807,2.818,2621541.984,14.677
25627,1703,26950.334,14010.526,122.779,437.793,0,3.809,4787521.13,16.756
25628,1703,32331.306,26424.263,41.594,43.2,25.481,2.872,2721952.777,18.425
25629,1704,10707.555,35370.405,25.508,30.172,17.045,2.185,1576000.828,12.839
25630,1704,11011.175,34394.341,128.283,488.164,0,1.52,762526.196,12.529
25631,1704,26749.464,13634.033,85.89,301.186,0,3.192,3362294.477,12.394
25632,1704,32347.959,26412.253,81.451,245.548,11.214,2.675,2361919.354,12.536
25633,1705,10721.617,35357.445,6.738,30.588,22.322,2.637,2295406.993,7.131
25634,1705,10965.002,33335.408,169.301,622.879,0,2.494,2053343.302,17.026
25635,1705,32358.219,26449.956,53.738,161.825,17.565,2.464,2003049.225,9.831
25636,1706,10960.857,33359.787,4.698,43.392,13.205,2.654,2325389.688,5.568
25637,1706,32335.653,26424.012,39.163,28.465,17.224,2.15,1526005.63,20.413
25638,1707,10943.573,33329.745,108.116,304.312,0,2.015,1339695.336,14.336
25639,1707,27920.6,15443.807,2.839,20.387,18.938,3.876,4958100.224,9.77
25640,1708,10988.63,33327.664,90.139,218.989,0,1.872,1157015.375,13.896
25641,1708,32360.393,26439.381,107.195,380.501,0,0.966,308183.334,11.368
25642,1708,35431.853,28394.014,61.149,91.388,11.968,1.528,770668.75,14.518
25643,1709,11039.707,33280.318,2.479,28.937,16.109,4.754,7457587.617,8.273
25644,1709,32370.834,26444.725,113.736,317.38,0,3.422,3864822.547,18.075
25645,1709,35360.248,28398.084,5.897,34.913,11.768,2.047,1382398.729,6.224
25646,1710,10963.635,33318.981,6.162,13.223,20.338,2.279,1714265.159,11.473
25647,1710,11014.206,34420.577,133.849,580.423,0,2.971,2913764.865,13.885
25648,1710,32325.557,26473.715,8.067,19.868,24.984,3.096,3163369.789,10.19
25649,1710,35468.963,28448.324,88.718,212.804,0,1.95,1255802.68,14.006
25650,1711,10961.023,33362.966,8.583,24.302,18.713,3.558,4178221.649,9.493
25651,1711,32406.732,26423.715,143.345,800.686,0,1.861,1142608.985,11.014
25652,1711,35550.985,28486.587,78.091,185.707,4.754,4.405,6403202.749,17.942
25653,1711,37176.265,26250.578,128.89,330.525,0,2.345,1814281.175,17.78
25654,1712,10958.978,33304.86,40.866,28.835,15.017,2.438,1961919.333,22.472
25655,1712,32373.885,26444.716,116.809,623.815,0,3.913,5052224.172,12.208
25656,1712,35519.252,28440.597,4.097,25.276,22.659,4.593,6961337.871,9.205
25657,1713,10958.296,33319.153,40.109,52.54,13.775,5.127,8673946.567,21.01
25658,1713,32352.058,26405.052,52.37,65.633,16.636,3.784,4726077.162,20.941
25659,1714,32358.496,26443.754,104.661,390.257,0,2.534,2118809.609,12.5
25660,1714,37108.319,26140.033,51.86,68.385,11.077,1.844,1122643.557,15.007
25661,1715,10610.869,38534.596,74.61,206.38,0,4.459,6563291.87,15.559
25662,1715,10963.169,33318.395,104.891,407.64,0,1.834,1109784.284,11.396
25663,1715,32395.353,26435.033,135.497,560.932,0,2.162,1542970.599,13.124
25664,1715,36961.598,26086.313,7.757,38.249,16.203,2.463,2002544.042,6.331
25665,1716,10966.766,33320.689,34.585,29.062,21.045,2.655,2326117.24,19.096
25666,1716,11039.268,34360.022,2.656,25.586,19.177,4.71,7319714.065,9.035
25667,1716,32352.669,26435.507,122.069,416.664,0,2.529,2109952.093,14.544
25668,1716,36959.416,26080.594,4.458,17.418,14.822,1.93,1229200.027,8.96
25669,1717,10939.27,34431.458,96.089,324.87,0,2.77,2532556.889,12.981
25670,1717,10962.023,33278.766,148.858,738.194,0,2.849,2679372.42,13.4
25671,1717,32352.445,26453.694,58.969,105.143,17.21,3.878,4963026.466,17.353
25672,1717,36921.273,26045.227,49.627,48.346,10.241,1.374,623006.632,16.581
25673,1718,10961.96,33363.903,5.857,29.196,16.589,3.19,3357443.322,7.533
25674,1718,10990.124,34414.858,117.518,475.205,0,2.642,2304339.272,12.887
25675,1718,32343.899,26480.905,34.174,20.221,13.346,2.417,1927469.243,23.539
25676,1718,36877.27,26034.343,3.528,13.471,13.648,2.381,1870633.17,10.919
25677,1719,10939.901,33309.641,129.411,537.405,0,5.478,9905523.435,19.106
25678,1719,10962.031,34458.585,7.348,26.587,17.447,3.634,4357523.077,8.676
25679,1719,28206.528,14999.541,105.543,336.33,0,3.127,3226509.927,14.978
25680,1719,32372.504,26474.456,117.451,412.726,0,0.974,313330.704,11.976
25681,1719,36831.557,26077.691,99.62,255.264,0,3.819,4815154.869,18.577
25682,1720,10611.076,38512.496,107.619,353.657,0,1.945,1249310.47,12.902
25683,1720,28210.197,15093.545,52.974,77.209,10.768,1.589,832752.691,13.833
25684,1721,10363.734,38008.811,85.213,124.499,11.646,1.37,619838.559,17.167
25685,1721,10954.711,33337.195,46.671,60.177,14.471,1.811,1081843.017,14.41
25686,1721,11311.446,35651.917,48.493,70.707,11.022,0.691,157703.729,12.327
25687,1721,36905.923,26041.061,90.083,207.933,0,2.662,2339106.888,15.891
25688,1722,10981.268,33288.162,141.868,775.049,0,5.466,9859729.87,16.386
25689,1722,36971.77,26054.472,101.89,307.66,0,2.797,2581393.473,14.566
25690,1723,11089.145,34419.003,88.591,242.944,11.974,3.737,4607674.027,16.073
25691,1724,10366.587,37970.135,69.919,177.187,1.37,1.89,1179405.467,11.829
25692,1724,10953.375,33319.255,55.536,98.337,22.529,3.056,3082184.477,15.052
25693,1724,27363.331,13405.173,35.681,49.16,10.329,2.068,1411088.193,12.743
25694,1724,35430.723,27757.698,43.388,58.762,9.642,1.215,487007.425,12.725
25695,1724,37002.355,26019.098,99.52,236.731,0,2.269,1700052.926,15.696
25696,1725,10327.921,38039.583,6.318,16.367,14.44,1.635,882156.548,9.369
25697,1725,10957.293,33283.334,5.473,41.826,17.947,4.542,6809471.239,6.595
25698,1725,11098.656,34433.891,83.754,140.783,13.035,2.466,2007543.791,18.353
25699,1725,36959.765,25995.915,3.108,36.264,14.662,2.775,2541384.929,6.083
25700,1726,10960.392,33320.37,3.101,35.27,24.692,3.53,4113290.86,6.538
25701,1726,11116.772,34413.038,8.384,29.302,23.638,3.956,5165357.638,8.634
25702,1727,10615.88,38520.822,100.362,295.211,0,2.949,2870535.653,14.977
25703,1727,10968.437,33289.085,117.943,510.265,5.076,4.616,7033142.781,15.537
25704,1727,10992.299,34387.702,120.616,585.954,2.073,5.716,10782226.309,16.336
25705,1727,36959.189,25836.859,2.856,37.049,16.358,2.211,1613849.453,5.785
25706,1728,10640.139,38480.207,2.533,16.861,18.817,2.12,1483091.162,9.071
25707,1728,10977.223,33246.296,150.567,598.392,0,2.122,1485561.855,14.282
25708,1728,11039.843,34403.765,6.248,22.579,29.207,2.096,1449476.356,8.083
25709,1728,36978.042,25803.8,114.649,276.475,0,2.899,2774005.786,18.71
25710,1729,10630.352,38539.565,150.626,819.434,0,3.365,3737421.499,13.464
25711,1729,11011.535,33251.988,107.631,462.024,0,2.107,1465119.953,11.171
25712,1729,28230.393,14888.976,150.685,557.584,0,3.169,3314598.277,17.269
25713,1729,35440.518,29360.364,0.997,23.374,14.044,1.917,1213064.626,7.266
25714,1729,36958.289,25787.924,64.221,83.456,15.564,3.104,3179823.888,20.738
25715,1730,11000.969,33288.8,111.31,358.431,7.83,1.533,775850.206,12.768
25716,1730,28319.199,14831.992,95.051,195.607,5.335,2.334,1798073.847,16.953
25717,1730,37039.289,25841.347,6.048,26.824,16.639,2.397,1895605.384,7.45
25718,1731,11034.84,33238.462,33.491,62.721,23.623,2.085,1434683.132,10.363
25719,1731,37025.533,25857.265,92.941,252.132,0,2.643,2307240.175,14.492
25720,1732,11007.505,33232.966,62.787,91.366,14.088,2.289,1728422.272,16.578
25721,1732,28350.215,14861.879,120.187,365.165,0,3.524,4097754.924,17.897
25722,1732,32233.153,26473.922,130.624,465.732,0,1.634,881350.569,13.285
25723,1732,35534.979,29428.209,60.727,99.831,9.052,2.164,1545479.011,14.768
25724,1733,9908.862,39449.741,110.412,368.532,0,2.359,1837427.408,13.586
25725,1733,11003.531,33241.523,140.471,681.053,0,4.561,6865420.031,16.086
25726,1733,10961.616,38015.955,86.153,153.643,7.152,1.79,1057699.232,16.215
25727,1733,27923.336,15408.121,164.504,605.175,0,1.863,1145838.411,15.315
25728,1733,36963.086,26001.446,5.414,23.253,12.439,3.946,5137666.038,9.378
25729,1734,9913.63,39430.327,37.351,55.995,13.541,2.339,1805780.991,12.695
25730,1735,10943.752,38028.487,110.092,322.553,0,3.74,4616527.003,17.811
25731,1735,11018.364,33253.286,79.744,274.496,0,3.272,3533557.446,12.096
25732,1735,34373.931,28707.896,114.898,286.584,0,3.614,4309386.931,20.412
25733,1735,37030.855,26017.025,150.371,480.974,0,3.63,4347581.847,20.609
25734,1736,10964.022,37985.615,109.877,391.579,0,4.816,7653346.077,17.586
25735,1736,11068.798,33276.059,109.657,335.756,0,2.316,1770009.033,14.223
25736,1736,11072.957,34236.08,45.13,51.109,16.878,2.486,2038786.878,16.971
25737,1736,32257.795,26430.942,96.348,274.047,0,0.398,52313.735,11.799
25738,1736,34396.692,28786.883,6.711,17.553,13.311,2.656,2327169.27,10.127
25739,1736,37087.086,26044.29,49.243,48.489,12.597,2.32,1775757.459,19.037
25740,1737,10986.303,33179.241,124.937,494.428,0,4.077,5486630.881,16.24
25741,1737,10963.33,38000.892,5.988,21.017,18.44,2.745,2487073.129,8.941
25742,1737,37040.127,26039.951,49.059,74.438,9.209,3.034,3038222.06,15.635
25743,1738,10961.486,34315.794,6.467,25.257,20.137,2.029,1358265.244,7.566
25744,1738,32376.778,26364.189,126.304,510.436,0,2.341,1808205.767,13.027
25745,1738,37070.993,25975.003,46.064,64.766,14.029,1.291,549617.861,12.864
25746,1739,10719.685,35279.486,0.925,33.342,22.155,4.072,5471213.856,6.96
25747,1739,10964.199,33160.786,38.287,30.808,20.489,1.024,345775.469,15.881
25748,1739,32413.092,26305.707,67.552,98.128,8.586,1.992,1310121.801,16.558
25749,1739,37104.725,26004.823,112.905,347.504,0,2.233,1646129.606,14.283
25750,1740,10963.957,38006.531,9.108,30.927,19.87,3.811,4791887.593,8.388
25751,1740,29025.273,15618.589,89.986,221.28,0.177,2.354,1828678.071,14.611
25752,1740,32371.655,26336.652,62.577,91.631,7.931,1.464,707404.422,14.753
25753,1740,37062.408,26015.398,100.629,320.792,0,2.757,2509317.421,13.866
25754,1741,10954.053,38013.892,8.51,18.217,21,1.379,627968.204,9.099
25755,1741,10992.877,33195.958,60.437,80.904,17.815,2.263,1690154.711,17.094
25756,1741,29044.308,15703.255,91.809,282.248,0,2.05,1387375.493,12.41
25757,1741,32326.478,26330.787,7.695,22.372,15.198,1.441,685200.78,7.99
25758,1741,37177.155,26034.196,123.649,423.704,0,2.35,1822752.968,14.301
25759,1742,10430.905,37880.56,109.958,415.793,0,3.294,3580168.001,13.939
25760,1742,10972.617,33225.157,102.166,380.601,0,3.581,4232623.778,13.884
25761,1742,29045.206,15746.266,71.928,197.875,5.617,1.413,658468.055,11.002
25762,1742,32419.627,26393.829,138.912,502.171,0,1.704,958618.769,13.748
25763,1743,32391.741,26307.606,148.255,658.691,0,2.041,1374311.925,13.084
25764,1743,37198.612,26067.215,45.887,66.18,11.188,2.742,2480350.121,15.033
25765,1744,10934.503,34395.936,86.684,273.288,2.488,1.446,690145.756,11.236
25766,1744,29119.583,15682.939,4.686,30.737,16.645,1.919,1215045.835,6.481
25767,1744,32459.17,26304.759,77.486,181.512,6.266,2.916,2806569.819,14.819
25768,1745,10402.136,37844.03,7.008,49.296,18.694,3.071,3113194.77,5.56
25769,1745,10923.84,38037.687,101.939,315.788,0,1.661,910518.896,12.595
25770,1745,11004.946,34376.634,155.212,868.827,0,4.233,5914358.026,14.92
25771,1745,33116.861,27503.224,90.48,179.665,3.499,1.445,688939.156,14.944
25772,1746,10977.124,34367.486,50.158,68.825,22.3,3.375,3758978.039,17.887
25773,1747,10704.809,35283.207,77.559,72.33,13.335,2.991,2952714.661,29.929
25774,1747,26569.001,12940.951,41.005,35.863,14.043,2.155,1533159.054,18.358
25775,1747,37228.089,26231.047,113.23,283.275,0,2.368,1850939.302,16.686
25776,1748,10803.409,33921.634,5.245,22.484,16.782,3.162,3299890.848,8.793
25777,1749,10928.294,33176.654,103.206,343.502,0,1.49,733082.34,11.984
25778,1749,35865.878,29102.853,111.002,268.768,0,3.279,3548338.672,19.344
25779,1750,37246.85,26245.327,40.845,35.664,10.616,3.082,3133697.63,21.544
25780,1751,9890.034,39405.515,103.545,283.105,0,3.184,3345690.246,16.619
25781,1751,10757.862,35378.386,87.89,270.19,0,2.474,2019287.827,12.66
25782,1751,28061.226,15430.725,45.276,49.02,11.027,2.165,1546778.53,16.685
25783,1751,37236.58,26295.856,63.219,72.941,6.894,3.25,3484707.148,23.064
25784,1752,10869.746,33919.315,10.483,36.125,17.422,1.759,1020655.301,6.759
25785,1753,10887.128,32990.637,82.855,208.007,3.391,1.1,399582.966,12.126
25786,1753,10993.243,34420.709,120.991,664.265,0,2.97,2911535.269,11.143
25787,1754,11037.197,34371.625,152.627,645.977,0,2.293,1735271.692,14.13
25788,1755,10373.433,37877.27,93.575,290.518,0,2.434,1954451.716,12.996
25789,1755,10843.797,33151.2,96.271,287.507,0,2.044,1379094.946,12.966
25790,1755,10956.19,34461.538,149.53,739.191,0,3.088,3146944.047,13.853
25791,1755,28401.142,15119.235,2.695,20.249,15.293,1.607,851953.824,7.795
25792,1756,10843.116,33122.088,65.41,85.706,10.397,2.725,2450876.458,19.575
25793,1756,33141.836,27429.817,76.259,192.621,3.755,2.426,1942849.947,13.148
25794,1757,10856.093,33144.674,101.027,395.517,0,2.768,2529354.567,12.161
25795,1757,10930.473,34429.831,126.58,450.411,0,2.298,1743118.163,14.072
25796,1758,10647.529,35347.289,52.522,34.381,24.609,2.027,1356335.839,24.891
25797,1758,28399.262,15285.058,8.402,34.503,18.164,1.928,1226181.95,6.604
25798,1759,10909.257,33121.53,121.044,418.426,0,2.724,2449481.856,14.706
25799,1759,28149.929,15405.858,103.773,342.284,0,4.149,5683260.898,16.471
25800,1760,10601.216,37182.196,93.209,262.794,0,1.495,737277.487,12.474
25801,1760,10870.772,33132.64,62.867,88.089,16.469,1.41,655785.946,15.076
25802,1760,33226.788,27450.601,95.405,292.559,0,4.765,7494663.572,17.737
25803,1761,10735.871,35327.661,78.472,115.88,11.428,2.381,1870215.524,19.013
25804,1761,10855.953,33151.984,84.354,141.09,9.968,2.798,2583283.052,19.522
25805,1761,10962.818,34002.395,4.542,30.34,16.006,3.622,4330421.804,7.432
25806,1761,33183.062,27476.833,73.529,161.955,3.084,3.641,4375873.316,16.498
25807,1761,34630.714,29397.77,52.081,79.625,13.567,2.849,2678355.283,15.653
25808,1762,10695.805,35338.305,97.226,361.1,0,2.512,2082194.96,11.967
25809,1762,10840.332,33144.959,57.749,64.453,13.466,1.555,798397.765,16.867
25810,1762,28057.573,15237.753,29.387,32.508,14.734,1.285,544843.719,12.519
25811,1762,34635.748,29424.513,117.419,423.005,0,2.177,1564429.582,13.158
25812,1762,35698.336,29285.819,97.307,230.92,0,2.102,1459504.233,15.164
25813,1762,37029.459,26427.188,146.646,534.689,0,3.939,5123013.388,19.116
25814,1763,10694.883,35334.514,110.234,353.744,0,2.053,1391142.443,13.43
25815,1764,10951.937,33228.859,36.054,17.57,24.88,1.983,1297711.121,25.289
25816,1764,10972.73,34360.318,80.502,121.216,14.129,2.02,1346930.639,17.976
25817,1764,11197.007,36411.395,5.244,21.565,15.661,2.856,2691131.776,8.753
25818,1764,37177.381,26474.652,82.267,151.011,4.777,1.916,1212118.341,15.78
25819,1765,23820.844,28915.101,103.923,265.739,6.312,2.159,1538282.841,15.151
25820,1765,26610.741,13453.757,50.966,50.431,11.898,2.667,2348008.627,20.528
25821,1766,10894.407,33206.094,137.193,499.191,0,2.744,2485285.476,15.452
25822,1766,23781.871,28869.409,68.993,145.894,5.511,0.996,327548.882,12.077
25823,1766,27882.552,15300.375,143.637,458.167,0,5.141,8721323.246,24.85
25824,1767,10882.46,33163.987,109.023,465.692,0,2.896,2768587.575,12.205
25825,1767,23799.975,28868.075,82.797,218.457,4.397,4.89,7889991.159,18.326
25826,1767,27831.979,15363.296,8.97,25.145,18.325,3.922,5077152.852,9.76
25827,1767,37190.26,26591.733,42.696,40.702,11.755,1.2,475070.936,15.376
25828,1768,10889.748,33232.404,147.321,889.506,0,5.878,11401627.881,16.282
25829,1768,11068.263,34395.761,119.402,482.335,0,1.664,914044.167,11.791
25830,1768,27916.618,15356.649,6.986,41.846,22.003,2.004,1325377.619,5.752
25831,1768,33119.952,27271.182,9.098,34.563,14.853,2.321,1777299.356,6.897
25832,1768,37161.647,26641.192,2.455,18.033,17.648,3.796,4754683.376,10.532
25833,1769,10895.665,33093.391,175.058,906.99,0,3.322,3642401.802,15.369
25834,1769,11068.887,34432.164,107.352,460.898,10.95,1.576,820122.715,10.683
25835,1769,23782.357,28912.635,98.594,313.813,0,3.913,5054216.734,15.837
25836,1769,27893.263,15391.639,91.189,328.077,1.498,3.264,3514834.634,12.742
25837,1770,11078.057,34402.249,173.274,931.258,0,0.964,306800.344,11.674
25838,1770,23709.429,28881.064,86.126,228.089,0,5.583,10285137.663,20.507
25839,1770,27863.077,15352.821,114.181,360.734,0,2.485,2037311.834,14.594
25840,1770,37119.876,26563.878,6.451,22.223,16.885,3.244,3473292.999,9.191
25841,1771,11037.757,34382.414,146.315,741.906,0,2.131,1499820.824,12.093
25842,1771,27833.917,15360.035,6.99,10.107,17.711,3.664,4429350.512,17.688
25843,1771,37143.612,26571.825,79.104,129.928,9.701,2.713,2428579,18.71
25844,1772,11018.049,34391.4,123.019,722.75,0,4,5281133.688,11.926
25845,1772,23721.712,28878.125,139.789,491.657,0,1.34,592193.273,13.503
25846,1772,27920.029,15359.878,0.09,40.348,16.175,2.317,1771797.388,5.458
25847,1773,10894.17,33118.345,7.982,11.27,19.304,3.173,3322983.144,15.447
25848,1773,11008.869,34412.704,67.549,54.831,24.618,3.196,3371102.745,31.698
25849,1773,23762.521,28880.859,6.712,28.143,18.132,2.659,2332924.275,7.51
25850,1774,11015.029,34398.36,105.729,651.133,0,2.827,2637952.703,9.449
25851,1774,23778.467,28931.02,71.855,157.83,4.942,2.115,1476625.913,13.399
25852,1775,10860.402,33104.297,107.385,322.244,0,1.877,1162438.448,13.512
25853,1775,10971.453,34381.625,170.983,1033.816,0,1.653,901193.89,11.418
25854,1776,10970.256,34416.212,163.133,1095.374,0,3.188,3353828.605,12.061
25855,1776,23724.826,28914.408,115.307,333.104,0,2.645,2308925.285,15.929
25856,1776,33014.483,27189.33,100.854,312.779,0,3.803,4772508.508,16.173
25857,1777,23667.648,28887.712,128.963,429.813,0,3.269,3526804.341,16.944
25858,1777,33000.853,27223.217,56.008,71.581,12.332,4.207,5840734.338,22.951
25859,1778,10736.161,35289.027,81.498,104.971,12.108,2.992,2954767.547,24.007
25860,1778,11068.357,34414.225,91.698,370.554,4.074,4.443,6513708.468,13.419
25861,1778,32994.167,27158.147,126.843,392.046,0,2.792,2572680.902,16.526
25862,1779,10923.74,33329.878,104.486,376.751,0,3.469,3971441.541,14.232
25863,1779,10940.586,34415.524,97.555,320.517,10.462,1.246,512675.895,11.501
25864,1779,23758.96,28994.875,93.117,284.295,3.034,1.146,433115.398,11.606
25865,1779,32966.656,27081.499,152.989,578.067,0,2.038,1370763.447,14.734
25866,1781,10959.003,34396.48,5.393,39.098,20.836,2.287,1726821.145,5.861
25867,1781,21865.066,29993.017,102.897,334.775,0,2.422,1936460.83,13.331
25868,1781,32972.569,27090.294,104.024,297.416,0,1.554,797240.036,13.201
25869,1782,10874.615,32999.431,43.927,50.082,19.713,2.209,1610760.935,15.997
25870,1782,10908.038,34392.301,133.847,708.953,0,3.626,4339587.915,13.047
25871,1782,21726.226,29959.734,104.034,272.584,0,2.205,1605209.698,15.016
25872,1782,28411.491,15902.908,95.353,241.667,0,2.823,2631160.098,15.798
25873,1783,10623.014,37272.316,132.338,512.537,0,4.119,5600068.544,17.316
25874,1783,10958.447,34396.349,6.869,53.705,24.942,3.729,4589397.414,5.476
25875,1783,11187.697,36396.021,38.954,25.214,16.601,0.743,182190.501,17.45
25876,1783,33004.148,27222.115,53.345,79.27,8.416,1.111,407123.279,13.089
25877,1784,10687.742,35322.888,109.434,577.953,0,4.437,6498284.383,12.433
25878,1784,10927.669,34408.447,116.815,522.765,0,2.27,1700085.41,11.591
25879,1784,21755.001,30043.466,147.985,583.939,0,3.038,3046462.926,15.99
25880,1784,21767.692,30181.158,156.147,651.192,0,2.027,1356154.958,14.01
25881,1785,10990.604,34403.328,96.057,454.604,0,4.284,6056349.88,12.129
25882,1785,23791.487,28901.926,104.727,309.829,0,3.425,3872277.707,16.349
25883,1786,10955.736,34399.295,8.175,37.412,21.1,2.712,2426448.559,6.593
25884,1786,28388.378,15929.835,105.775,321.54,0,2.663,2340124.443,14.597
25885,1787,10705.047,35332.895,111.601,422.852,0,4.449,6533366.177,16.202
25886,1787,10924.797,34452.542,98.612,323.136,0,2.887,2750605.053,13.653
25887,1787,11195.81,36513.457,45.606,50.637,18.042,2.476,2023426.105,17.27
25888,1788,10687.041,35303.233,98.829,307.841,0,3.969,5198897.608,16.239
25889,1789,11218.237,36487.96,53.976,83.543,10.405,2.467,2008304.545,15.015
25890,1790,11177.717,36479.847,117.526,388.919,0,3.707,4534144.471,16.944
25891,1790,33068.98,27274.283,118.265,368.397,0,2.968,2907610.112,16.074
25892,1790,37167.519,26613.577,95.729,223.269,0,1.607,851836.79,14.285
25893,1791,11196.381,36479.685,114.648,377.286,0,2.55,2146684.994,14.361
25894,1791,33042.918,27358.421,2.456,21.269,14.604,3.381,3771661.852,8.935
25895,1791,37121.404,26566.051,5.371,32.081,14.634,1.846,1124667.051,6.38
25896,1792,11303.651,34551.9,156.428,629.45,0,3.437,3899171.67,17.324
25897,1792,33562.532,27265.17,44.372,56.794,11.582,1.492,734315.311,13.631
25898,1794,10555.664,37200.024,8.24,22.074,18.524,1.892,1181919.125,8.455
25899,1794,10938.925,34028.749,51.452,61.116,15.518,2.127,1493386.339,16.63
25900,1794,23999.679,28796.072,5.354,33.285,12.907,3.672,4449534.526,7.136
25901,1795,28499.156,15967.585,99.972,247.268,0,3.465,3962021.668,18.181
25902,1795,33028.654,27213.796,9.38,17.302,16.407,3.299,3592647.085,11.997
25903,1796,11040.62,34321.697,4.869,9.189,29.521,2.803,2592710.444,15.59
25904,1796,11300.089,34572.324,121.497,477.506,0,2.387,1879632.515,13.016
25905,1796,32975.6,27252.458,86.667,244.197,0,2.354,1828757.83,13.096
25906,1796,36366.354,26461.227,106.21,248.386,0,2.057,1396787.382,16.036
25907,1796,36903.143,26501.357,94.909,231.426,0,2.144,1517712.202,14.764
25908,1797,10967.65,34315.631,7.364,19.471,38.17,3.433,3890473.464,10.543
25909,1798,32992.187,27324.785,126.977,462.735,0,3.59,4252808.578,16.4
25910,1799,11053.166,34276.684,131.513,661.492,0,3.083,3137586.349,12.583
25911,1799,32924.442,27314.255,122.94,362.203,0,0.749,185008.063,13.26
25912,1800,26677.802,12981.408,112.79,346.34,0,1.825,1099123.379,13.627
25913,1800,36310.732,26524.221,59.49,105.241,5.054,1.49,732572.966,12.933
25914,1801,11073.367,34264.655,174.22,844.206,0,1.661,910950.285,13.117
25915,1801,26686.414,12932.11,107.443,450.868,0,3.403,3822410.24,12.935
25916,1801,32962.071,27276.201,7.683,24.308,15.518,0.915,276054.559,7.422
25917,1802,10555.415,37247.934,37.9,72.801,18.754,3.733,4597929.425,12.715
25918,1802,26716.906,12956.095,9.686,37.504,20.149,5.774,11003837.704,8.948
25919,1802,33016.459,27262.17,75.497,114.299,10.921,3.345,3693581.612,21.365
25920,1803,10552.647,37293.973,88.956,289.944,12.404,3.55,4159337.488,13.886
25921,1803,33052.533,27291.847,34.965,50.012,13.076,2.689,2386939.382,13.305
25922,1804,11119.028,34237.07,1.957,18.071,33.995,3.311,3618776.178,9.872
25923,1804,26720.286,13046.72,137.296,575.487,0,2.162,1542770.243,13.127
25924,1804,33040.939,27318.969,66.963,78.436,13.865,1.142,430021.185,16.701
25925,1805,10722.541,35445.815,10.819,36.095,28.471,3.191,3361293.775,7.571
25926,1805,11063.184,33546.731,151.99,610.803,0,2.382,1872132.996,14.734
25927,1805,11050.197,34200.169,58.181,169.938,22.485,5.576,10262522.938,14.349
25928,1805,26724.212,13079.293,33.046,23.33,18.013,0.561,103852.723,15.496
25929,1805,33018.249,27324.425,124.823,385.885,0,3.178,3333424.394,17.271
25930,1806,10999.962,33544.671,62.584,60.052,15.951,2.454,1987642.748,22.79
25931,1806,11024.138,34166.728,9.896,15.004,22.032,3.279,3547674.923,13.502
25932,1807,26737.476,13018.783,93.049,233.252,0,2.19,1582939.164,14.42
25933,1807,32999.533,27303.357,102.2,267.072,0,2.251,1672502.991,14.969
25934,1808,10987.955,34221.743,126.258,513.82,0,3.1,3171714.441,14.176
25935,1808,26782.893,12940.982,77.73,130.329,4.389,2.628,2280032.65,17.993
25936,1808,33006.574,27276.528,2.622,15.165,19.463,2.398,1897760.182,10.014
25937,1809,10659.925,35176.436,156.714,616.302,0,3.231,3444981.719,17.135
25938,1809,10878.981,34318.313,1.451,22.083,18.318,3.253,3492877.052,8.521
25939,1810,10687.082,35220.659,103.95,329.102,0,3.602,4282727.583,15.845
25940,1810,10956.999,34325.856,11.148,40.579,23.318,3.931,5099798.233,7.551
25941,1810,32900.11,27263.229,97.418,208.431,2.891,1.679,930564.778,15.323
25942,1811,10950.223,34343.946,105.579,371.193,0,1.495,737946.199,11.767
25943,1811,32880.222,27281.056,2.868,43.26,16.23,1.932,1231983.555,5.238
25944,1812,11042.474,34243.755,2.951,27.435,21.763,2.008,1331226.245,6.778
25945,1812,11138.107,36435.596,93.576,318.761,0,3.981,5229478.954,14.646
25946,1813,10903.052,38195.198,147.422,665.745,0,3.734,4601259.816,15.861
25947,1813,11033.682,34240.405,8.934,29.065,30.902,3.239,3461161.099,8.235
25948,1813,23122.376,29263.231,61.174,81.734,10.021,1.498,740221.235,15.459
25949,1814,9895.323,39433.877,152.013,559.354,0,2.866,2710858.887,16.704
25950,1814,11076.007,34262.002,178.568,1353.496,0,3.161,3297592.982,11.769
25951,1814,11120.039,36499.776,43.535,27.112,21.026,2.347,1817388.486,24.98
25952,1814,28428.76,15949.531,52.868,74.267,7.873,1.128,420253.099,13.466
25953,1815,10892.871,38122.199,109.931,372.345,0,2.752,2499488.145,14.068
25954,1815,11043.999,34084.306,8.546,24.543,22.74,4.667,7188346.65,10.639
25955,1815,11064.029,34324.579,34.953,27.324,23.924,1.464,707544.312,16.556
25956,1815,23214.836,29182.274,94.156,236.67,0,0.39,50230.004,12.42
25957,1816,11000.57,34351.413,49.395,40.071,21.73,4.11,5575257.832,30.525
25958,1816,23176.635,29188.382,95.227,270.211,0,2.873,2725496.885,14.698
25959,1817,10044.027,39439.142,113.354,399.99,0,3.984,5240001.539,16.319
25960,1817,11039.589,34240.726,1.959,33.853,28.007,3.793,4746977.015,6.774
25961,1817,22272.313,30285.402,96.406,266.925,0,2.004,1325451.824,13.531
25962,1817,23227.36,29100.796,97.008,258.218,0,2.777,2547411.377,15.346
25963,1818,9926.635,39390.261,45.546,50.327,19.787,3.235,3453724.379,19.542
25964,1820,11018.675,36811.769,104.684,324.24,0,2.469,2011335.274,13.982
25965,1820,23159.013,29169.53,105.511,274.06,0,3.261,3510382.146,17.67
25966,1820,28600.312,15855.949,116.887,320.962,0,1.949,1253227.869,15.123
25967,1821,11040.489,36800.69,3.615,51.055,15.811,3.181,3338970.235,5.129
25968,1821,28511.226,15957.107,86.992,220.403,0,1.35,601819.997,12.614
25969,1822,10989.561,36784.999,94.871,294.765,0,4.293,6083172.267,16.474
25970,1823,10981.674,34347.773,39.405,55.949,22.157,1.488,730739.232,12.229
25971,1823,11001.524,36786.787,48.939,57.387,12.087,2.304,1751207.915,16.789
25972,1824,23017.224,29280.812,77.633,162.825,2.811,1.138,427154.364,12.982
25973,1825,10639.867,38554.274,5.44,32.193,18.004,3.149,3272752.766,6.992
25974,1825,10961.06,34325.512,5.174,24.553,23.728,0.599,118247.262,6.927
25975,1825,22986.653,29300.319,57.495,69.571,11.246,2.248,1667782.162,17.757
25976,1826,10642.678,38555.813,8.866,47.801,17.206,2.506,2072318.68,5.753
25977,1826,26814.067,12982.217,88.61,165.707,8.866,2.333,1795676.281,17.306
25978,1828,22363.673,30326.364,122.385,433.808,0,3.449,3925018.749,16.006
25979,1828,26727.576,13108.325,66.946,68.171,11.627,2.935,2842942.489,24.938
25980,1829,11003.366,34286.048,65.464,85.647,19.85,2.182,1570915.247,17.938
25981,1829,22320.02,30322.393,4.765,28.063,18.898,2.772,2535137.039,7.285
25982,1829,26806.501,13025.871,41.144,47.169,13.023,2.062,1403114.034,15.152
25983,1830,26755.559,13114.417,126.341,352.643,0,3.471,3976603.21,19.635
25984,1830,27202.464,14441.734,43.322,37.289,14.977,2.229,1639370.137,19.288
25985,1831,22328.27,30342.534,174.798,643.606,0,2.785,2558831.354,18.167
25986,1831,27201.53,14477.687,3.67,26.929,20.684,2.342,1810857.103,7.085
25987,1831,35623.873,27737.239,126.288,369.784,0,1.9,1191315.269,15.121
25988,1832,10975.857,33490.643,131.92,597.311,0,2.84,2662749.833,13.159
25989,1832,10980.491,34315.218,79.198,175.766,15.726,3.239,3461512.842,16.298
25990,1832,27194.922,14414.879,106.329,323.543,0,2.467,2008307.108,14.278
25991,1832,33255.614,27256.211,107.376,254.173,0,3.46,3951058.263,19.76
25992,1833,10940.129,33507.492,43.793,47.457,23.631,3.684,4479282.447,20.864
25993,1833,10957.289,34319.76,4.381,24.764,29.37,3.158,3290356.013,8.11
25994,1834,10969.324,33539.434,44.23,46.283,19.418,3.86,4917526.664,22.184
25995,1834,11032.907,34310.839,146.42,945.597,0,3.64,4373636.361,12.091
25996,1835,10967.153,34319.109,131.769,614.433,0,6.801,15263924.782,20.419
25997,1835,26913.641,13173.746,65.398,49.727,13.542,2.456,1991132.762,27.925
25998,1835,27594.319,14039.771,37.968,35.351,19.454,3.208,3395528.145,20.225
25999,1836,22403.412,30287.07,4.164,9.474,18.362,2.211,1613814.574,13.614
26000,1836,23154.314,29233.658,99.366,302.866,0,3.377,3763864.804,15.34
26001,1836,27245.909,14474.625,76.819,119.539,10.32,3.001,2972180.612,20.007
26002,1836,27626.262,14048.283,113.312,413.653,0,4.4,6391078.357,16.762
26003,1836,33168.954,27419.001,90.268,215.009,0,0.639,134900.608,12.637
26004,1837,10964.707,34312.657,38.806,80.279,15.416,2.503,2066920.582,10.715
26005,1837,26870.362,13119.145,9.769,18.185,25.468,3.435,3894243.076,11.936
26006,1838,10994.089,34257.843,36.95,48.429,23.241,3.519,4086246.149,16.174
26007,1838,11206.354,36696.35,28.639,33.383,13.122,2.756,2506522.048,14.4
26008,1838,22321.521,30315.685,118.708,333.747,0.566,2.951,2873389.716,17.288
26009,1838,26817.113,13143.976,51.327,89.077,11.61,5.135,8703316.408,19.198
26010,1839,10975.499,34248.638,107.645,337.798,10.398,2.207,1606960.267,13.667
26011,1839,21442.881,30323.955,37.855,22.076,20.717,1.541,783964.424,20.788
26012,1839,22358.428,30332.283,45.675,47.496,21.461,3.333,3665690.714,20.834
26013,1839,27241.901,14416.721,100.606,322.151,0,2.927,2827057.014,14.112
26014,1839,33041.799,27316.958,3.363,16.749,15.011,3.648,4391392.861,11.044
26015,1840,11018.643,34217.655,193.868,1286.82,0,2.185,1575657.657,12.202
26016,1840,22377.937,30288.751,125.215,442.492,0,3.057,3083779.713,15.468
26017,1840,27248.76,14584.391,70.398,138.212,4.834,3.152,3278470.446,16.321
26018,1840,32996.337,27268.208,39.25,44.599,13.785,1.943,1245993.978,14.696
26019,1841,10950.799,34249.94,121.693,564.737,0,6.121,12368806.665,17.857
26020,1841,27581.287,14103.539,165.994,715.608,0,2.461,1998286.818,15.038
26021,1841,33003.084,27233.315,81.088,200.657,0,3.771,4692342.629,16.42
26022,1842,10957.944,34245.835,3.159,20.099,24.941,3.319,3634559.853,9.304
26023,1842,22558.232,30170.485,6.6,28.878,14.279,2.36,1837532.802,7.199
26024,1843,11018.869,34291.661,64.177,113.086,21.683,3.152,3277909,16.663
26025,1844,10007.633,39193.591,43.904,46.599,16.271,2.227,1636407.704,16.819
26026,1844,10435.548,38209.943,131.107,540.341,0,4.121,5605286.111,16.4
26027,1844,21471.878,30228.21,119.319,311.127,0,3.836,4856794.417,20.975
26028,1845,10402.833,38227.96,18.534,17.877,19.237,2.865,2707990.265,15.579
26029,1845,11012.371,34301.264,160.472,1149.626,0,3.006,2982886.956,11.231
26030,1845,33029.298,27271.219,93.555,227.233,0,1.175,455794.912,13.205
26031,1846,11010.235,34275.553,133.722,850.238,0,2.828,2640242.01,10.648
26032,1846,33109.715,27352.821,6.03,20.585,18.067,3.003,2976696.554,9.328
26033,1847,11010.973,34282.7,116.225,558.149,0,1.801,1070221.208,10.645
26034,1847,27595.296,13878.886,111.495,323.732,0,2.741,2479256.874,15.736
26035,1848,11040.648,33443.094,6.145,25.532,15.775,2.383,1874189.136,7.681
26036,1848,10960.793,34243.378,5.588,36.251,15.376,2.875,2726948.833,6.385
26037,1848,27504.433,14571.626,77.239,133.364,11.354,2.098,1452744.922,16.229
26038,1848,33033.221,27342.462,42.431,35.247,13.281,2.069,1413200.466,19.033
26039,1849,29042.527,15770.497,6.781,43.381,9.444,2.426,1942242.965,5.738
26040,1849,32955.31,27358.296,2.635,15.304,14.161,2.125,1489658.43,9.644
26041,1850,11021.292,33522.676,37.561,21.666,20.521,2.072,1417362.728,23.243
26042,1850,10968.463,34247.621,123.051,449.27,0,2.543,2134018.285,14.009
26043,1850,33040.645,27337.469,23.839,20.123,15.217,1.956,1262369.445,15.237
26044,1851,33099.818,27384.546,88.897,194.995,0,1.902,1193889.73,14.731
26045,1852,10945.065,34239.9,113.398,407.311,0,4.391,6365246.462,16.963
26046,1853,11063.613,33909.557,97.036,420.594,0,3.937,5114047.826,12.539
26047,1853,33089.226,27356.384,116.731,312.964,0,2.269,1699656.048,16.018
26048,1854,10399.649,38316.245,7.285,33.162,17.141,2.892,2760775.821,7.021
26049,1854,33017.052,27354.395,112.371,312.873,0,1.861,1143255.005,14.491
26050,1855,35387.172,28687.29,87.838,233.683,0,2.728,2458214.54,14.333
26051,1856,10872.779,38338.907,135.433,457.217,0,2.605,2239124.214,15.822
26052,1857,10452.664,38235.928,138.56,499.932,0,4.658,7161643.069,20.39
26053,1857,28790.563,16026.46,37.929,30.119,13.073,2.017,1342446.719,18.496
26054,1858,10444.127,38218.672,124.656,476.646,0,3.597,4270165.656,15.641
26055,1859,27059.184,12928.025,97.488,262.47,0,1.17,451610.045,12.742
26056,1860,27058.289,12939.773,86.975,191.978,2.302,2.125,1490276.65,14.906
26057,1861,11036.384,34156.673,8.01,33.11,17.167,2.711,2425834.122,7.063
26058,1861,23292.972,29476.468,101.656,275.557,0,4.598,6976798.011,20.097
26059,1861,27041.701,12929.298,58.542,54.206,10.527,2.995,2959411.505,24.897
26060,1862,11259.226,36680.316,116.13,369.403,0,4.149,5682350.548,18.389
26061,1863,11029.298,33927.43,44.648,42.204,18.311,3.23,3442320.895,21.777
26062,1863,11281.723,36721.383,8.067,23.155,17.477,2.326,1785767.77,8.505
26063,1864,10755.779,35234.009,94.939,250.688,0,4.258,5983427.983,18.627
26064,1864,11003.443,33946.834,165.909,876.472,0,2.886,2748559.259,13.845
26065,1865,11041.156,33998.535,6.046,19.186,21.758,2.504,2069609.056,9.25
26066,1865,33048.691,27352.791,79.483,161.685,5.625,2.31,1760632.497,15.27
26067,1866,10984.638,34106.68,54.474,48.894,17.14,1.803,1072452.126,19.549
26068,1866,33012.381,27376.921,87.394,204.93,0,3.694,4507195.975,17.81
26069,1867,10930.075,34127.781,116.008,459.776,0,2.102,1458909.913,12.226
26070,1868,10923.061,34116.381,113.603,439.326,0,2.772,2536572.139,13.184
26071,1869,33040.378,27279.059,1.865,27.535,12.299,2.075,1420669.86,6.725
26072,1870,27705.348,4308.147,121.666,308.794,0,2.805,2597201.644,18.509
26073,1872,10337.254,38249.245,42.904,50.567,15.993,3.477,3989646.746,18.72
26074,1872,11220.409,36498.081,59.613,82.292,13.591,2.199,1596084.454,16.462
26075,1873,10955.351,34124.908,55.02,97.687,9.369,1.667,917204.503,12.651
26076,1873,11229.922,36518.862,68.82,131.273,6.308,2.349,1820570.453,14.726
26077,1874,10752.14,35258.9,77.116,111.872,13.389,2.921,2816621.859,20.859
26078,1874,11219.66,36534.675,59.383,76.188,13.311,2.744,2484675.3,18.803
26079,1874,33125.543,27325.86,29.239,17.859,14.246,1.304,560943.55,17.7
26080,1875,10687.518,35293.082,42.913,70.255,11.862,2.1,1455719.962,12.397
26081,1875,11036.371,34080.476,9.434,28.747,23.465,2.636,2293006.922,7.968
26082,1875,11196.698,36546.681,106.006,208.787,8.126,1.65,898207.553,16.855
26083,1876,33249.418,26567.778,56.54,93.365,6.579,2.084,1433208.088,14.039
26084,1877,11016.52,34091.503,0.558,10.063,22.389,3.932,5102979.885,16.603
26085,1877,11172.712,36459.557,48.697,52.33,12.832,3.221,3424632.317,20.669
26086,1877,33087.898,27318.008,73.077,168.446,1.109,2.735,2467760.866,14.13
26087,1878,11214.763,36496.014,56.308,98.475,13.456,2.248,1667992.864,13.785
26088,1879,11198.898,36477.809,4.673,51.417,20.139,4.045,5399767.251,5.473
26089,1880,23193.422,29206.109,108.194,265.111,0,2.638,2296446.181,17.098
26090,1880,33214.469,26605.392,82.132,135.962,7.64,0.618,126094.401,14.562
